#--------------------------------------------------------------
     0    0.463    0.656 1100.566 
     1   -0.525    0.683  254.835 
     2    0.400    0.681  197.903 
     3    0.636    0.669  153.131 
     4    0.801    0.589   96.625 
     5    0.681    0.540   73.466 
     6    1.821    0.425  135.055 
     7    1.323    0.426  112.414 
     8    0.482    0.433  139.731 
     9    0.203    0.437  130.409 
    10    0.797    0.423  134.934 
    11    0.364    0.450  116.641 
    12    0.991    0.515  131.420 
    13    0.159    0.577  120.132 
    14    0.837    0.618  168.807 
    15    0.723    0.571  125.414 
    16    0.471    0.527  104.592 
    17    0.946    0.528   72.093 
    18    0.424    0.516   77.642 
    19    0.824    0.482  109.443 
    20    1.167    0.448  112.661 
    21    0.188    0.420   93.814 
    22    0.275    0.404  118.633 
    23   -0.239    0.393  123.785 
    24   -1.043    0.394  106.148 
    25   -1.407    0.430   91.779 
    26   -0.782    0.408  101.219 
    27   -1.408    0.421   98.443 
    28   -1.068    0.419   92.414 
    29   -1.134    0.423   85.816 
    30   -0.533    0.439   80.102 
    31   -0.990    0.416  116.120 
    32    0.822    0.415  102.947 
    33    0.849    0.393   96.427 
    34    0.949    0.372  106.948 
    35    0.671    0.373  104.750 
    36   -0.108    0.378  114.539 
    37   -0.267    0.385   84.526 
    38    0.181    0.415   73.624 
    39   -0.072    0.434   80.898 
    40   -1.027    0.436   94.720 
    41   -1.091    0.432  102.883 
    42   -0.615    0.455   61.320 
    43   -0.790    0.473   87.799 
    44   -0.452    0.481   65.409 
    45   -1.059    0.471   97.771 
    46   -0.773    0.472   88.429 
    47   -0.089    0.449   72.254 
    48   -0.269    0.423   87.870 
    49    0.768    0.399  105.516 
    50   -0.110    0.400   98.479 
    51    0.322    0.374  128.864 
    52   -0.805    0.380  105.836 
    53    0.401    0.383  136.900 
    54   -0.323    0.378  138.745 
    55   -0.839    0.381   91.160 
    56   -1.085    0.365   99.597 
    57   -1.236    0.392   97.444 
    58   -1.177    0.366  109.520 
    59   -1.459    0.370   95.739 
    60   -1.594    0.382  104.727 
    61   -0.834    0.376   86.802 
    62   -0.483    0.367  108.757 
    63    0.342    0.382  105.186 
    64    0.535    0.371  131.914 
    65    1.045    0.363  126.032 
    66    1.837    0.372  129.332 
    67    1.078    0.396  121.033 
    68    1.064    0.373  139.561 
    69    0.942    0.364  124.474 
    70    0.859    0.373  122.872 
    71   -0.054    0.386   89.937 
    72    0.070    0.367  138.265 
    73   -0.904    0.380  101.566 
    74   -0.396    0.382  113.490 
    75    0.141    0.381  127.801 
    76   -0.006    0.374  138.239 
    77   -0.473    0.375  115.564 
    78   -0.246    0.384  104.837 
    79    0.117    0.390   98.231 
    80    0.899    0.398  107.622 
    81    1.156    0.397   81.123 
    82    1.454    0.395  106.579 
    83    1.533    0.408   74.895 
    84    0.855    0.397   79.958 
    85    0.595    0.372  114.233 
    86    0.260    0.381   91.007 
    87   -0.121    0.378  116.428 
    88   -0.976    0.391  104.964 
    89   -0.274    0.390   97.331 
    90   -0.036    0.413   88.424 
    91   -1.003    0.393  103.685 
    92   -0.847    0.379  121.663 
    93   -0.406    0.385  104.504 
    94    0.110    0.384   96.900 
    95    0.158    0.371  113.982 
    96    0.045    0.383  117.771 
    97    0.724    0.383  131.299 
    98    1.229    0.387  111.104 
    99    1.089    0.376  125.525 
   100    1.145    0.376  105.713 
   101    0.069    0.379   98.757 
   102   -0.087    0.390   99.397 
   103   -0.574    0.380  114.932 
   104   -0.439    0.373  101.385 
   105    0.023    0.376  116.736 
   106   -0.442    0.385   95.139 
   107   -0.485    0.387  125.069 
   108   -0.442    0.371  124.923 
   109   -0.455    0.357  164.618 
   110    0.231    0.378  118.787 
   111    0.215    0.364  111.336 
   112    0.255    0.376  124.823 
   113   -0.008    0.378  116.873 
   114    0.446    0.370  116.091 
   115    0.399    0.377  129.762 
   116    0.155    0.377  106.953 
   117    0.125    0.379  119.241 
   118    0.299    0.386  104.111 
   119   -0.028    0.369  141.248 
   120   -1.741    0.359  146.806 
   121   -1.745    0.377  107.431 
   122   -1.889    0.361  132.093 
   123   -2.033    0.369  122.343 
   124   -1.555    0.372   93.950 
   125   -1.611    0.383  111.585 
   126   -0.577    0.383  109.985 
   127    0.117    0.376  117.879 
   128    1.221    0.367   98.541 
   129    1.468    0.378  123.695 
   130    2.250    0.381  101.797 
   131    1.894    0.378  124.357 
   132    1.938    0.379  117.936 
   133    0.838    0.382   94.623 
   134    0.560    0.376  114.633 
   135   -0.240    0.381  110.567 
   136   -0.174    0.386  101.298 
   137   -0.101    0.373  100.274 
   138   -0.337    0.384   92.121 
   139   -0.394    0.379  100.245 
   140   -0.069    0.376   90.868 
   141   -0.290    0.377  107.750 
   142    0.331    0.383  104.237 
   143    0.080    0.370  113.180 
   144    0.028    0.374  142.380 
   145    0.684    0.382  104.485 
   146    1.044    0.377  122.893 
   147    0.597    0.369  140.028 
   148    0.440    0.364  128.706 
   149   -0.148    0.366  110.400 
   150    0.606    0.383  115.600 
   151   -0.427    0.374  151.875 
   152   -1.099    0.372  113.110 
   153   -1.126    0.371  123.487 
   154   -1.961    0.380  119.038 
   155   -1.695    0.364  149.584 
   156   -1.198    0.367  127.582 
   157   -1.004    0.367  136.891 
   158   -0.683    0.378  139.438 
   159   -0.282    0.376  123.025 
   160    0.282    0.382  144.003 
   161    0.159    0.380  127.657 
   162    0.861    0.365  168.888 
   163    0.774    0.393  137.760 
   164    0.299    0.384  105.673 
   165    0.469    0.389  101.135 
   166    0.183    0.372  117.472 
   167   -0.637    0.392  102.837 
   168   -0.166    0.375  112.128 
   169   -0.302    0.379   97.212 
   170   -0.155    0.368  124.664 
   171   -0.119    0.370  114.085 
   172   -0.883    0.374  122.183 
   173   -0.737    0.373  110.717 
   174   -0.250    0.388  106.989 
   175   -0.118    0.385  101.470 
   176    0.109    0.379  102.432 
   177   -0.010    0.374  113.018 
   178    0.287    0.373  134.523 
   179    0.249    0.376  130.574 
   180    0.932    0.371  102.641 
   181   -0.278    0.377   90.851 
   182    0.367    0.390   94.537 
   183    0.021    0.383   97.013 
   184   -1.093    0.372   93.196 
   185   -0.774    0.371  119.549 
   186   -0.875    0.375  113.831 
   187   -1.344    0.369  119.176 
   188   -0.796    0.366  137.953 
   189   -0.517    0.368  121.267 
   190   -0.493    0.381  114.866 
   191    0.104    0.372  115.654 
   192    1.048    0.388  116.188 
   193    0.656    0.372  106.933 
   194    1.838    0.388   88.660 
   195    1.260    0.381  103.455 
   196    1.729    0.381  107.212 
   197    0.684    0.366  124.339 
   198    0.839    0.359  100.178 
   199    0.782    0.369  124.544 
   200   -1.207    0.392   83.752 
   201   -0.749    0.373  109.347 
   202   -0.100    0.369  117.447 
   203   -0.657    0.382  102.679 
   204   -0.513    0.370  121.333 
   205   -0.139    0.362  121.530 
   206   -0.106    0.377  124.367 
   207    0.078    0.377  107.899 
   208    0.100    0.374  118.882 
   209    0.565    0.379  105.999 
   210    0.200    0.372  101.447 
   211    1.117    0.383  104.287 
   212    0.798    0.374  123.211 
   213   -0.167    0.386   97.525 
   214    0.876    0.372  119.410 
   215   -0.224    0.380   98.503 
   216   -0.541    0.383  118.943 
   217   -1.609    0.366  150.256 
   218   -0.316    0.359  134.230 
   219   -1.595    0.398  107.268 
   220   -0.739    0.369  145.382 
   221   -0.337    0.372  129.208 
   222   -0.845    0.375  126.142 
   223    0.344    0.396  116.809 
   224    1.214    0.375  128.564 
   225    0.614    0.375  127.781 
   226    1.265    0.386  123.256 
   227    1.321    0.375  130.428 
   228    0.487    0.368  130.691 
   229    0.461    0.396  121.460 
   230   -0.075    0.383  134.278 
   231   -0.689    0.386  135.932 
   232   -0.217    0.390  120.908 
   233   -0.059    0.376  122.687 
   234   -0.759    0.374  125.627 
   235   -0.862    0.382  126.464 
   236   -0.865    0.372  135.021 
   237   -0.609    0.370  163.932 
   238   -0.063    0.379  126.386 
   239    0.223    0.377  151.589 
   240    0.362    0.390  127.204 
   241    0.218    0.386  144.608 
   242    0.883    0.381  144.293 
   243    0.333    0.378  149.181 
   244    0.965    0.376  135.595 
   245    0.008    0.362  148.137 
   246   -0.490    0.390  134.532 
   247   -0.154    0.382  130.069 
   248   -2.384    0.373  118.609 
   249   -1.703    0.380  114.291 
   250   -2.316    0.381   98.076 
   251   -1.889    0.382   97.841 
   252   -1.631    0.375  103.954 
   253   -1.127    0.377   92.402 
   254   -0.116    0.381  113.044 
   255    0.657    0.369  113.236 
   256    2.081    0.368  128.799 
   257    1.651    0.370  115.543 
   258    2.229    0.372  113.922 
   259    2.589    0.367  126.931 
   260    1.463    0.379  113.615 
   261    2.005    0.381  104.516 
   262    1.674    0.380  119.972 
   263    0.593    0.399  121.705 
   264    0.332    0.375  108.875 
   265    0.123    0.377  132.546 
   266   -0.177    0.380  113.993 
   267   -0.060    0.388  111.661 
   268   -0.165    0.372  118.947 
   269   -0.315    0.371  138.941 
   270    0.685    0.373  121.708 
   271    0.839    0.375  132.606 
   272    0.665    0.368  124.903 
   273    0.244    0.383  109.846 
   274    0.886    0.390  107.185 
   275    1.048    0.394  123.179 
   276    1.080    0.380  114.871 
   277    0.903    0.376  125.235 
   278    1.133    0.385  108.563 
   279   -0.075    0.379  138.671 
   280   -0.949    0.375  121.665 
   281   -1.221    0.377  129.251 
   282   -1.304    0.368  125.950 
   283   -1.357    0.372  116.665 
   284   -0.469    0.376  104.176 
   285   -1.010    0.366  119.548 
   286   -0.834    0.375  114.018 
   287   -0.629    0.370   95.917 
   288    0.389    0.386   69.386 
   289   -0.079    0.378   94.340 
   290    0.826    0.374   91.602 
   291    0.710    0.367   90.235 
   292    0.381    0.355   98.067 
   293    0.209    0.364   85.444 
   294   -0.582    0.367   92.660 
   295   -0.351    0.376  101.155 
   296    0.134    0.363  110.456 
   297   -0.643    0.369  114.943 
   298   -0.395    0.378  109.881 
   299   -0.789    0.372  109.340 
   300   -1.040    0.379  119.786 
   301   -1.097    0.378  112.973 
   302   -0.132    0.382  101.884 
   303   -0.479    0.370  116.747 
   304   -0.501    0.368  119.535 
   305    0.506    0.368  140.333 
   306    1.019    0.380  137.984 
   307    1.085    0.373  115.868 
   308   -0.160    0.373  121.258 
   309   -0.506    0.395  128.056 
   310   -0.219    0.377  119.867 
   311   -0.641    0.374  152.989 
   312   -1.315    0.363  138.733 
   313   -1.332    0.375  132.020 
   314   -0.873    0.376  136.891 
   315   -1.771    0.380  124.755 
   316   -1.807    0.393  143.057 
   317   -1.126    0.385  135.545 
   318   -0.243    0.370  144.192 
   319    0.568    0.372  154.122 
   320    1.198    0.386  120.793 
   321    0.433    0.381  143.400 
   322    1.249    0.381  114.344 
   323    1.862    0.372  134.204 
   324    1.227    0.375  112.236 
   325    1.055    0.387  117.517 
   326    0.396    0.388  110.033 
   327    0.842    0.374  121.460 
   328    0.663    0.377  118.965 
   329   -0.049    0.375  134.307 
   330    0.357    0.375   98.073 
   331    0.381    0.376  114.738 
   332    0.089    0.381  123.725 
   333   -0.023    0.373  118.422 
   334    0.499    0.383  121.247 
   335    0.831    0.374  108.216 
   336   -0.233    0.384  100.500 
   337    0.537    0.381   97.737 
   338    1.305    0.375  107.792 
   339    0.398    0.389  119.339 
   340    0.180    0.379  112.629 
   341    0.699    0.385  110.411 
   342   -0.049    0.384  118.170 
   343    0.423    0.377  115.373 
   344   -0.677    0.389  121.387 
   345   -1.514    0.375  120.706 
   346   -0.871    0.386  110.846 
   347   -1.578    0.378  119.557 
   348   -0.790    0.379   94.734 
   349   -0.353    0.377  108.118 
   350   -0.033    0.395  106.551 
   351    0.063    0.450  213.792 
   352    0.483    0.479  230.425 
   353    0.917    0.470  203.529 
   354    1.102    0.447  270.359 
   355    0.598    0.460  244.844 
   356    0.894    0.464  220.146 
   357    0.763    0.456  213.096 
   358    0.314    0.472  207.410 
   359    0.814    0.466  236.905 
   360   -0.655    0.483  213.975 
   361   -0.858    0.469  230.311 
   362   -0.884    0.486  213.830 
   363    0.205    0.473  246.430 
   364   -1.204    0.488  244.919 
   365   -0.624    0.482  236.742 
   366   -0.281    0.471  246.400 
   367   -0.429    0.473  258.461 
   368    0.654    0.493  235.663 
   369   -0.400    0.508  214.051 
   370    0.248    0.496  192.550 
   371   -0.181    0.502  192.519 
   372    0.310    0.488  240.755 
   373   -0.397    0.510  238.258 
   374   -0.704    0.491  202.804 
   375   -1.252    0.502  200.624 
   376   -1.086    0.478  237.841 
   377   -1.340    0.497  230.077 
   378   -1.945    0.498  222.642 
   379   -2.899    0.501  375.307 
   380   -2.053    0.500  232.187 
   381   -1.149    0.495  222.220 
   382    0.447    0.491  223.781 
   383    0.790    0.497  221.315 
   384    1.512    0.532  204.085 
   385    0.652    0.501  240.962 
   386    1.879    0.499  268.858 
   387    1.462    0.499  251.774 
   388    1.725    0.508  228.843 
   389    1.652    0.505  226.186 
   390    0.942    0.488  250.822 
   391   -0.178    0.487  276.161 
   392   -0.471    0.513  216.914 
   393   -0.219    0.504  234.731 
   394   -0.052    0.513  226.463 
   395   -0.712    0.513  216.432 
   396   -0.474    0.486  277.727 
   397   -0.072    0.512  233.558 
   398    0.920    0.495  288.648 
   399   -1.020    0.498  272.436 
   400    0.103    0.524  251.144 
   401    1.018    0.511  229.138 
   402    1.267    0.500  273.278 
   403    1.380    0.504  247.484 
   404    0.034    0.520  205.199 
   405   -0.007    0.501  220.550 
   406   -0.165    0.499  239.168 
   407   -0.762    0.498  251.724 
   408   -0.928    0.516  241.636 
   409   -1.783    0.518  242.243 
   410   -1.525    0.503  241.938 
   411   -1.206    0.517  242.769 
   412   -1.075    0.513  232.025 
   413   -0.824    0.513  218.882 
   414   -0.828    0.534  207.448 
   415   -0.896    0.521  232.659 
   416   -0.144    0.512  218.554 
   417    0.215    0.524  199.846 
   418    1.046    0.505  251.205 
   419    0.619    0.513  251.470 
   420   -0.008    0.522  192.782 
   421    0.251    0.502  195.137 
   422    0.331    0.503  207.599 
   423   -0.053    0.506  204.672 
   424   -0.626    0.516  205.535 
   425   -0.745    0.502  194.849 
   426   -1.030    0.510  196.798 
   427   -0.845    0.511  249.389 
   428   -1.196    0.513  211.833 
   429   -0.359    0.527  213.773 
   430   -0.429    0.504  229.598 
   431   -0.288    0.518  212.220 
   432   -0.347    0.520  231.734 
   433    0.171    0.525  230.092 
   434    0.511    0.529  207.438 
   435    0.473    0.529  223.217 
   436   -0.034    0.534  203.629 
   437   -0.334    0.524  290.567 
   438   -0.055    0.519  196.002 
   439   -1.105    0.514  224.192 
   440   -0.627    0.537  216.050 
   441   -2.255    0.528  198.742 
   442   -1.606    0.519  252.245 
   443   -2.052    0.505  254.397 
   444   -1.152    0.529  174.660 
   445   -0.066    0.517  204.719 
   446   -0.862    0.516  191.274 
   447   -0.092    0.505  190.179 
   448    0.719    0.520  218.616 
   449    0.818    0.517  219.913 
   450    1.461    0.532  180.357 
   451    1.270    0.522  221.461 
   452    0.659    0.525  218.111 
   453    0.576    0.529  211.728 
   454    0.212    0.519  249.756 
   455    1.025    0.522  234.646 
   456   -0.189    0.528  214.133 
   457   -0.887    0.528  189.904 
   458   -0.173    0.530  214.163 
   459   -0.460    0.532  237.379 
   460   -0.594    0.530  186.715 
   461   -0.493    0.531  207.489 
   462    0.288    0.543  194.202 
   463   -0.355    0.553  142.186 
   464    1.025    0.543  165.760 
   465    0.822    0.536  185.853 
   466    0.349    0.520  196.898 
   467    0.632    0.531  201.748 
   468    0.140    0.525  204.851 
   469    0.247    0.526  175.992 
   470    0.395    0.524  214.935 
   471    0.254    0.521  232.343 
   472   -0.681    0.534  195.199 
   473   -1.418    0.532  214.481 
   474   -1.150    0.525  226.953 
   475   -1.311    0.523  225.896 
   476   -0.600    0.538  179.019 
   477   -1.009    0.542  209.548 
   478   -0.932    0.553  209.296 
   479   -0.089    0.538  223.996 
   480   -0.020    0.549  189.499 
   481   -0.172    0.543  215.289 
   482    0.161    0.546  200.210 
   483    0.366    0.534  235.063 
   484    0.649    0.528  232.502 
   485    0.042    0.535  275.996 
   486   -0.536    0.536  216.264 
   487    0.059    0.535  191.334 
   488   -0.869    0.519  230.464 
   489   -0.782    0.529  218.871 
   490   -0.602    0.532  174.733 
   491    0.012    0.532  192.019 
   492   -0.218    0.529  193.530 
   493   -1.584    0.546  140.108 
   494   -1.130    0.537  191.827 
   495   -0.784    0.539  177.414 
   496   -0.723    0.536  168.148 
   497    2.502    0.542  216.043 
   498    2.299    0.539  245.004 
   499    0.177    0.532  206.285 
   500    0.743    0.544  185.964 
   501    1.420    0.542  173.123 
   502    0.042    0.537  182.130 
   503   -4.920    0.536  219.692 
   504   -0.814    0.538  200.059 
   505   -0.051    0.542  224.233 
   506   -2.605    0.559  183.481 
   507   -1.191    0.535  194.393 
   508   -2.428    0.534  246.518 
   509   -1.187    0.538  233.471 
   510   -0.740    0.548  219.600 
   511    0.117    0.537  216.486 
   512    0.944    0.522  216.750 
   513   -0.236    0.514  255.341 
   514    2.670    0.522  213.761 
   515    2.313    0.521  232.909 
   516    3.219    0.525  273.157 
   517    2.721    0.526  184.149 
   518    1.506    0.531  222.070 
   519    1.703    0.532  256.449 
   520    1.242    0.548  220.214 
   521    0.443    0.540  213.158 
   522    0.087    0.528  244.046 
   523    0.135    0.534  255.805 
   524    0.091    0.540  216.655 
   525    0.277    0.536  219.737 
   526    0.917    0.525  231.287 
   527    0.602    0.533  229.995 
   528    0.514    0.527  218.037 
   529    1.326    0.541  230.630 
   530    1.493    0.536  242.376 
   531    1.910    0.536  207.963 
   532    2.292    0.542  184.699 
   533    1.090    0.539  213.019 
   534    0.481    0.541  213.942 
   535    0.180    0.541  204.112 
   536   -0.029    0.526  209.243 
   537   -0.178    0.531  247.247 
   538   -0.502    0.545  205.343 
   539   -1.066    0.530  243.049 
   540   -2.023    0.537  218.690 
   541   -1.359    0.540  258.927 
   542   -1.196    0.538  230.336 
   543   -0.263    0.528  265.368 
   544   -0.541    0.553  235.158 
   545    0.157    0.547  225.615 
   546    0.176    0.546  251.179 
   547    0.637    0.563  192.824 
   548    0.722    0.547  219.654 
   549   -0.032    0.527  242.732 
   550   -0.240    0.548  249.207 
   551   -0.099    0.543  291.147 
   552   -0.249    0.555  215.646 
   553   -0.911    0.550  211.942 
   554   -0.617    0.542  196.963 
   555    0.134    0.543  210.610 
   556   -0.216    0.564  181.189 
   557    0.142    0.557  211.757 
   558   -0.287    0.554  207.374 
   559   -0.298    0.548  204.587 
   560    0.081    0.553  223.379 
   561    0.719    0.557  236.817 
   562    0.263    0.559  215.485 
   563    0.650    0.545  218.102 
   564   -0.202    0.548  243.931 
   565    0.920    0.561  217.582 
   566   -0.760    0.555  198.585 
   567   -0.122    0.572  197.342 
   568   -0.445    0.549  204.166 
   569   -0.711    0.537  265.239 
   570   -1.207    0.549  208.234 
   571   -1.479    0.550  193.574 
   572   -1.213    0.539  227.609 
   573   -0.330    0.547  217.320 
   574   -0.243    0.544  227.201 
   575    0.443    0.539  239.912 
   576    1.537    0.556  200.440 
   577    1.205    0.541  242.104 
   578    1.807    0.542  265.845 
   579    1.833    0.550  249.625 
   580    1.972    0.539  241.077 
   581    1.120    0.527  255.690 
   582    1.005    0.539  237.037 
   583   -0.212    0.534  306.905 
   584    0.079    0.533  273.729 
   585    0.450    0.568  363.466 
   586    0.188    0.542  276.904 
   587    0.557    0.546  309.159 
   588    0.408    0.548  324.769 
   589    0.856    0.536  353.019 
   590    0.965    0.562  264.783 
   591    0.270    0.550  317.874 
   592    1.132    0.551  283.338 
   593    1.696    0.549  310.456 
   594    1.552    0.546  341.844 
   595    0.616    0.557  305.108 
   596    0.839    0.552  346.441 
   597    0.896    0.560  339.055 
   598    0.626    0.560  270.916 
   599    0.123    0.552  324.452 
   600   -0.446    0.555  343.989 
   601   -0.151    0.556  324.206 
   602   -1.015    0.555  345.790 
   603   -0.545    0.557  310.900 
   604    0.226    0.551  356.370 
   605   -0.321    0.546  377.960 
   606   -0.435    0.560  369.315 
   607    0.492    0.564  350.050 
   608    1.283    0.557  323.637 
   609    0.549    0.563  336.623 
   610    1.169    0.552  398.574 
   611    1.219    0.565  367.922 
   612    0.917    0.566  356.591 
   613    0.734    0.557  371.336 
   614    0.313    0.567  352.883 
   615   -0.274    0.560  383.326 
   616    0.411    0.560  388.897 
   617   -0.056    0.558  400.173 
   618   -0.703    0.562  415.746 
   619   -0.946    0.559  447.488 
   620   -0.072    0.561  425.053 
   621   -0.067    0.555  431.126 
   622   -0.377    0.568  426.805 
   623    0.576    0.568  437.050 
   624   -0.766    0.580  434.210 
   625    0.372    0.564  466.602 
   626    0.797    0.571  435.270 
   627    0.963    0.568  409.766 
   628    0.824    0.577  429.021 
   629    0.525    0.587  476.950 
   630   -0.106    0.570  473.535 
   631   -0.663    0.560  489.696 
   632   -1.525    0.566  513.709 
   633   -1.292    0.564  492.089 
   634   -1.842    0.579  470.569 
   635   -2.204    0.580  533.696 
   636   -2.125    0.575  523.800 
   637   -1.200    0.568  559.996 
   638   -0.165    0.569  531.615 
   639    0.100    0.560  621.458 
   640    0.495    0.567  556.116 
   641    1.499    0.564  588.461 
   642    1.393    0.582  580.313 
   643    1.977    0.588  596.173 
   644    1.173    0.600  523.321 
   645    1.097    0.570  561.644 
   646    0.820    0.580  578.531 
   647    0.670    0.571  632.896 
   648    0.324    0.566  624.998 
   649   -0.330    0.569  630.461 
   650   -0.415    0.566  652.035 
   651   -0.301    0.571  641.333 
   652    0.415    0.533  254.803 
   653   -0.391    0.529  254.827 
   654    0.218    0.541  212.556 
   655   -0.043    0.544  218.634 
   656    0.645    0.543  208.132 
   657    1.074    0.552  168.275 
   658    1.623    0.543  200.330 
   659    2.018    0.546  202.544 
   660    0.858    0.543  168.379 
   661    1.026    0.533  220.884 
   662   -0.657    0.536  218.596 
   663   -0.028    0.534  223.835 
   664   -0.962    0.539  183.929 
   665   -0.474    0.549  176.394 
   666   -0.798    0.546  177.633 
   667   -1.252    0.548  169.511 
   668   -1.069    0.547  185.538 
   669   -1.265    0.543  198.252 
   670   -0.744    0.541  212.311 
   671   -0.125    0.545  193.303 
   672    0.750    0.555  162.162 
   673    1.086    0.549  167.349 
   674    0.934    0.564  190.055 
   675    0.801    0.549  175.504 
   676    0.135    0.557  205.904 
   677    0.369    0.557  193.081 
   678   -0.145    0.564  182.168 
   679    0.196    0.541  183.060 
   680   -0.435    0.549  210.702 
   681   -0.002    0.555  183.390 
   682   -0.001    0.565  180.273 
   683   -0.329    0.567  187.129 
   684   -0.146    0.550  216.610 
   685   -0.779    0.550  184.776 
   686   -1.668    0.550  174.870 
   687   -0.418    0.558  158.791 
   688    0.231    0.560  177.736 
   689    0.080    0.569  164.844 
   690    0.264    0.558  177.851 
   691   -0.210    0.555  224.468 
   692    0.159    0.559  191.506 
   693   -0.038    0.570  205.697 
   694    0.081    0.568  149.451 
   695   -0.950    0.565  199.223 
   696   -1.873    0.569  201.881 
   697   -1.249    0.567  175.703 
   698   -1.212    0.579  189.373 
   699   -1.854    0.563  218.139 
   700   -1.270    0.558  186.968 
   701   -0.899    0.562  222.763 
   702   -0.582    0.572  152.791 
   703   -0.102    0.548  183.334 
   704    0.904    0.570  174.103 
   705    1.380    0.544  184.731 
   706    1.588    0.541  202.685 
   707    1.836    0.550  182.679 
   708    1.825    0.551  193.122 
   709    1.772    0.560  182.985 
   710    0.853    0.554  170.287 
   711    0.031    0.553  193.869 
   712   -0.336    0.549  192.550 
   713   -0.439    0.543  202.786 
   714    0.002    0.558  176.057 
   715   -0.409    0.542  201.771 
   716   -0.167    0.558  180.602 
   717    0.666    0.547  169.869 
   718   -0.046    0.559  168.004 
   719    0.385    0.558  197.684 
   720    1.003    0.573  175.413 
   721    0.948    0.556  202.967 
   722    0.176    0.549  203.433 
   723    1.249    0.548  205.390 
   724    0.726    0.554  167.171 
   725    0.381    0.572  149.731 
   726    0.426    0.574  150.070 
   727    0.171    0.584  151.102 
   728   -0.516    0.569  151.632 
   729   -0.417    0.578  168.121 
   730   -0.814    0.575  183.465 
   731   -1.673    0.576  142.968 
   732   -0.513    0.589  135.602 
   733   -1.095    0.589  148.210 
   734   -0.865    0.582  134.525 
   735   -0.175    0.577  153.166 
   736    0.795    0.579  116.095 
   737    0.931    0.575  118.046 
   738    0.754    0.568  145.916 
   739    0.295    0.576  160.348 
   740    1.299    0.575  169.092 
   741    1.259    0.568  166.053 
   742   -0.089    0.570  170.548 
   743   -0.305    0.579  161.348 
   744   -0.866    0.579  141.122 
   745   -0.529    0.569  173.246 
   746   -0.281    0.572  170.196 
   747   -0.534    0.582  123.816 
   748   -0.125    0.576  140.133 
   749   -0.084    0.582  140.492 
   750   -0.487    0.592  136.328 
   751   -0.639    0.595  126.928 
   752   -0.506    0.581  144.280 
   753    0.665    0.599  133.633 
   754    1.154    0.587  140.661 
   755    0.059    0.603  139.460 
   756    0.932    0.595  145.210 
   757   -0.014    0.590  148.769 
   758   -0.371    0.597  150.346 
   759   -1.432    0.588  142.567 
   760   -1.152    0.588  158.624 
   761   -1.916    0.608  159.008 
   762   -1.932    0.606  139.748 
   763   -2.048    0.595  121.381 
   764   -1.890    0.598  142.556 
   765   -1.145    0.602  134.017 
   766    0.142    0.591  140.698 
   767    0.532    0.602  118.444 
   768    1.042    0.591  119.640 
   769    2.062    0.587  142.681 
   770    2.112    0.593  156.220 
   771    1.773    0.596  128.730 
   772    1.857    0.594  144.314 
   773    1.513    0.599  126.819 
   774    1.678    0.589  128.961 
   775    1.211    0.591  128.427 
   776    0.383    0.604  154.284 
   777    0.337    0.601  135.963 
   778    0.267    0.583  166.600 
   779   -0.976    0.600  133.884 
   780   -0.537    0.608  166.054 
   781    0.422    0.602  123.126 
   782    0.251    0.614  104.199 
   783    0.269    0.605  129.076 
   784    0.184    0.595  141.743 
   785    0.692    0.604  103.532 
   786    1.556    0.601  129.215 
   787    1.367    0.591  122.339 
   788    1.431    0.584  108.106 
   789    1.435    0.593  122.715 
   790   -0.152    0.586  121.954 
   791    0.267    0.583  134.578 
   792   -0.942    0.597   91.330 
   793   -1.216    0.597  118.023 
   794   -0.942    0.591   95.012 
   795   -1.734    0.594   83.477 
   796   -1.870    0.597   93.182 
   797   -0.768    0.592   99.671 
   798   -0.783    0.599  137.050 
   799   -0.492    0.591  100.716 
   800   -0.336    0.601  133.324 
   801    0.204    0.600  147.935 
   802    0.551    0.606  118.503 
   803    0.460    0.603  109.817 
   804   -0.064    0.597  109.569 
   805    0.747    0.589  101.964 
   806    0.587    0.597  109.549 
   807   -0.553    0.606   84.494 
   808   -1.047    0.609   87.017 
   809   -1.117    0.616   93.813 
   810   -0.711    0.596  105.647 
   811   -0.647    0.615   94.292 
   812   -0.904    0.614  124.460 
   813   -0.510    0.616  103.689 
   814   -0.975    0.615   97.175 
   815   -0.136    0.615   95.000 
   816   -0.290    0.617  100.409 
   817    0.245    0.601  110.036 
   818    0.093    0.613   96.927 
   819    0.135    0.607  102.230 
   820    0.061    0.609   82.819 
   821    0.213    0.609   99.428 
   822    0.023    0.616  117.541 
   823   -0.328    0.611  104.400 
   824   -1.418    0.611  113.992 
   825   -1.226    0.611  126.347 
   826   -1.624    0.617  107.383 
   827   -0.945    0.617  100.374 
   828   -1.792    0.620   84.503 
   829   -0.744    0.602   98.246 
   830   -0.147    0.605   91.763 
   831    0.479    0.606   91.140 
   832    1.031    0.608   99.859 
   833    1.661    0.598   88.803 
   834    1.279    0.603   85.466 
   835    1.239    0.615   95.522 
   836    1.364    0.635   97.178 
   837    1.172    0.611  119.464 
   838    0.715    0.615   99.448 
   839    0.068    0.609  113.394 
   840    0.037    0.613   86.307 
   841    0.676    0.622   94.856 
   842    0.442    0.620   95.217 
   843    0.280    0.610  122.245 
   844    0.150    0.610   95.037 
   845   -0.598    0.609  116.461 
   846   -0.098    0.613  100.854 
   847    0.941    0.611  102.459 
   848    0.402    0.625   83.366 
   849    0.842    0.625   74.989 
   850    0.977    0.625  102.587 
   851    0.748    0.628   92.255 
   852    0.866    0.632   82.596 
   853    0.588    0.636   97.376 
   854   -0.464    0.637   90.365 
   855   -1.005    0.621   84.457 
   856   -0.272    0.630   92.072 
   857   -0.695    0.631   72.644 
   858   -0.162    0.631   80.533 
   859   -1.325    0.631   91.797 
   860   -0.703    0.627   89.555 
   861   -0.806    0.633  101.266 
   862   -0.624    0.629   85.503 
   863    0.661    0.628   86.842 
   864    0.249    0.654   92.130 
   865    0.864    0.632   97.325 
   866    0.561    0.649   75.625 
   867    0.429    0.648  104.632 
   868    0.904    0.658   62.463 
   869    0.856    0.651   75.330 
   870   -0.520    0.656   81.054 
   871    0.185    0.641   86.271 
   872   -0.354    0.654   80.597 
   873   -0.107    0.625   89.226 
   874    0.126    0.634   80.947 
   875   -0.633    0.639   91.213 
   876   -0.513    0.641   95.270 
   877   -0.101    0.637   85.890 
   878   -0.563    0.634   75.846 
   879    0.120    0.669   84.510 
   880   -0.699    0.637   89.842 
   881    0.636    0.646   76.525 
   882    0.414    0.641   93.375 
   883    0.574    0.645   91.957 
   884    1.236    0.642   97.613 
   885    0.022    0.657   78.067 
   886   -0.628    0.646   83.904 
   887   -1.161    0.643   73.004 
   888   -2.064    0.639   99.349 
   889   -1.560    0.650  100.096 
   890   -1.681    0.639  102.310 
   891   -1.664    0.638  113.385 
   892   -0.860    0.646  106.908 
   893   -0.523    0.651   80.690 
   894   -1.215    0.660   79.059 
   895   -0.116    0.637   91.004 
   896    0.870    0.654   93.949 
   897    1.472    0.649   80.749 
   898    1.883    0.649   66.495 
   899    2.107    0.656   77.126 
   900    1.655    0.648  101.588 
   901    0.949    0.673   85.861 
   902    0.014    0.655  106.402 
   903    0.654    0.658   98.666 
   904    0.667    0.650   94.283 
   905   -0.109    0.652   88.508 
   906   -0.814    0.659   91.086 
   907   -0.398    0.650   95.803 
   908   -0.606    0.653   81.717 
   909   -0.222    0.670   74.540 
   910    0.036    0.644   89.601 
   911    0.160    0.665  104.633 
   912    0.004    0.648  103.359 
   913    0.751    0.660   72.004 
   914    1.147    0.669   87.289 
   915    0.363    0.658  110.701 
   916   -0.425    0.671   97.867 
   917    0.292    0.676   82.100 
   918    0.208    0.682   74.329 
   919   -0.722    0.681  119.043 
   920   -1.084    0.676  100.377 
   921   -0.902    0.672   87.871 
   922   -0.577    0.666   91.231 
   923   -1.016    0.654   89.486 
   924   -0.782    0.654   99.736 
   925   -1.464    0.657   92.427 
   926   -0.931    0.643  104.614 
   927    0.325    0.662   94.470 
   928    0.487    0.657   79.459 
   929    0.736    0.665   79.892 
   930    1.137    0.660   73.763 
   931    0.345    0.676   74.116 
   932    0.249    0.680   71.410 
   933   -0.023    0.672   94.484 
   934   -0.341    0.671   80.538 
   935   -0.544    0.683   81.712 
   936   -0.378    0.679   75.839 
   937   -0.147    0.670   84.027 
   938   -1.719    0.687   79.088 
   939   -0.511    0.678   92.012 
   940   -0.256    0.684   95.191 
   941   -0.352    0.689   81.485 
   942   -0.226    0.680   83.950 
   943   -0.219    0.671   87.119 
   944   -0.674    0.673   84.547 
   945    0.002    0.674   79.416 
   946   -0.514    0.703   63.551 
   947    0.432    0.684   79.316 
   948   -0.052    0.683   80.123 
   949   -0.480    0.679   73.767 
   950   -0.488    0.669   88.265 
   951   -0.516    0.678   82.896 
   952   -0.552    0.680   77.058 
   953   -0.558    0.675   84.982 
   954   -1.576    0.682   72.491 
   955   -1.007    0.668   82.202 
   956   -1.538    0.674  109.007 
   957    0.026    0.678   83.181 
   958   -0.148    0.667   80.692 
   959    0.289    0.693   67.743 
   960    0.492    0.675   63.968 
   961    1.534    0.677   73.649 
   962    1.320    0.675   57.051 
   963    1.562    0.674   57.735 
   964    1.094    0.680   62.421 
   965    0.446    0.661   82.693 
   966    0.499    0.676   67.982 
   967    0.226    0.679   46.205 
   968    0.031    0.672   60.432 
   969    0.407    0.657   73.041 
   970    0.169    0.665   53.148 
   971   -0.035    0.671   72.445 
   972   -0.191    0.666   59.381 
   973    0.033    0.676   71.066 
   974    0.121    0.675   68.258 
   975    0.420    0.661   76.271 
   976    0.299    0.650   62.007 
   977    1.114    0.673   59.489 
   978    1.649    0.670   78.328 
   979    0.257    0.649   76.182 
   980    0.536    0.678   48.047 
   981    0.880    0.668   50.726 
   982    0.429    0.670   61.129 
   983   -0.308    0.659   81.064 
   984   -1.811    0.657   76.414 
   985   -0.541    0.662   85.352 
   986   -1.164    0.675   73.952 
   987   -1.440    0.658   96.798 
   988   -0.416    0.663   59.846 
   989   -0.527    0.661   62.589 
   990   -0.572    0.658   64.510 
   991    0.074    0.655   87.128 
   992    1.141    0.664   63.457 
   993    0.635    0.651   60.159 
   994    0.652    0.653   59.501 
   995    0.649    0.655   61.933 
   996    0.190    0.676   60.300 
   997    0.821    0.684   52.668 
   998    0.258    0.676   54.857 
   999    0.282    0.680   54.700 
  1000   -0.069    0.675   53.842 
  1001    0.568    0.665   43.616 
  1002    0.124    0.676   53.549 
  1003    0.222    0.691   52.697 
  1004   -0.319    0.678   56.177 
  1005   -0.632    0.667   59.751 
  1006   -0.194    0.666   55.647 
  1007   -0.233    0.660   55.746 
  1008    0.470    0.668   53.463 
  1009    0.477    0.655   67.520 
  1010    2.503    0.666   53.808 
  1011    1.406    0.683   50.330 
  1012   -0.517    0.692   59.930 
  1013   -1.714    0.681   47.102 
  1014   -1.720    0.704   67.448 
  1015   -2.027    0.739   53.958 
  1016   -0.644    0.762   47.681 
  1017    1.216    0.734   58.758 
  1018   -0.892    0.809   86.538 
  1019   -0.536    0.892  102.756 
  1020   -1.158    1.092  263.809 
  1021   -0.362    1.093  323.827 
  1022   -0.602    0.951   99.357 
  1023 -361.965    0.002 5168.000 
#--------------------------------------------------------------
