#--------------------------------------------------------------
     0    0.927    0.769  869.636 
     1   -0.883    0.809  894.503 
     2    0.917    0.768  853.149 
     3    0.387    0.715  600.069 
     4    1.322    0.565  228.208 
     5    1.282    0.495  132.743 
     6    1.282    0.384  122.518 
     7    1.230    0.358  127.172 
     8    0.935    0.402   84.820 
     9    0.098    0.403   68.343 
    10    0.802    0.421   83.533 
    11    0.611    0.466   71.052 
    12    0.602    0.609  332.045 
    13    0.745    0.711  602.801 
    14    0.671    0.675  611.730 
    15    0.993    0.619  503.609 
    16    0.755    0.547  195.600 
    17    0.971    0.534  183.671 
    18    0.856    0.537  184.955 
    19    0.858    0.510   96.543 
    20    0.927    0.439   59.026 
    21    0.177    0.375   56.961 
    22   -0.189    0.339   79.103 
    23   -0.165    0.328   71.517 
    24   -1.427    0.368   48.194 
    25   -1.425    0.371   36.768 
    26   -1.293    0.387   34.323 
    27   -1.465    0.392   46.456 
    28   -1.471    0.421   53.412 
    29   -0.601    0.452   71.434 
    30   -0.865    0.456   69.994 
    31   -0.747    0.414   39.983 
    32    0.347    0.382   69.065 
    33   -0.224    0.340   52.779 
    34    1.332    0.330   25.186 
    35    0.344    0.318   24.415 
    36   -0.194    0.314   41.007 
    37   -0.784    0.344   36.608 
    38   -0.160    0.390   31.688 
    39   -0.607    0.400   46.200 
    40   -1.075    0.427   66.684 
    41   -0.814    0.427   42.508 
    42   -1.105    0.441   75.334 
    43   -1.132    0.452  104.248 
    44   -1.123    0.452   86.002 
    45   -0.839    0.466   92.238 
    46   -1.397    0.452   89.637 
    47   -0.049    0.431   82.466 
    48   -0.480    0.382   36.980 
    49    0.363    0.352   47.809 
    50    0.924    0.338   38.754 
    51    0.544    0.329   62.807 
    52   -0.533    0.334   36.382 
    53   -0.149    0.337   39.870 
    54   -0.165    0.323   36.641 
    55   -0.297    0.318   56.200 
    56   -1.605    0.319   51.388 
    57   -1.189    0.323   33.588 
    58   -1.738    0.323   40.914 
    59   -0.653    0.329   20.941 
    60   -1.278    0.324   31.019 
    61   -1.353    0.335   35.385 
    62    0.096    0.324   37.452 
    63    0.092    0.323   31.596 
    64    0.809    0.316   40.008 
    65    1.150    0.314   26.313 
    66    1.354    0.319   41.324 
    67    1.691    0.323   28.772 
    68    1.074    0.313   40.199 
    69    0.398    0.318   33.846 
    70    1.320    0.312   41.361 
    71    0.199    0.319   36.540 
    72   -0.377    0.324   38.797 
    73    0.386    0.317   37.037 
    74   -0.069    0.323   50.070 
    75    0.626    0.314   36.487 
    76    0.323    0.326   29.229 
    77   -0.112    0.320   48.469 
    78    0.023    0.316   36.819 
    79    0.506    0.333   24.024 
    80    0.739    0.329   32.473 
    81    1.147    0.343   21.788 
    82    1.023    0.336   31.632 
    83    0.968    0.358   44.256 
    84    0.925    0.343   39.052 
    85    0.370    0.337   30.435 
    86   -0.160    0.336   37.710 
    87    0.173    0.344   35.690 
    88   -0.297    0.335   43.372 
    89   -0.726    0.341   48.661 
    90   -1.007    0.332   49.234 
    91   -1.369    0.342   32.753 
    92   -1.668    0.325   44.508 
    93   -0.723    0.323   37.345 
    94    0.108    0.321   31.445 
    95    0.247    0.316   23.887 
    96   -0.250    0.326   38.865 
    97    0.537    0.316   31.369 
    98    1.224    0.319   43.445 
    99    0.672    0.323   36.142 
   100    0.592    0.321   34.736 
   101    0.174    0.325   39.347 
   102    0.447    0.324   33.078 
   103   -0.463    0.317   36.864 
   104   -0.092    0.319   41.339 
   105   -0.352    0.324   31.289 
   106   -0.157    0.316   26.117 
   107    0.506    0.312   30.802 
   108   -0.163    0.307   28.509 
   109   -0.984    0.322   32.211 
   110    0.304    0.318   41.465 
   111   -0.310    0.312   26.697 
   112    0.152    0.316   37.627 
   113   -0.173    0.311   40.958 
   114    0.733    0.328   31.212 
   115    0.807    0.318   31.515 
   116    0.315    0.318   31.242 
   117   -0.231    0.324   44.830 
   118   -0.100    0.320   40.624 
   119   -0.953    0.314   36.606 
   120   -1.634    0.313   44.364 
   121   -1.430    0.298   53.182 
   122   -1.830    0.321   43.481 
   123   -2.527    0.315   30.437 
   124   -1.308    0.333   38.383 
   125   -0.621    0.330   35.924 
   126   -0.746    0.316   34.744 
   127   -0.107    0.314   41.970 
   128    0.770    0.315   44.830 
   129    1.633    0.313   39.216 
   130    2.338    0.314   28.700 
   131    2.695    0.324   31.307 
   132    2.325    0.315   25.863 
   133    1.065    0.322   41.653 
   134    0.583    0.323   37.253 
   135    0.077    0.314   28.165 
   136   -0.589    0.316   35.443 
   137   -0.421    0.327   43.467 
   138    0.088    0.321   32.900 
   139   -0.133    0.327   36.232 
   140   -0.330    0.316   39.955 
   141   -1.190    0.311   40.932 
   142    0.492    0.319   40.890 
   143    0.172    0.322   33.247 
   144    1.009    0.320   31.019 
   145    0.364    0.320   32.485 
   146    1.490    0.311   30.805 
   147    0.794    0.306   48.140 
   148    0.112    0.320   36.332 
   149   -0.326    0.315   19.700 
   150   -0.649    0.312   46.682 
   151   -0.430    0.318   24.069 
   152   -1.438    0.313   23.443 
   153   -1.068    0.312   27.665 
   154   -0.948    0.308   41.702 
   155   -1.104    0.311   36.533 
   156   -1.757    0.315   34.036 
   157   -1.164    0.314   43.804 
   158   -0.344    0.319   37.694 
   159   -0.064    0.321   28.389 
   160   -0.246    0.312   34.627 
   161    0.955    0.306   31.987 
   162    0.906    0.302   47.752 
   163    1.323    0.331   45.834 
   164    0.459    0.308   36.862 
   165    1.357    0.307   37.634 
   166    0.654    0.314   33.686 
   167   -0.732    0.318   31.357 
   168   -0.623    0.319   37.067 
   169   -0.354    0.313   49.401 
   170    0.047    0.313   53.188 
   171   -0.665    0.319   38.136 
   172   -0.773    0.316   37.170 
   173   -0.313    0.321   36.649 
   174   -0.160    0.309   43.517 
   175   -0.466    0.307   63.743 
   176   -0.730    0.313   37.458 
   177   -0.107    0.312   38.518 
   178    0.637    0.315   35.310 
   179    0.513    0.375  101.437 
   180   -0.450    0.319   38.229 
   181   -0.487    0.323   28.664 
   182   -0.485    0.316   29.930 
   183   -0.012    0.319   28.336 
   184   -1.310    0.322   25.212 
   185   -1.272    0.310   24.702 
   186   -1.434    0.306   33.961 
   187   -2.196    0.314   36.023 
   188   -1.170    0.316   27.501 
   189   -1.103    0.324   36.601 
   190   -0.219    0.324   38.903 
   191    0.536    0.309   25.510 
   192    0.977    0.338   41.083 
   193    0.363    0.317   37.228 
   194    2.057    0.325   34.841 
   195    1.755    0.315   38.407 
   196    0.760    0.318   36.351 
   197    0.566    0.305   55.172 
   198    1.828    0.311   32.663 
   199    0.833    0.308   30.622 
   200    0.248    0.306   51.010 
   201   -0.490    0.323   44.492 
   202   -0.140    0.325   33.446 
   203    0.188    0.316   38.605 
   204   -0.397    0.322   42.558 
   205   -0.606    0.319   41.686 
   206    0.269    0.321   56.125 
   207   -0.509    0.322   35.831 
   208    0.444    0.317   30.177 
   209    1.228    0.320   40.654 
   210    0.700    0.330   48.245 
   211    0.623    0.311   58.270 
   212    0.399    0.323   63.814 
   213    0.007    0.321   53.419 
   214   -0.499    0.314   37.290 
   215   -0.384    0.317   33.783 
   216   -0.551    0.333   36.319 
   217   -1.484    0.322   30.889 
   218   -0.923    0.320   45.779 
   219   -1.850    0.317   57.145 
   220   -1.398    0.319   35.380 
   221   -0.748    0.321   51.966 
   222   -0.738    0.326   39.428 
   223   -0.184    0.323   48.528 
   224    0.067    0.327   38.635 
   225    0.548    0.318   30.216 
   226    1.501    0.318   23.981 
   227    0.961    0.314   32.817 
   228    0.604    0.319   44.748 
   229    0.245    0.325   38.227 
   230    0.563    0.313   31.899 
   231   -0.175    0.318   35.671 
   232   -0.559    0.319   32.318 
   233    0.123    0.322   50.001 
   234   -0.753    0.316   30.902 
   235   -0.651    0.303   48.606 
   236   -0.963    0.309   48.993 
   237   -0.350    0.312   25.688 
   238   -0.001    0.313   42.125 
   239    0.342    0.308   46.212 
   240   -0.086    0.324   41.037 
   241    0.231    0.318   47.380 
   242    0.699    0.321   30.416 
   243    0.680    0.311   49.946 
   244    0.452    0.310   54.795 
   245    0.447    0.309   58.578 
   246    0.141    0.327   45.504 
   247   -0.708    0.316   47.147 
   248   -2.181    0.325   47.919 
   249   -1.511    0.312   53.257 
   250   -2.112    0.313   46.931 
   251   -2.728    0.322   47.836 
   252   -2.048    0.327   41.274 
   253   -1.019    0.315   45.308 
   254    0.206    0.321   26.180 
   255    0.121    0.327   21.330 
   256    1.167    0.322   31.335 
   257    1.380    0.321   39.720 
   258    2.531    0.320   39.845 
   259    2.311    0.325   46.077 
   260    2.256    0.313   40.060 
   261    1.337    0.318   44.260 
   262    1.262    0.311   43.223 
   263    1.228    0.312   47.313 
   264    0.950    0.316   53.234 
   265    0.201    0.314   59.276 
   266   -0.676    0.323   34.272 
   267   -0.782    0.320   54.937 
   268    0.578    0.318   42.302 
   269    0.272    0.312   57.468 
   270    0.626    0.309   42.099 
   271    0.247    0.320   42.091 
   272    0.857    0.325   29.227 
   273    0.961    0.318   34.747 
   274    1.290    0.309   50.135 
   275    1.614    0.315   72.148 
   276    0.959    0.310   53.171 
   277    0.958    0.312   41.753 
   278    0.031    0.309   59.923 
   279   -0.178    0.305   56.582 
   280   -0.298    0.321   39.695 
   281   -1.199    0.328   35.632 
   282   -1.071    0.315   27.449 
   283   -1.566    0.310   62.100 
   284   -1.773    0.315   34.118 
   285   -1.186    0.309   41.648 
   286   -0.705    0.317   39.464 
   287   -0.726    0.321   26.879 
   288    0.105    0.322   42.971 
   289    0.250    0.317   62.494 
   290    0.512    0.311   49.443 
   291    1.149    0.310   31.815 
   292    0.095    0.333   27.541 
   293    0.512    0.315   37.101 
   294   -0.488    0.315   45.455 
   295   -0.138    0.318   34.500 
   296   -0.673    0.318   40.765 
   297   -0.643    0.310   46.457 
   298   -0.525    0.318   36.084 
   299   -0.468    0.309   46.027 
   300   -0.637    0.317   43.116 
   301   -0.238    0.313   68.908 
   302   -0.301    0.315   33.551 
   303    0.036    0.336   40.583 
   304   -0.751    0.339   28.765 
   305    0.626    0.320   50.872 
   306    0.848    0.327   36.565 
   307    0.041    0.313   38.284 
   308   -0.310    0.325   40.033 
   309   -0.583    0.322   45.766 
   310   -0.429    0.319   26.503 
   311   -0.829    0.315   46.186 
   312   -0.954    0.319   45.938 
   313   -2.283    0.319   43.078 
   314   -0.819    0.315   45.299 
   315   -1.338    0.330   39.425 
   316   -1.353    0.322   50.637 
   317   -2.309    0.328   47.468 
   318   -0.535    0.322   38.863 
   319    0.386    0.313   35.768 
   320   -0.197    0.323   56.633 
   321    0.281    0.317   42.067 
   322    1.323    0.323   48.495 
   323    1.819    0.331   38.496 
   324    1.081    0.310   43.462 
   325    0.605    0.310   46.252 
   326    0.689    0.309   51.910 
   327    0.649    0.319   48.493 
   328   -0.030    0.321   33.743 
   329    0.407    0.323   38.977 
   330    0.415    0.341   25.689 
   331    0.206    0.318   39.360 
   332    0.161    0.319   39.206 
   333   -0.223    0.338   29.183 
   334   -0.287    0.329   37.769 
   335    1.049    0.330   43.112 
   336    0.369    0.327   43.893 
   337    0.282    0.324   46.187 
   338    0.761    0.323   45.258 
   339    0.151    0.328   26.912 
   340    0.771    0.331   38.505 
   341   -0.143    0.325   40.054 
   342    0.070    0.324   32.694 
   343    0.376    0.328   25.875 
   344   -0.715    0.335   73.857 
   345   -1.171    0.320   46.614 
   346   -1.036    0.320   28.807 
   347   -1.246    0.334   23.622 
   348   -1.616    0.328   44.967 
   349   -0.408    0.324   27.293 
   350    0.063    0.323   50.077 
   351   -0.525    0.328   38.322 
   352    0.064    0.339   74.532 
   353    0.611    0.333   45.772 
   354    1.213    0.334   60.649 
   355    0.864    0.336   53.572 
   356    0.570    0.338   47.870 
   357    1.161    0.338   64.085 
   358    0.562    0.350   68.811 
   359    0.264    0.329   87.778 
   360   -0.015    0.354   44.058 
   361   -0.471    0.339   62.578 
   362   -1.411    0.344   54.450 
   363   -0.242    0.340   67.764 
   364   -0.420    0.344   69.796 
   365   -0.898    0.345   88.749 
   366   -0.380    0.360   63.260 
   367   -0.158    0.356   67.582 
   368    0.150    0.356   52.577 
   369    0.088    0.349   82.364 
   370    0.336    0.343   90.078 
   371    0.363    0.346   76.267 
   372   -0.224    0.358   61.812 
   373   -0.417    0.355   89.913 
   374   -0.153    0.354   78.907 
   375   -1.876    0.345   97.332 
   376   -1.625    0.362   69.301 
   377   -1.049    0.351   79.687 
   378   -2.332    0.349   95.940 
   379   -2.484    0.357  111.123 
   380   -2.263    0.358   60.251 
   381   -1.827    0.357   67.673 
   382   -0.686    0.345   93.464 
   383    0.273    0.353   82.974 
   384    1.706    0.367   65.583 
   385    1.241    0.359   71.947 
   386    2.037    0.366  101.340 
   387    1.395    0.381   82.910 
   388    1.686    0.378   71.073 
   389    1.726    0.370   99.106 
   390    0.876    0.374   88.172 
   391    1.089    0.361  121.389 
   392   -0.459    0.360  119.449 
   393   -0.170    0.366   85.398 
   394   -0.096    0.375   63.383 
   395   -1.008    0.367   93.364 
   396   -0.284    0.357   76.425 
   397   -0.390    0.363  107.828 
   398   -0.476    0.364  100.165 
   399   -0.292    0.374   78.857 
   400    0.051    0.382   79.961 
   401    0.421    0.385   87.265 
   402    1.032    0.383  169.325 
   403    0.976    0.387   99.143 
   404    0.108    0.369  124.778 
   405   -0.465    0.377   71.016 
   406   -0.638    0.372   97.709 
   407   -1.479    0.364  104.567 
   408   -0.888    0.362  115.745 
   409   -1.959    0.364   97.225 
   410   -1.204    0.380   83.500 
   411   -1.730    0.374   64.770 
   412   -1.642    0.369  158.480 
   413   -0.600    0.380   67.412 
   414   -0.683    0.383   60.801 
   415   -0.743    0.374   78.942 
   416   -0.230    0.386   62.037 
   417    0.018    0.372  106.874 
   418    1.046    0.375   84.015 
   419    0.256    0.377   62.311 
   420   -0.243    0.379   92.662 
   421    0.581    0.374   76.545 
   422    0.769    0.376   97.982 
   423   -0.188    0.373   93.414 
   424   -0.752    0.385   68.362 
   425   -0.940    0.376  125.644 
   426    0.021    0.373  124.829 
   427   -0.548    0.385   81.465 
   428   -1.690    0.377  109.160 
   429   -0.901    0.375   98.634 
   430   -0.680    0.373  141.589 
   431   -0.491    0.368  126.692 
   432   -0.758    0.374  113.541 
   433    0.259    0.380  117.960 
   434    0.423    0.374  127.413 
   435    0.284    0.379  120.261 
   436   -0.413    0.372  141.555 
   437   -0.198    0.384   89.007 
   438   -0.331    0.381   92.717 
   439   -1.713    0.391   64.795 
   440   -1.395    0.379   95.893 
   441   -1.419    0.389  112.652 
   442   -1.340    0.377  100.198 
   443   -2.197    0.382   96.790 
   444   -1.153    0.381   86.038 
   445   -1.182    0.397   73.115 
   446   -0.603    0.388  113.551 
   447   -0.298    0.386  107.831 
   448    0.359    0.390  108.660 
   449    0.680    0.383  128.225 
   450    1.480    0.388  129.459 
   451    1.447    0.379   99.691 
   452    0.768    0.379  105.171 
   453    1.249    0.382   93.303 
   454    1.041    0.391  111.958 
   455    0.831    0.390   87.222 
   456   -0.228    0.384   89.180 
   457   -1.111    0.386   98.000 
   458    0.070    0.379   99.887 
   459    0.012    0.384   83.252 
   460    0.145    0.379   99.750 
   461    0.205    0.395   76.746 
   462    0.354    0.390  107.359 
   463    0.561    0.391  124.585 
   464    0.689    0.383  126.387 
   465    0.601    0.378  115.086 
   466    0.384    0.395   75.175 
   467   -0.058    0.389   90.416 
   468    0.160    0.387   79.315 
   469    0.319    0.382  110.394 
   470    1.033    0.391  128.275 
   471   -0.543    0.390  102.344 
   472   -0.460    0.390   73.621 
   473   -1.747    0.390   99.644 
   474   -0.916    0.397   92.614 
   475   -0.848    0.392   84.433 
   476   -2.079    0.400   94.377 
   477   -1.598    0.392  112.326 
   478   -0.750    0.382  135.268 
   479   -0.458    0.387  118.365 
   480    0.046    0.420  223.675 
   481    0.238    0.405  101.305 
   482    0.338    0.399  150.486 
   483    0.916    0.397  109.310 
   484    0.355    0.382  177.184 
   485    0.123    0.391  163.034 
   486    0.617    0.398  124.523 
   487    0.338    0.408  114.993 
   488    0.354    0.390  120.229 
   489   -0.322    0.387   85.480 
   490   -0.343    0.377  138.221 
   491   -0.351    0.388   96.310 
   492   -0.250    0.391  106.943 
   493   -1.288    0.383  149.995 
   494   -1.187    0.390  133.710 
   495   -1.293    0.395  117.763 
   496   -0.188    0.383  101.378 
   497    0.744    0.395  125.662 
   498    2.662    0.390  106.836 
   499    0.405    0.379  140.191 
   500    1.718    0.380  125.444 
   501    1.378    0.388  101.451 
   502    0.605    0.395  110.321 
   503   -2.923    0.390   99.297 
   504   -1.591    0.389  157.616 
   505   -1.823    0.393  158.177 
   506   -1.520    0.393  112.853 
   507   -1.489    0.412  172.762 
   508   -1.971    0.402  123.432 
   509   -1.531    0.395  145.905 
   510   -0.259    0.387  159.975 
   511    0.336    0.397  139.336 
   512    1.199    0.398  104.838 
   513    0.743    0.398  132.377 
   514    2.529    0.393  183.588 
   515    3.216    0.406  114.915 
   516    3.150    0.399  123.584 
   517    2.812    0.394  144.697 
   518    1.714    0.389  131.871 
   519    1.372    0.394  127.806 
   520    0.418    0.390  144.020 
   521    1.263    0.382  159.535 
   522    0.001    0.392  159.899 
   523    0.601    0.400  154.586 
   524    0.633    0.442  181.093 
   525    0.458    0.390  146.543 
   526    0.444    0.395  112.862 
   527    0.304    0.395  135.101 
   528    0.265    0.399  149.558 
   529    1.476    0.397  105.766 
   530    1.459    0.389  123.906 
   531    1.629    0.393  143.647 
   532    1.078    0.393  113.585 
   533    1.497    0.397  193.174 
   534    0.445    0.382  145.540 
   535    0.376    0.391  137.046 
   536   -1.047    0.394  118.823 
   537   -0.428    0.392  142.346 
   538   -1.260    0.384  151.853 
   539   -1.247    0.398  135.851 
   540   -1.507    0.403   98.649 
   541   -1.490    0.389  141.126 
   542   -0.836    0.400  152.435 
   543   -0.567    0.399  104.696 
   544   -0.278    0.404  115.610 
   545   -0.062    0.393  108.732 
   546    0.316    0.394  129.623 
   547    0.014    0.401  110.579 
   548    0.686    0.397  111.332 
   549   -0.118    0.394  149.878 
   550   -0.061    0.409  125.820 
   551   -0.026    0.409  184.301 
   552   -0.611    0.398  155.801 
   553   -0.313    0.393  145.850 
   554   -0.105    0.389  150.097 
   555   -0.842    0.390  130.478 
   556    0.088    0.388  141.984 
   557   -0.237    0.397  147.689 
   558   -0.450    0.399  175.680 
   559   -0.559    0.400  145.575 
   560    0.950    0.411  146.826 
   561    1.007    0.394  131.369 
   562    0.279    0.398  142.823 
   563   -0.299    0.394  179.360 
   564    0.279    0.414  197.496 
   565    0.538    0.397  195.327 
   566   -0.744    0.404  166.229 
   567   -0.555    0.381  172.941 
   568   -1.229    0.395  154.445 
   569   -1.279    0.397  149.370 
   570   -1.132    0.379  165.725 
   571   -1.484    0.391  141.870 
   572   -0.750    0.391  146.238 
   573   -0.615    0.403  125.471 
   574   -0.717    0.387  160.458 
   575   -0.074    0.396  145.576 
   576    1.826    0.404  147.483 
   577    1.139    0.394  140.941 
   578    1.046    0.394  162.142 
   579    2.000    0.397  119.788 
   580    1.476    0.383  174.437 
   581    1.086    0.390  141.951 
   582    1.281    0.388  148.388 
   583    0.669    0.385  171.028 
   584    0.631    0.390  173.118 
   585    0.131    0.386  158.964 
   586   -0.023    0.391  153.699 
   587   -0.169    0.396  134.511 
   588   -0.328    0.399  158.707 
   589    0.508    0.403  153.475 
   590    0.533    0.376  141.744 
   591    0.548    0.390  113.646 
   592    0.917    0.383  147.974 
   593    1.062    0.392  128.395 
   594    1.828    0.388  153.050 
   595    0.891    0.392  152.930 
   596    1.688    0.403  129.317 
   597    1.563    0.378  173.186 
   598    0.783    0.399  138.720 
   599    0.145    0.413  188.969 
   600   -0.605    0.400  131.804 
   601   -0.088    0.376  185.497 
   602   -1.248    0.389  143.783 
   603   -1.484    0.388  150.998 
   604   -0.575    0.398  136.261 
   605   -0.847    0.377  198.360 
   606   -0.270    0.389  179.376 
   607   -0.170    0.412  130.095 
   608    0.729    0.396  149.258 
   609    0.241    0.384  192.122 
   610    0.586    0.398  184.210 
   611    1.072    0.402  154.286 
   612    0.737    0.392  150.695 
   613    0.360    0.389  140.258 
   614    0.383    0.381  148.189 
   615   -0.076    0.400  135.886 
   616   -0.745    0.389  159.586 
   617    0.658    0.393  130.650 
   618   -0.443    0.401  156.091 
   619   -0.685    0.396  151.492 
   620   -0.455    0.385  170.567 
   621    0.177    0.389  172.731 
   622    0.282    0.389  153.483 
   623    0.223    0.389  166.299 
   624   -0.088    0.390  154.576 
   625    0.089    0.397  152.450 
   626    0.705    0.386  161.749 
   627    0.479    0.396  142.869 
   628    0.486    0.397  138.455 
   629    0.415    0.389  160.529 
   630   -0.609    0.385  174.094 
   631   -1.389    0.397  147.628 
   632   -0.557    0.388  141.697 
   633   -0.674    0.389  155.506 
   634   -2.506    0.381  169.878 
   635   -2.458    0.381  186.208 
   636   -1.693    0.378  178.546 
   637   -0.573    0.389  174.259 
   638   -1.422    0.382  191.755 
   639    0.473    0.399  180.687 
   640    1.798    0.408  149.220 
   641    1.427    0.400  172.618 
   642    1.358    0.401  176.889 
   643    1.972    0.402  159.690 
   644    1.378    0.405  143.891 
   645    1.785    0.394  151.162 
   646    1.158    0.395  167.302 
   647    0.851    0.389  153.397 
   648   -0.053    0.390  160.658 
   649   -0.348    0.379  163.925 
   650    0.029    0.386  154.706 
   651   -0.189    0.399  161.837 
   652    0.003    0.390  165.446 
   653    0.336    0.391  140.559 
   654   -0.080    0.384  179.128 
   655   -0.051    0.394  172.142 
   656    0.180    0.397  160.770 
   657    1.122    0.398  149.820 
   658    1.214    0.405  109.337 
   659    1.317    0.399  104.470 
   660    0.662    0.386  139.993 
   661    0.152    0.393  134.166 
   662   -0.422    0.387  157.038 
   663   -1.089    0.391  164.663 
   664   -0.791    0.389  136.545 
   665   -1.108    0.389  144.040 
   666   -1.423    0.389  154.055 
   667   -0.999    0.398  115.976 
   668   -0.650    0.387  134.302 
   669   -1.063    0.382  162.616 
   670   -0.433    0.395  133.762 
   671    0.073    0.387  144.582 
   672    0.681    0.390  109.791 
   673    0.982    0.385  131.171 
   674    0.318    0.384  129.625 
   675    0.010    0.389  124.686 
   676    0.848    0.379  136.082 
   677    1.015    0.373  142.486 
   678   -0.401    0.380  137.872 
   679    0.291    0.393  113.332 
   680    0.103    0.386  132.971 
   681   -0.311    0.386  132.509 
   682   -0.110    0.386  114.593 
   683   -0.639    0.382  131.386 
   684    0.031    0.389  118.020 
   685   -0.688    0.385  149.382 
   686   -0.972    0.389  140.446 
   687   -0.429    0.383  137.502 
   688   -0.065    0.401  117.729 
   689    0.254    0.388  145.401 
   690    0.009    0.380  163.679 
   691    0.552    0.384  144.237 
   692    0.236    0.387  123.597 
   693    0.829    0.394  119.259 
   694   -0.404    0.390  116.353 
   695   -1.386    0.390  138.121 
   696   -1.014    0.385  152.895 
   697   -1.050    0.394  115.006 
   698   -1.124    0.380  129.459 
   699   -1.709    0.376  135.722 
   700   -1.400    0.406  118.512 
   701   -1.002    0.379  158.947 
   702   -0.023    0.393  128.949 
   703    0.455    0.397  116.420 
   704    0.995    0.394  111.997 
   705    1.962    0.397  102.460 
   706    2.527    0.390  100.786 
   707    1.708    0.392  110.765 
   708    1.410    0.399  118.199 
   709    1.115    0.396  141.547 
   710    0.623    0.395  135.284 
   711    0.214    0.391  141.644 
   712   -0.084    0.388  146.127 
   713   -0.032    0.396  126.930 
   714   -0.652    0.391  178.403 
   715   -0.320    0.393  129.053 
   716   -0.036    0.393  122.576 
   717   -0.312    0.393  136.677 
   718   -0.108    0.388  176.370 
   719    0.259    0.396  154.575 
   720    0.558    0.397  152.368 
   721    0.878    0.387  165.915 
   722    0.922    0.397  168.935 
   723    1.015    0.397  455.818 
   724    0.650    0.401  474.469 
   725    0.041    0.394  489.811 
   726   -0.276    0.400  485.779 
   727   -0.514    0.413  494.968 
   728   -0.713    0.413  490.123 
   729   -0.054    0.401  478.589 
   730   -0.961    0.404  491.960 
   731   -1.160    0.405  492.592 
   732   -0.931    0.404  471.105 
   733   -0.774    0.403  506.805 
   734   -1.094    0.407  493.569 
   735    0.149    0.402  478.235 
   736    0.833    0.401  470.678 
   737    1.009    0.402  457.497 
   738   -0.039    0.403  483.746 
   739    1.091    0.396  466.359 
   740    1.269    0.399  466.297 
   741    0.803    0.399  478.145 
   742    0.173    0.408  467.802 
   743   -0.556    0.410  464.487 
   744   -0.447    0.413  480.114 
   745   -0.759    0.414  476.463 
   746   -0.543    0.413  489.673 
   747   -0.208    0.408  471.353 
   748   -0.424    0.392  485.733 
   749   -0.697    0.409  472.792 
   750   -0.610    0.426  478.465 
   751   -0.188    0.396  489.173 
   752    0.402    0.404  464.693 
   753    0.489    0.410  457.944 
   754    0.634    0.394  470.822 
   755   -0.034    0.395  486.372 
   756    0.723    0.393  459.580 
   757    0.844    0.398  454.512 
   758   -0.152    0.396  463.705 
   759   -1.283    0.396  465.115 
   760   -1.069    0.409  461.040 
   761   -1.856    0.409  464.741 
   762   -2.417    0.406  469.266 
   763   -2.636    0.405  492.578 
   764   -1.796    0.413  483.578 
   765   -1.098    0.405  484.332 
   766    0.366    0.409  469.573 
   767    1.301    0.401  464.620 
   768    1.017    0.400  454.575 
   769    1.899    0.400  439.235 
   770    2.065    0.406  470.686 
   771    2.719    0.398  440.677 
   772    2.566    0.407  446.343 
   773    0.901    0.410  457.961 
   774    1.286    0.407  455.752 
   775    0.277    0.425  469.646 
   776    1.032    0.407  472.477 
   777   -0.066    0.411  479.934 
   778   -0.417    0.409  484.954 
   779    0.113    0.419  466.332 
   780    0.545    0.409  460.345 
   781    0.295    0.417  497.202 
   782    0.527    0.402  495.987 
   783    1.202    0.407  457.293 
   784   -0.338    0.406  469.695 
   785    0.651    0.411  474.155 
   786    1.007    0.413  467.989 
   787    1.300    0.415  455.246 
   788    1.119    0.422  453.280 
   789    0.041    0.418  473.288 
   790   -0.513    0.404  485.257 
   791    0.870    0.398  469.158 
   792   -0.849    0.392  507.635 
   793   -1.347    0.387  519.957 
   794   -0.990    0.398  482.009 
   795   -1.630    0.401  498.711 
   796   -1.555    0.397  511.668 
   797   -0.723    0.403  473.214 
   798   -1.231    0.408  475.533 
   799   -0.294    0.406  471.484 
   800    0.120    0.418  455.516 
   801    0.720    0.419  471.263 
   802    0.792    0.408  470.014 
   803    0.385    0.410  479.479 
   804   -0.057    0.415  478.196 
   805    0.121    0.402  468.463 
   806   -0.726    0.409  456.244 
   807   -0.342    0.403  481.050 
   808   -0.961    0.408  484.460 
   809   -0.669    0.409  482.818 
   810   -1.067    0.414  471.440 
   811   -0.444    0.419  471.765 
   812   -0.975    0.427  456.694 
   813   -0.818    0.412  468.426 
   814   -0.891    0.411  485.402 
   815   -0.477    0.417  469.388 
   816   -0.203    0.407  438.315 
   817    0.195    0.410  418.897 
   818    0.401    0.404  463.107 
   819    0.348    0.402  468.004 
   820    0.427    0.408  480.821 
   821    0.395    0.428  460.970 
   822   -0.268    0.416  461.586 
   823   -0.497    0.424  456.009 
   824   -0.864    0.418  462.600 
   825   -1.814    0.414  467.112 
   826   -1.105    0.413  493.712 
   827   -1.427    0.418  478.995 
   828   -2.298    0.412  493.480 
   829   -1.119    0.414  477.440 
   830   -0.666    0.406  469.036 
   831    0.801    0.403  458.976 
   832    0.616    0.413  436.806 
   833    1.197    0.426  441.623 
   834    1.347    0.411  449.215 
   835    1.698    0.418  448.288 
   836    1.227    0.412  478.272 
   837    0.938    0.412  490.716 
   838    0.099    0.437  478.323 
   839    0.141    0.426  467.262 
   840    0.617    0.421  467.360 
   841    0.504    0.413  463.598 
   842    0.167    0.411  465.275 
   843   -0.371    0.415  451.651 
   844   -0.239    0.418  467.828 
   845    0.205    0.418  439.491 
   846    0.318    0.411  445.808 
   847    0.406    0.406  472.100 
   848    0.460    0.413  460.183 
   849    0.918    0.422  468.711 
   850    1.422    0.407  482.796 
   851    1.026    0.424  499.752 
   852    0.971    0.415  474.846 
   853    0.619    0.415  481.248 
   854   -0.351    0.412  489.605 
   855   -0.036    0.422  474.317 
   856   -0.550    0.424  485.110 
   857   -0.294    0.413  498.682 
   858   -1.500    0.426  496.579 
   859   -2.025    0.426  481.480 
   860   -0.994    0.415  485.452 
   861   -0.730    0.415  486.193 
   862   -0.242    0.425  465.510 
   863    0.330    0.404  500.287 
   864    0.677    0.437  486.959 
   865    0.071    0.431  490.582 
   866    0.001    0.417  474.009 
   867    1.337    0.431  470.294 
   868    0.867    0.434  473.713 
   869    0.924    0.423  479.606 
   870   -0.820    0.422  500.704 
   871    0.107    0.430  494.687 
   872    0.743    0.419  494.868 
   873   -0.033    0.433  512.729 
   874   -0.646    0.431  505.354 
   875   -0.519    0.430  505.536 
   876   -0.479    0.429  511.419 
   877   -0.457    0.431  509.706 
   878   -0.821    0.432  511.007 
   879   -0.171    0.433  493.226 
   880   -0.245    0.438  490.296 
   881   -0.020    0.431  502.759 
   882   -0.369    0.418  499.715 
   883    0.771    0.414  493.338 
   884    0.447    0.426  479.007 
   885    0.259    0.427  499.611 
   886   -0.428    0.430  484.165 
   887   -0.383    0.423  495.450 
   888   -1.518    0.447  505.103 
   889   -1.096    0.419  514.512 
   890   -2.704    0.445  502.906 
   891   -1.934    0.439  498.910 
   892   -1.270    0.430  505.474 
   893   -0.934    0.434  492.297 
   894   -0.227    0.433  506.301 
   895    0.657    0.439  481.095 
   896    1.255    0.434  492.947 
   897    1.592    0.425  475.919 
   898    2.286    0.418  479.685 
   899    1.644    0.434  459.463 
   900    1.742    0.442  459.403 
   901    1.063    0.437  465.929 
   902    0.434    0.424  478.324 
   903    0.860    0.430  466.378 
   904    1.002    0.443  458.590 
   905    0.196    0.423  493.629 
   906   -0.597    0.439  474.718 
   907    0.137    0.435  445.275 
   908   -1.242    0.453  469.482 
   909    0.065    0.436  471.017 
   910    0.041    0.435  462.772 
   911    0.691    0.425  440.256 
   912    0.316    0.427  447.178 
   913    1.099    0.429  448.708 
   914    0.789    0.442  440.239 
   915    0.810    0.445  440.863 
   916    0.282    0.436  430.343 
   917    0.816    0.450  438.321 
   918   -0.112    0.432  439.570 
   919   -0.388    0.450  435.860 
   920   -1.517    0.450  445.219 
   921   -1.564    0.456  455.240 
   922   -1.162    0.440  428.492 
   923   -1.882    0.437  463.260 
   924   -1.613    0.430  465.095 
   925   -1.121    0.439  431.082 
   926   -0.903    0.444  419.568 
   927    0.068    0.448  411.849 
   928    0.360    0.450  423.364 
   929    0.663    0.443  426.910 
   930    0.899    0.440  394.400 
   931    0.227    0.432  403.098 
   932    0.669    0.445  421.285 
   933    0.530    0.420  432.745 
   934    0.090    0.433  408.865 
   935   -0.369    0.433  403.907 
   936   -0.229    0.449  410.531 
   937   -0.118    0.425  412.254 
   938   -0.230    0.447  399.078 
   939   -1.265    0.439  439.655 
   940   -0.675    0.443  424.533 
   941   -0.341    0.429  415.678 
   942   -0.490    0.427  405.544 
   943    0.097    0.428  403.128 
   944   -1.085    0.438  421.544 
   945    0.510    0.443  399.534 
   946    0.456    0.434  395.523 
   947    0.218    0.436  406.422 
   948    0.184    0.445  396.362 
   949    0.245    0.447  391.595 
   950   -0.870    0.445  374.332 
   951   -1.284    0.446  363.693 
   952   -0.729    0.447  384.168 
   953   -0.643    0.442  367.359 
   954   -1.465    0.445  356.122 
   955   -1.477    0.437  372.200 
   956   -0.852    0.442  355.122 
   957   -0.410    0.455  365.696 
   958    0.283    0.443  354.282 
   959   -0.071    0.465  365.019 
   960    0.378    0.446  342.933 
   961    1.536    0.454  353.900 
   962    1.392    0.453  354.994 
   963    3.009    0.455  342.151 
   964    1.298    0.450  368.063 
   965    0.811    0.446  354.291 
   966    0.188    0.466  314.447 
   967    0.517    0.462  322.829 
   968    0.173    0.460  318.265 
   969    0.440    0.472  290.952 
   970   -0.422    0.454  309.800 
   971   -1.018    0.439  344.868 
   972   -0.224    0.454  315.040 
   973   -0.216    0.448  309.957 
   974   -0.398    0.455  294.300 
   975   -0.395    0.452  298.815 
   976    0.850    0.451  290.307 
   977    0.900    0.458  306.256 
   978    0.983    0.450  311.743 
   979    0.402    0.441  319.826 
   980    0.290    0.442  295.001 
   981    1.731    0.439  296.712 
   982    0.397    0.447  288.294 
   983   -0.319    0.448  302.331 
   984   -1.514    0.443  295.850 
   985   -0.527    0.448  286.016 
   986   -1.024    0.462  265.181 
   987   -1.406    0.448  271.785 
   988   -1.354    0.440  256.080 
   989   -0.958    0.443  269.326 
   990   -0.686    0.451  271.791 
   991   -0.326    0.448  287.371 
   992    1.104    0.457  290.397 
   993    0.676    0.446  300.315 
   994    0.823    0.449  292.346 
   995    1.011    0.438  297.767 
   996    0.403    0.457  295.911 
   997    0.496    0.444  298.703 
   998   -0.215    0.443  299.822 
   999   -0.459    0.449  295.088 
  1000    0.328    0.458  308.280 
  1001    0.688    0.448  300.616 
  1002   -0.264    0.450  302.260 
  1003    0.329    0.446  303.776 
  1004   -0.620    0.464  285.487 
  1005   -0.202    0.456  284.242 
  1006   -0.264    0.455  314.433 
  1007    0.435    0.445  299.214 
  1008    0.996    0.450  289.112 
  1009    0.600    0.452  296.001 
  1010    2.656    0.462  307.321 
  1011    0.851    0.469  323.522 
  1012   -0.267    0.469  307.743 
  1013   -1.615    0.452  312.579 
  1014   -1.163    0.480  167.033 
  1015   -1.455    0.565  220.030 
  1016   -0.370    0.657  267.035 
  1017    0.729    0.598  187.362 
  1018   -1.057    0.611  201.993 
  1019   -0.846    0.697  340.447 
  1020   -0.932    1.028 1095.438 
  1021    0.113    1.012 1222.484 
  1022   -0.403    0.880  723.572 
  1023   -1.859    0.751 3448.286 
#--------------------------------------------------------------
