   16     0   1947.298       3.82823       3.336
   16     1   1914.439       3.81681       3.174
   16     2   1937.286       3.81214       2.766
   16     3   1887.117       3.80857       5.403
   16     4   1927.061       3.81322       4.676
   16     5   1883.156       3.82377       3.678
   16     6   1937.388       3.81710       4.399
   16     7   1908.897       3.80728       4.991
   16     8   1930.590       3.81478       2.767
   16     9   1880.971       3.81406       3.473
   16    10   1898.883       3.82435       3.793
   16    11   1912.055       3.81173       4.857
   16    12   1964.288       3.81138       3.864
   16    13   1903.039       3.79986       3.298
   16    14   1925.770       3.82055       3.189
   16    15   1913.657       3.80744       4.586
   16    16   1909.695       3.81878       3.127
   16    17   1883.024       3.81160       4.296
   16    18   1969.617       3.80634       4.222
   16    19   1862.618       3.81534       6.028
   16    20   1938.357       3.81787       5.020
   16    21   1914.907       3.81543       4.645
   16    22   1961.011       3.82050       5.353
   16    23   1894.814       3.83132       3.411
   16    24   1934.497       3.82397       4.697
   16    25   1889.547       3.82767       2.929
   16    26   1922.235       3.82976       2.136
   16    27   1913.607       3.80904       4.273
   16    28   1959.087       3.80981       3.397
   16    29   1885.770       3.81660       3.558
   16    30   1961.587       3.81171       2.281
   16    31   1932.278       3.81052       3.260
   16    32   1917.681       3.82227       4.076
   16    33   1909.019       3.81694       3.165
   16    34   1938.947       3.81898       2.314
   16    35   1879.237       3.81474       5.543
   16    36   1921.342       3.82200       2.846
   16    37   1885.274       3.81974       4.627
   16    38   1971.637       3.82069       6.500
   16    39   1855.221       3.82170       5.082
   16    40   1913.436       3.82399       3.993
   16    41   1910.056       3.82064       3.675
   16    42   1942.380       3.81575       3.130
   16    43   1949.908       3.80786       4.433
   16    44   1980.908       3.81336       2.847
   16    45   1901.392       3.81151       3.296
   16    46   1931.160       3.81547       2.958
   16    47   1921.802       3.79658       5.373
   16    48   1977.536       3.80701       4.482
   16    49   1899.717       3.80802       4.913
   16    50   1934.807       3.82197       4.713
   16    51   1889.751       3.82244       4.988
   16    52   1946.440       3.82088       5.145
   16    53   1893.152       3.82691       5.096
   16    54   1940.244       3.81846       3.838
   16    55   1921.263       3.83188       3.479
   16    56   1957.960       3.81790       3.962
   16    57   1931.809       3.82686       1.831
   16    58   1931.124       3.81165       2.251
   16    59   1893.941       3.81754       3.503
   16    60   1946.483       3.80497       3.027
   16    61   1895.979       3.80305       4.717
   16    62   1942.063       3.80894       4.307
   16    63   1854.233       3.82363       3.494
   16    64   1964.190       3.80701       4.521
   16    65   1885.408       3.81096       5.681
   16    66   1921.969       3.81584       2.631
   16    67   1879.623       3.81267       4.349
   16    68   1932.789       3.82542       3.441
   16    69   1900.699       3.82052       4.686
   16    70   1940.739       3.82396       3.987
   16    71   1907.621       3.82816       3.079
   16    72   1920.909       3.82284       4.237
   16    73   1938.926       3.80739       4.297
   16    74   1944.822       3.80993       2.850
   16    75   1941.574       3.80019       3.277
   16    76   1940.997       3.81843       3.304
   16    77   1890.143       3.81040       3.754
   16    78   1937.748       3.81671       4.570
   16    79   1888.507       3.80286       4.698
   16    80   1954.276       3.82140       2.819
   16    81   1919.237       3.82028       4.700
   16    82   1991.448       3.80825       3.322
   16    83   1927.646       3.81303       4.207
   16    84   1945.943       3.82415       4.979
   16    85   1911.723       3.81812       3.431
   16    86   1940.075       3.80723       5.077
   16    87   1899.527       3.82369       3.468
   16    88   1920.063       3.82139       3.066
   16    89   1955.173       3.80429       4.493
   16    90   1951.649       3.81598       3.545
   16    91   1927.119       3.81081       4.602
   16    92   1972.958       3.81027       1.671
   16    93   1902.150       3.80932       4.272
   16    94   2000.452       3.79111       3.756
   16    95   1893.211       3.81066       4.557
   16    96   1928.002       3.82305       4.874
   16    97   1879.961       3.81032       6.821
   16    98   1920.059       3.81960       2.154
   16    99   1914.583       3.80347       8.245
   16   100   1924.420       3.80257       4.388
   16   101   1894.358       3.81460       4.130
   16   102   1915.885       3.81291       3.962
   16   103   1912.993       3.80681       4.085
   16   104   1939.186       3.81288       6.018
   16   105   1904.817       3.81011       5.356
   16   106   1937.608       3.81193       6.357
   16   107   1930.344       3.81439       4.977
   16   108   1950.538       3.82382       2.702
   16   109   1901.416       3.82278       4.349
   16   110   1929.520       3.81495       3.200
   16   111   1932.124       3.81005       3.823
   16   112   1976.523       3.81174       2.849
   16   113   1884.971       3.80847       4.477
   16   114   1999.679       3.80343       3.923
   16   115   1941.034       3.81956       3.281
   16   116   1956.395       3.81470       3.628
   16   117   1922.307       3.81142       4.901
   16   118   1967.343       3.81353       4.747
   16   119   1883.986       3.81333       5.724
   16   120   1917.810       3.81996       5.330
   16   121   1919.822       3.82460       3.907
   16   122   1953.096       3.81639       3.628
   16   123   1903.025       3.82300       2.656
   16   124   1969.279       3.81754       3.815
   16   125   1886.696       3.82706       3.383
   16   126   1942.970       3.81301       3.064
   16   127   1869.998       3.81743       3.269
   16   128   1934.434       3.80482       3.477
   16   129   1913.199       3.80957       4.140
   16   130   1994.596       3.80310       4.051
   16   131   1874.578       3.82428       5.665
   16   132   1975.435       3.80815       5.488
   16   133   1909.889       3.81842       3.889
   16   134   1958.675       3.81754       4.841
   16   135   1931.019       3.81331       5.087
   16   136   1946.342       3.81807       3.646
   16   137   1944.821       3.81116       3.945
   16   138   1959.493       3.81697       3.332
   16   139   1881.576       3.81542       3.053
   16   140   1971.900       3.79926       2.974
   16   141   1902.645       3.80126       4.928
   16   142   1954.854       3.80687       3.794
   16   143   1882.586       3.81731       4.396
   16   144   1986.378       3.81052       5.101
   16   145   1901.728       3.80818       4.887
   16   146   1960.399       3.80758       5.190
   16   147   1912.349       3.81415       6.512
   16   148   1982.256       3.81464       5.991
   16   149   1947.074       3.80542       5.479
   16   150   2004.112       3.81163       3.065
   16   151   1913.174       3.80355       6.198
   16   152   1899.025       3.82456       4.972
   16   153   1903.226       3.81363       4.674
   16   154   1958.570       3.81326       3.554
   16   155   1942.655       3.80468       4.514
   16   156   1979.101       3.81235       2.893
   16   157   1888.339       3.82070       3.999
   16   158   1962.775       3.79796       3.555
   16   159   1913.985       3.81145       4.600
   16   160   1939.810       3.81805       5.066
   16   161   1917.480       3.81638       4.462
   16   162   1932.400       3.81182       5.696
   16   163   1920.751       3.81621       3.886
   16   164   1917.129       3.82981       3.160
   16   165   1926.022       3.80232       5.001
   16   166   1965.364       3.82330       2.809
   16   167   1854.791       3.82383       4.872
   16   168   1985.982       3.81535       4.425
   16   169   1902.348       3.82052       2.689
   16   170   1909.109       3.80894       3.406
   16   171   1907.714       3.80987       4.920
   16   172   1940.853       3.81661       4.246
   16   173   1894.629       3.80800       4.916
   16   174   1961.000       3.81236       4.260
   16   175   1916.561       3.81996       4.633
   16   176   1927.724       3.82438       4.179
   16   177   1917.420       3.81493       3.855
   16   178   1963.382       3.80942       3.183
   16   179   1880.847       3.82623       3.264
   16   180   1963.173       3.80808       3.780
   16   181   1936.942       3.80727       3.463
   16   182   1957.462       3.81314       3.055
   16   183   1898.691       3.81768       5.132
   16   184   1918.060       3.82800       5.409
   16   185   1900.131       3.81744       4.452
   16   186   1932.723       3.81180       5.612
   16   187   1926.053       3.80845       5.142
   16   188   1953.319       3.81215       3.512
   16   189   1901.098       3.80012       4.817
   16   190   1941.418       3.80096       4.584
   16   191   1878.905       3.81721       5.988
   16   192   1923.374       3.81516       5.567
   16   193   1907.561       3.80991       5.352
   16   194   1972.517       3.81696       5.135
   16   195   1906.036       3.81205       6.889
   16   196   1912.463       3.82453       3.561
   16   197   1876.440       3.82269       4.083
   16   198   1952.514       3.81306       3.139
   16   199   1918.190       3.81511       5.313
   16   200   1953.522       3.81996       4.054
   16   201   1917.523       3.81170       3.742
   16   202   1916.447       3.82126       2.111
   16   203   1904.154       3.81820       3.177
   16   204   1901.220       3.82305       2.749
   16   205   1929.392       3.81209       5.063
   16   206   1952.571       3.81058       4.147
   16   207   1947.959       3.80633       5.861
   16   208   1903.793       3.81548       4.014
   16   209   1935.487       3.79684       4.993
   16   210   1961.269       3.81011       3.776
   16   211   1912.867       3.81061       3.334
   16   212   1953.983       3.80960       4.048
   16   213   1930.533       3.79820       3.262
   16   214   1983.096       3.79959       3.905
   16   215   1902.094       3.81069       6.878
   16   216   1941.721       3.81211       4.176
   16   217   1894.971       3.80761       5.831
   16   218   1909.960       3.81591       3.783
   16   219   1920.184       3.80885       5.691
   16   220   1911.380       3.81880       5.363
   16   221   1928.473       3.81094       6.528
   16   222   1917.444       3.82591       3.471
   16   223   1881.995       3.82491       4.288
   16   224   1993.475       3.80931       7.121
   16   225   1889.905       3.81214       5.629
   16   226   1963.655       3.82092       2.672
   16   227   1912.131       3.81079       4.889
   16   228   1966.236       3.81460       3.575
   16   229   1913.373       3.80195       5.468
   16   230   1995.334       3.82097       3.396
   16   231   1951.599       3.81468       5.424
   16   232   1902.940       3.83344       4.939
   16   233   1922.344       3.80849       4.171
   16   234   1971.096       3.81311       5.099
   16   235   1889.916       3.81572       5.066
   16   236   1995.874       3.80131       4.184
   16   237   1961.029       3.80965       4.201
   16   238   1984.986       3.80916       5.719
   16   239   1919.439       3.81180       5.460
   16   240   1978.925       3.81816       4.870
   16   241   1905.385       3.82094       5.459
   16   242   1923.792       3.82390       3.391
   16   243   1875.076       3.81905       5.843
   16   244   1944.190       3.82290       4.041
   16   245   1899.419       3.82020       5.599
   16   246   1915.876       3.81827       3.800
   16   247   1868.165       3.82007       4.666
   16   248   1963.272       3.81890       4.123
   16   249   1884.800       3.80936       6.583
   16   250   1970.437       3.80770       4.301
   16   251   1884.631       3.82449       4.355
   16   252   1918.164       3.81666       3.874
   16   253   1909.921       3.81255       4.172
   16   254   1952.610       3.80316       4.061
   16   255   1920.947       3.81095       4.042
   16   256   1932.939       3.81809       4.013
   16   257   1919.150       3.80901       5.221
   16   258   1988.438       3.80388       5.411
   16   259   1926.202       3.81329       7.858
   16   260   1951.492       3.80929       4.920
   16   261   1914.069       3.82741       4.450
   16   262   1935.215       3.81838       3.015
   16   263   1904.970       3.81682       3.504
   16   264   1948.779       3.80708       5.006
   16   265   1875.083       3.81636       5.364
   16   266   1962.798       3.79881       3.743
   16   267   1923.344       3.80387       3.931
   16   268   1923.259       3.80961       6.216
   16   269   1880.762       3.81577       4.338
   16   270   1952.323       3.80941       4.677
   16   271   1876.812       3.82622       4.696
   16   272   1964.670       3.81381       3.836
   16   273   1877.864       3.82259       4.697
   16   274   1926.489       3.81424       4.442
   16   275   1902.865       3.81564       6.978
   16   276   1947.409       3.82703       3.954
   16   277   1928.407       3.81417       3.132
   16   278   1963.763       3.80613       3.653
   16   279   1921.555       3.79991       5.566
   16   280   1954.300       3.81110       4.016
   16   281   1923.603       3.80158       6.154
   16   282   1949.571       3.81263       4.888
   16   283   1932.192       3.81505       2.608
   16   284   1936.035       3.82330       3.479
   16   285   1903.855       3.82781       3.141
   16   286   1997.158       3.80858       3.960
   16   287   1862.014       3.82046       3.061
   16   288   1942.500       3.81322       3.986
   16   289   1917.596       3.81565       2.918
   16   290   1909.291       3.81248       2.874
   16   291   1903.366       3.80205       6.737
   16   292   1969.030       3.82224       4.443
   16   293   1944.955       3.81620       5.099
   16   294   2001.560       3.81338       3.590
   16   295   1857.065       3.83616       5.038
   16   296   1928.119       3.81930       4.319
   16   297   1915.746       3.80857       4.441
   16   298   1940.453       3.81564       2.336
   16   299   1873.432       3.81755       2.720
   16   300   1961.423       3.80432       4.919
   16   301   1912.703       3.80855       5.224
   16   302   1940.694       3.81594       5.222
   16   303   1906.185       3.81780       6.533
   16   304   1935.949       3.81692       5.103
   16   305   1937.195       3.80967       4.982
   16   306   1984.586       3.81040       3.486
   16   307   1898.003       3.82751       4.407
   16   308   1985.879       3.81546       5.425
   16   309   1923.322       3.80362       4.345
   16   310   1939.393       3.80934       3.965
   16   311   1953.657       3.79871       5.076
   16   312   1964.798       3.80973       5.800
   16   313   1896.680       3.81059       6.146
   16   314   1939.196       3.81194       4.251
   16   315   1931.405       3.81595       5.418
   16   316   1902.142       3.82853       4.267
   16   317   1915.556       3.81585       5.825
   16   318   1948.243       3.81855       7.304
   16   319   1873.386       3.81714       3.980
   16   320   1954.709       3.80456       2.946
   16   321   1885.284       3.80441       4.862
   16   322   1983.637       3.79549       4.963
   16   323   1898.196       3.80667       5.395
   16   324   1944.295       3.80954       5.530
   16   325   1863.828       3.81973       6.072
   16   326   1931.661       3.82971       4.489
   16   327   1898.430       3.82679       5.802
   16   328   1979.822       3.80390       5.850
   16   329   1928.173       3.82240       3.380
   16   330   1918.475       3.81513       4.966
   16   331   1876.424       3.82265       4.731
   16   332   1944.596       3.82230       4.380
   16   333   1868.369       3.82162       3.548
   16   334   1941.660       3.81191       4.724
   16   335   1861.971       3.81744       5.831
   16   336   1984.206       3.80471       5.127
   16   337   1938.984       3.80889       3.248
   16   338   1983.414       3.80095       4.406
   16   339   1935.921       3.79809       4.075
   16   340   1934.852       3.81461       6.239
   16   341   1925.979       3.81570       6.048
   16   342   1948.945       3.81998       5.826
   16   343   1879.767       3.82605       5.208
   16   344   1905.656       3.81981       6.555
   16   345   1894.776       3.82091       3.867
   16   346   1949.963       3.81209       4.165
   16   347   1884.271       3.80545       4.393
   16   348   1948.983       3.80878       3.834
   16   349   1893.801       3.81343       4.376
   16   350   1899.338       3.82264       4.219
   16   351   1886.169       3.80963       5.095
   16   352   1945.218       3.82456       4.700
   16   353   1888.007       3.82203       5.054
   16   354   1957.614       3.81648       4.584
   16   355   1908.514       3.82262       2.885
   16   356   1953.869       3.80900       4.625
   16   357   1906.794       3.81718       3.433
   16   358   1945.408       3.81276       4.429
   16   359   1893.483       3.80687       6.691
   16   360   1937.940       3.81315       4.637
   16   361   1883.109       3.81811       4.329
   16   362   1965.090       3.80996       4.402
   16   363   1916.513       3.80974       4.524
   16   364   1908.434       3.83727       2.743
   16   365   1882.066       3.81673       5.263
   16   366   1969.082       3.81151       4.311
   16   367   1923.573       3.81575       3.808
   16   368   1967.837       3.81562       3.502
   16   369   1882.453       3.81281       6.004
   16   370   1973.050       3.79935       3.686
   16   371   1917.927       3.80988       4.492
   16   372   1947.875       3.81234       5.319
   16   373   1900.074       3.81369       6.117
   16   374   1951.938       3.82242       5.394
   16   375   1931.802       3.80931       4.637
   16   376   1977.090       3.80681       5.912
   16   377   1920.444       3.81333       4.696
   16   378   1960.947       3.82360       4.284
   16   379   1876.695       3.81969       4.980
   16   380   1948.463       3.82334       3.021
   16   381   1880.366       3.81998       5.698
   16   382   1930.022       3.80342       6.555
   16   383   1913.983       3.81257       5.628
   16   384   1954.604       3.82147       4.634
   16   385   1930.998       3.80318       4.705
   16   386   1981.317       3.80181       5.482
   16   387   1897.086       3.80732       4.866
   16   388   1943.565       3.81490       4.354
   16   389   1889.978       3.80714       5.623
   16   390   1942.456       3.80117       6.354
   16   391   1892.917       3.81584       3.392
   16   392   1933.548       3.80837       4.597
   16   393   1888.398       3.82328       4.035
   16   394   1963.845       3.81316       5.899
   16   395   1918.082       3.82979       5.602
   16   396   1943.873       3.82466       6.000
   16   397   1921.502       3.82154       5.559
   16   398   1920.284       3.82008       3.006
   16   399   1883.831       3.81587       5.264
   16   400   1947.289       3.82139       3.304
   16   401   1887.714       3.82002       4.013
   16   402   1959.945       3.80872       3.525
   16   403   1935.176       3.80909       4.178
   16   404   1933.598       3.81093       4.580
   16   405   1898.926       3.81110       6.289
   16   406   1922.783       3.81718       5.404
   16   407   1905.033       3.82476       3.862
   16   408   1961.382       3.81702       4.957
   16   409   1898.445       3.81359       4.984
   16   410   1983.829       3.81509       2.929
   16   411   1916.122       3.81519       5.583
   16   412   1918.422       3.82208       2.800
   16   413   1908.595       3.82859       4.499
   16   414   1948.168       3.81818       2.586
   16   415   1910.490       3.80065       4.651
   16   416   1984.739       3.80364       4.516
   16   417   1914.397       3.80771       4.363
   16   418   1946.734       3.80780       4.346
   16   419   1926.979       3.82309       6.025
   16   420   1989.711       3.80723       4.667
   16   421   1900.378       3.82597       4.326
   16   422   1936.397       3.82403       4.986
   16   423   1893.819       3.82648       3.738
   16   424   1950.090       3.81624       4.595
   16   425   1920.930       3.81374       4.481
   16   426   1975.628       3.80721       3.874
   16   427   1926.304       3.81636       3.125
   16   428   1961.357       3.81292       4.748
   16   429   1881.082       3.82104       5.182
   16   430   1947.788       3.82455       3.602
   16   431   1875.513       3.82867       4.287
   16   432   1959.602       3.80798       4.395
   16   433   1937.804       3.80044       0.005
   16   434   1939.312       3.81387       3.242
   16   435   1912.354       3.81443       3.928
   16   436   1917.483       3.82523       4.556
   16   437   1912.867       3.81472       6.182
   16   438   1920.520       3.82245       4.634
   16   439   1929.750       3.79876       5.559
   16   440   1952.325       3.80181       4.848
   16   441   1927.461       3.80811       4.955
   16   442   1961.447       3.81526       2.429
   16   443   1932.138       3.80835       6.703
   16   444   1971.746       3.81630       5.210
   16   445   1939.222       3.81406       3.692
   16   446   1990.851       3.81079       4.623
   16   447   1880.680       3.81780       5.983
   16   448   1945.039       3.81362       3.695
   16   449   1886.966       3.81818       4.876
   16   450   1919.291       3.81341       2.759
   16   451   1881.708       3.81377       4.113
   16   452   1949.966       3.80755       4.996
   16   453   1899.420       3.82254       3.472
   16   454   1979.533       3.81582       4.957
   16   455   1891.679       3.82527       5.004
   16   456   1921.090       3.82525       4.229
   16   457   1912.407       3.81478       4.449
   16   458   1952.361       3.81180       3.740
   16   459   1878.545       3.82421       3.709
   16   460   1949.062       3.82233       4.977
   16   461   1881.179       3.83167       5.879
   16   462   1965.050       3.81907       3.782
   16   463   1918.812       3.82133       4.736
   16   464   1912.926       3.82358       5.370
   16   465   1849.500       3.82105       4.392
   16   466   1923.083       3.83152       3.925
   16   467   1898.823       3.82164       3.350
   16   468   1915.779       3.82444       2.580
   16   469   1900.280       3.82082       2.692
   16   470   1974.015       3.80500       5.861
   16   471   1929.558       3.80791       5.162
   16   472   1887.217       3.82166       3.820
   16   473   1929.710       3.79946       6.309
   16   474   1925.669       3.80636       3.921
   16   475   1933.851       3.80958       5.247
   16   476   1961.334       3.80957       3.696
   16   477   1882.725       3.80191       6.339
   16   478   1975.908       3.82418       3.866
   16   479   1896.199       3.82632       4.492
   16   480   1958.242       3.81820       4.402
   16   481   1876.079       3.83065       5.575
   16   482   1952.626       3.81674       3.454
   16   483   1880.912       3.81819       5.590
   16   484   1912.490       3.82069       4.050
   16   485   1871.014       3.81404       5.631
   16   486   1930.545       3.82836       3.938
   16   487   1890.179       3.82374       7.890
   16   488   2003.173       3.81133       4.548
   16   489   1913.059       3.81863       3.622
   16   490   1925.679       3.81589       4.674
   16   491   1894.277       3.81183       3.147
   16   492   1957.685       3.81522       2.351
   16   493   1929.701       3.80702       4.556
   16   494   1967.522       3.80795       3.299
   16   495   1900.609       3.81420       5.102
   16   496   1927.044       3.81614       4.815
   16   497   1921.995       3.80502       5.367
   16   498   1876.068       3.78982       2.974
   16   499   1795.568       3.78614       5.303
   16   500   1844.230       3.80302       6.274
   16   501   1838.003       3.81984       3.938
   16   502   1880.964       3.81653       4.116
   16   503   1849.713       3.79919       8.671
   16   504   1936.126       3.84459       4.127
   16   505   1911.441       3.82568       3.518
   16   506   1958.959       3.81035       3.846
   16   507   1893.748       3.81478       2.651
   16   508   1941.734       3.81701       3.933
   16   509   1886.477       3.82379       5.841
   16   510   1932.326       3.82631       3.898
   16   511   1929.776       3.80040       5.581
   16   512   1947.049       3.79753       5.363
   16   513   1875.161       3.81772       3.806
   16   514   1916.845       3.79717       5.953
   16   515   1888.429       3.79912       5.844
   16   516   1886.058       3.79652       5.096
   16   517   1895.964       3.78553       7.406
   16   518   1878.303       3.80376       5.176
   16   519   1869.632       3.81131       5.527
   16   520   1876.699       3.82080       3.773
   16   521   1881.176       3.81518       6.108
   16   522   1915.794       3.81432       3.721
   16   523   1915.387       3.80965       4.264
   16   524   1900.438       3.80944       3.732
   16   525   1861.498       3.81508       6.196
   16   526   1908.693       3.80449       6.675
   16   527   1900.618       3.79781       3.542
   16   528   1904.831       3.80413       2.750
   16   529   1885.797       3.80234       4.306
   16   530   1889.762       3.80041       3.540
   16   531   1912.492       3.79065       6.888
   16   532   1903.648       3.81150       3.620
   16   533   1937.926       3.81157       4.126
   16   534   1831.282       3.81701       4.502
   16   535   1907.504       3.81452       3.192
   16   536   1893.317       3.80981       3.929
   16   537   1904.659       3.81419       3.049
   16   538   1896.375       3.81061       2.607
   16   539   1889.940       3.80268       4.826
   16   540   1897.014       3.81314       3.743
   16   541   1872.399       3.81599       1.710
   16   542   1868.058       3.80277       4.008
   16   543   1926.878       3.80127       4.184
   16   544   1884.195       3.81433       4.581
   16   545   1863.342       3.81705       3.935
   16   546   1892.423       3.81208       5.520
   16   547   1923.525       3.80274       3.657
   16   548   1873.884       3.81659       2.949
   16   549   1887.088       3.80709       5.609
   16   550   1915.522       3.79890       6.543
   16   551   1920.367       3.79843       5.297
   16   552   1888.079       3.81808       4.509
   16   553   1884.901       3.81060       5.108
   16   554   1909.850       3.79025       6.392
   16   555   1893.009       3.81175       4.803
   16   556   1861.369       3.80858       4.733
   16   557   1878.017       3.82132       2.985
   16   558   1911.138       3.80726       3.245
   16   559   1867.932       3.81949       3.479
   16   560   1856.716       3.80435       6.173
   16   561   1918.276       3.80860       2.866
   16   562   1861.280       3.81002       4.354
   16   563   1866.361       3.81205       3.176
   16   564   1886.145       3.81447       4.742
   16   565   1879.279       3.80569       6.256
   16   566   1840.847       3.80899       6.707
   16   567   1880.111       3.81452       3.466
   16   568   1857.505       3.81630       6.430
   16   569   1885.486       3.79383       6.266
   16   570   1931.725       3.79677       5.792
   16   571   1889.290       3.80888       4.618
   16   572   1905.231       3.79873       5.957
   16   573   1861.069       3.82063       5.183
   16   574   1892.636       3.81208       4.942
   16   575   1868.427       3.81688       5.078
   16   576   1871.952       3.82682       3.717
   16   577   1856.696       3.81834       5.026
   16   578   1899.785       3.80113       5.931
   16   579   1872.561       3.80476       4.338
   16   580   1868.134       3.80783       3.168
   16   581   1870.266       3.80357       4.823
   16   582   1889.234       3.79100       5.638
   16   583   1890.620       3.79359       4.805
   16   584   1836.941       3.81038       6.977
   16   585   1925.839       3.80264       5.574
   16   586   1894.691       3.79398       6.410
   16   587   1925.001       3.79662       5.690
   16   588   1893.833       3.79194       8.351
   16   589   1908.705       3.79926       7.499
   16   590   1876.122       3.80510       6.328
   16   591   1866.870       3.82115       4.476
   16   592   1889.005       3.81218       5.351
   16   593   1884.071       3.80293       7.425
   16   594   1862.512       3.80766       4.187
   16   595   1904.288       3.80740       4.893
   16   596   1903.017       3.80342       4.159
   16   597   1901.625       3.80131       4.141
   16   598   1925.723       3.79900       6.851
   16   599   1869.313       3.81808       3.501
   16   600   1897.809       3.81261       4.330
   16   601   1911.626       3.81316       5.759
   16   602   1909.622       3.80592       6.489
   16   603   1904.594       3.81747       2.605
   16   604   1852.276       3.81787       3.379
   16   605   1886.935       3.81966       4.103
   16   606   1913.327       3.81110       4.304
   16   607   1857.827       3.81563       5.489
   16   608   1868.149       3.81776       4.309
   16   609   1884.915       3.81400       4.762
   16   610   1846.918       3.81190       5.775
   16   611   1910.586       3.80829       3.625
   16   612   1928.182       3.78312       6.523
   16   613   1872.513       3.80187       5.739
   16   614   1874.429       3.80606       5.594
   16   615   1936.141       3.79240       6.595
   16   616   1890.265       3.78968       5.610
   16   617   1919.546       3.78929       8.390
   16   618   1870.319       3.81419       6.329
   16   619   1882.911       3.80419       7.188
   16   620   1930.951       3.80710       6.139
   16   621   1900.443       3.81471       4.791
   16   622   1912.316       3.81557       3.861
   16   623   1920.738       3.81759       3.435
   16   624   1894.594       3.80795       4.744
   16   625   1889.080       3.80335       6.555
   16   626   1896.416       3.79538       5.424
   16   627   1913.772       3.80721       3.074
   16   628   1897.490       3.81287       3.716
   16   629   1909.327       3.80234       4.926
   16   630   1887.917       3.81592       2.688
   16   631   1870.039       3.80174       5.659
   16   632   1847.344       3.81069       5.121
   16   633   1890.792       3.80467       3.895
   16   634   1900.326       3.80772       2.876
   16   635   1909.187       3.80624       6.200
   16   636   1883.318       3.81359       3.250
   16   637   1896.522       3.81098       6.361
   16   638   1912.001       3.80168       4.710
   16   639   1909.568       3.81655       4.000
   16   640   1902.885       3.81031       3.983
   16   641   1900.280       3.80413       5.705
   16   642   1884.161       3.80110       6.329
   16   643   1864.440       3.80423       4.193
   16   644   1876.950       3.80714       6.969
   16   645   1898.580       3.79638       7.165
   16   646   1870.812       3.81698       5.793
   16   647   1876.855       3.81632       4.467
   16   648   1877.843       3.81618       6.111
   16   649   1870.246       3.82508       5.030
   16   650   1848.315       3.80986       5.551
   16   651   1889.934       3.79566       5.024
   16   652   1914.527       3.81667       4.759
   16   653   1921.313       3.81444       2.939
   16   654   1913.825       3.80325       5.862
   16   655   1922.094       3.80748       3.009
   16   656   1895.675       3.81218       2.814
   16   657   1885.711       3.81829       4.661
   16   658   1895.198       3.81373       3.414
   16   659   1889.223       3.81024       4.405
   16   660   1872.086       3.79811       4.675
   16   661   1907.690       3.79854       5.109
   16   662   1889.696       3.80890       3.877
   16   663   1872.503       3.80689       5.902
   16   664   1886.224       3.80941       5.813
   16   665   1891.303       3.80969       4.523
   16   666   1904.908       3.80907       5.348
   16   667   1885.691       3.81432       4.678
   16   668   1912.093       3.81127       5.210
   16   669   1859.009       3.82276       4.218
   16   670   1878.077       3.81230       4.608
   16   671   1920.532       3.79422       3.960
   16   672   1922.077       3.80360       4.886
   16   673   1855.515       3.81032       7.099
   16   674   1861.418       3.81035       5.191
   16   675   1889.777       3.81368       6.437
   16   676   1895.287       3.82609       3.446
   16   677   1923.606       3.82540       3.529
   16   678   1940.327       3.80229       4.596
   16   679   1937.039       3.81157       4.066
   16   680   1914.836       3.80578       4.080
   16   681   1894.853       3.80266       4.312
   16   682   1882.682       3.80074       4.487
   16   683   1882.886       3.81241       3.431
   16   684   1860.377       3.81040       4.644
   16   685   1918.540       3.80289       4.460
   16   686   1853.906       3.80807       5.130
   16   687   1857.456       3.80868       6.367
   16   688   1873.991       3.80924       2.883
   16   689   1883.319       3.80874       4.470
   16   690   1891.269       3.79993       7.264
   16   691   1922.380       3.80259       6.040
   16   692   1866.186       3.81587       4.780
   16   693   1890.924       3.81000       6.179
   16   694   1864.447       3.81425       6.133
   16   695   1916.854       3.80757       3.010
   16   696   1916.806       3.81441       3.134
   16   697   1888.009       3.80067       5.233
   16   698   1915.587       3.79892       5.316
   16   699   1881.520       3.81001       4.893
   16   700   1890.453       3.80761       7.300
   16   701   1890.410       3.79672       6.014
   16   702   1911.478       3.79071       5.823
   16   703   1896.613       3.80735       2.193
   16   704   1875.374       3.81072       3.829
   16   705   1937.467       3.79454       4.187
   16   706   1895.057       3.81116       5.111
   16   707   1885.379       3.80967       4.984
   16   708   1865.217       3.80373       6.530
   16   709   1895.851       3.81116       4.472
   16   710   1867.372       3.80820       5.784
   16   711   1887.358       3.80093       3.662
   16   712   1905.817       3.80104       5.075
   16   713   1877.267       3.80758       6.323
   16   714   1903.466       3.80452       4.502
   16   715   1866.652       3.81774       5.209
   16   716   1909.812       3.80135       4.320
   16   717   1897.610       3.80042       6.532
   16   718   1846.703       3.81800       3.926
   16   719   1871.176       3.80705       6.036
   16   720   1896.364       3.82405       4.300
   16   721   1855.100       3.81103       4.851
   16   722   1905.999       3.80270       5.742
   16   723   1919.211       3.80431       5.580
   16   724   1874.525       3.81398       5.259
   16   725   1888.977       3.80412       3.965
   16   726   1899.394       3.79763       5.386
   16   727   1878.375       3.80218       4.318
   16   728   1871.988       3.81502       3.527
   16   729   1899.529       3.80490       6.285
   16   730   1905.310       3.80131       7.126
   16   731   1933.278       3.79998       4.099
   16   732   1878.756       3.80613       6.173
   16   733   1863.848       3.80461       5.664
   16   734   1917.061       3.80673       2.879
   16   735   1896.528       3.80255       4.549
   16   736   1890.755       3.82658       3.858
   16   737   1879.938       3.80946       8.035
   16   738   1888.586       3.82053       3.509
   16   739   1932.683       3.80878       2.735
   16   740   1887.044       3.80619       4.015
   16   741   1914.480       3.80439       2.620
   16   742   1881.802       3.79417       3.855
   16   743   1851.172       3.80292       4.818
   16   744   1885.417       3.80401       5.692
   16   745   1886.627       3.80523       4.946
   16   746   1856.549       3.81845       3.433
   16   747   1872.265       3.80095       3.087
   16   748   1893.558       3.80280       3.818
   16   749   1894.777       3.79322       4.913
   16   750   1843.739       3.80524       4.461
   16   751   1878.514       3.81002       4.757
   16   752   1885.381       3.82010       4.862
   16   753   1870.472       3.82467       4.068
   16   754   1840.375       3.81443       5.801
   16   755   1866.705       3.82435       2.686
   16   756   1895.850       3.81000       2.297
   16   757   1907.577       3.80853       5.664
   16   758   1875.956       3.80557       5.664
   16   759   1945.496       3.80220       4.149
   16   760   1887.568       3.81262       6.375
   16   761   1909.333       3.79805       4.852
   16   762   1897.442       3.80908       5.046
   16   763   1885.925       3.81088       5.030
   16   764   1901.627       3.81544       4.630
   16   765   1888.222       3.81807       5.642
   16   766   1885.835       3.81422       5.890
   16   767   1897.240       3.80440       4.236
   16   768   1865.788       3.81130       4.562
   16   769   1891.005       3.81272       2.695
   16   770   1872.059       3.80203       6.323
   16   771   1901.974       3.79993       5.204
   16   772   1861.464       3.81221       5.390
   16   773   1880.859       3.80556       7.410
   16   774   1893.594       3.80114       6.454
   16   775   1878.760       3.80297       5.339
   16   776   1892.627       3.80970       4.184
   16   777   1904.885       3.80703       5.742
   16   778   1884.056       3.82055       7.304
   16   779   1889.179       3.80214       5.970
   16   780   1898.403       3.81189       6.244
   16   781   1857.402       3.81075       7.378
   16   782   1894.082       3.80044       5.964
   16   783   1908.713       3.80260       3.779
   16   784   1873.747       3.81619       4.490
   16   785   1903.824       3.80125       3.011
   16   786   1871.669       3.80699       5.284
   16   787   1880.779       3.80552       3.048
   16   788   1880.463       3.81492       4.198
   16   789   1892.815       3.80312       4.296
   16   790   1923.505       3.80697       3.843
   16   791   1879.359       3.79823       5.865
   16   792   1873.266       3.80751       4.247
   16   793   1912.932       3.80681       4.053
   16   794   1876.694       3.81850       4.526
   16   795   1900.071       3.82325       4.028
   16   796   1885.886       3.80724       5.500
   16   797   1891.079       3.81056       5.424
   16   798   1877.679       3.80218       4.137
   16   799   1859.903       3.81182       4.892
   16   800   1884.361       3.82246       4.811
   16   801   1885.326       3.80617       6.652
   16   802   1909.477       3.81159       5.334
   16   803   1874.211       3.80355       5.296
   16   804   1912.389       3.80612       5.936
   16   805   1882.891       3.80316       4.642
   16   806   1905.462       3.80170       4.315
   16   807   1907.663       3.80141       4.729
   16   808   1874.337       3.81523       4.210
   16   809   1893.947       3.80365       4.063
   16   810   1870.926       3.80827       6.629
   16   811   1900.406       3.80043       5.023
   16   812   1881.819       3.81121       5.340
   16   813   1905.692       3.80432       4.761
   16   814   1924.015       3.80095       5.683
   16   815   1892.878       3.80810       4.374
   16   816   1888.437       3.80305       4.576
   16   817   1904.027       3.80420       4.835
   16   818   1942.893       3.79366       6.353
   16   819   1880.661       3.81094       5.222
   16   820   1891.850       3.82585       4.321
   16   821   1866.203       3.81321       4.258
   16   822   1905.245       3.81631       4.624
   16   823   1883.924       3.81550       4.482
   16   824   1883.878       3.80880       6.617
   16   825   1894.878       3.80865       3.504
   16   826   1889.103       3.80273       3.897
   16   827   1893.206       3.80602       4.473
   16   828   1899.974       3.80192       5.210
   16   829   1915.624       3.80219       5.233
   16   830   1909.472       3.80460       4.211
   16   831   1871.438       3.81827       4.567
   16   832   1864.956       3.80585       4.942
   16   833   1871.671       3.80437       5.097
   16   834   1906.451       3.81495       4.134
   16   835   1879.953       3.81185       3.606
   16   836   1932.770       3.79808       4.633
   16   837   1902.100       3.80274       4.985
   16   838   1884.016       3.80752       4.330
   16   839   1919.601       3.79320       4.857
   16   840   1884.444       3.79836       4.326
   16   841   1883.954       3.79367       5.505
   16   842   1899.271       3.80183       5.243
   16   843   1913.757       3.79722       5.330
   16   844   1882.802       3.80827       5.534
   16   845   1902.949       3.80965       4.883
   16   846   1883.079       3.79681       6.606
   16   847   1879.433       3.81108       3.964
   16   848   1918.089       3.81044       4.965
   16   849   1857.739       3.81808       6.269
   16   850   1880.971       3.80805       6.184
   16   851   1890.386       3.80020       6.359
   16   852   1929.012       3.80386       4.238
   16   853   1874.128       3.81025       5.102
   16   854   1837.536       3.81301       3.782
   16   855   1899.540       3.80579       3.911
   16   856   1895.354       3.79522       5.059
   16   857   1897.414       3.82393       2.589
   16   858   1902.076       3.81258       4.012
   16   859   1906.632       3.80975       5.145
   16   860   1875.736       3.80454       5.817
   16   861   1871.925       3.80535       4.888
   16   862   1890.125       3.81609       4.873
   16   863   1887.344       3.80293       6.009
   16   864   1895.196       3.81627       3.351
   16   865   1907.390       3.80930       4.864
   16   866   1906.291       3.80685       5.092
   16   867   1865.083       3.80295       4.518
   16   868   1900.797       3.81092       3.214
   16   869   1881.232       3.81586       3.797
   16   870   1873.155       3.80969       6.282
   16   871   1849.152       3.81504       3.903
   16   872   1877.655       3.81225       4.912
   16   873   1895.918       3.80688       5.373
   16   874   1882.160       3.81218       3.659
   16   875   1905.685       3.80106       4.509
   16   876   1923.915       3.80952       3.187
   16   877   1883.685       3.81546       3.359
   16   878   1871.633       3.80881       5.023
   16   879   1900.893       3.80251       4.176
   16   880   1904.448       3.80999       3.375
   16   881   1920.353       3.79657       4.099
   16   882   1886.475       3.81357       6.149
   16   883   1880.722       3.81016       4.867
   16   884   1884.285       3.81147       5.306
   16   885   1936.810       3.80834       3.518
   16   886   1881.978       3.80674       5.456
   16   887   1896.279       3.81801       2.748
   16   888   1905.212       3.80925       5.785
   16   889   1891.635       3.80282       6.310
   16   890   1898.272       3.80849       5.067
   16   891   1933.365       3.80240       4.299
   16   892   1867.810       3.80481       7.099
   16   893   1841.518       3.80786       5.533
   16   894   1885.858       3.80784       6.794
   16   895   1860.318       3.81756       4.199
   16   896   1901.878       3.81115       4.596
   16   897   1877.491       3.80857       4.853
   16   898   1864.399       3.81821       8.027
   16   899   1860.539       3.81944       6.540
   16   900   1897.041       3.80107       5.118
   16   901   1917.024       3.81539       4.357
   16   902   1889.374       3.81926       2.952
   16   903   1921.904       3.79953       4.757
   16   904   1863.963       3.81042       5.363
   16   905   1914.798       3.80035       5.210
   16   906   1908.999       3.80814       4.928
   16   907   1905.800       3.78391       4.842
   16   908   1909.262       3.79687       4.234
   16   909   1931.110       3.79122       6.304
   16   910   1921.594       3.80028       6.511
   16   911   1924.884       3.80414       4.159
   16   912   1883.001       3.79992       5.079
   16   913   1937.949       3.79756       5.868
   16   914   1884.977       3.81153       4.553
   16   915   1910.583       3.80402       4.692
   16   916   1925.920       3.81362       3.746
   16   917   1878.147       3.82195       4.526
   16   918   1905.120       3.81814       3.005
   16   919   1900.346       3.80436       3.655
   16   920   1918.897       3.79985       2.834
   16   921   1886.367       3.80004       4.265
   16   922   1877.818       3.81803       3.128
   16   923   1937.588       3.79935       2.159
   16   924   1874.209       3.80256       6.091
   16   925   1923.640       3.79307       5.110
   16   926   1898.546       3.80138       5.690
   16   927   1945.153       3.79666       4.597
   16   928   1896.543       3.82497       3.664
   16   929   1917.971       3.80911       2.572
   16   930   1896.799       3.82324       3.503
   16   931   1897.167       3.80850       2.395
   16   932   1926.280       3.80441       3.463
   16   933   1898.007       3.80463       4.932
   16   934   1881.039       3.80222       4.922
   16   935   1910.817       3.80495       4.668
   16   936   1897.985       3.81031       3.428
   16   937   1885.568       3.81574       4.297
   16   938   1881.261       3.81248       5.084
   16   939   1933.477       3.79435       4.962
   16   940   1891.569       3.81133       3.402
   16   941   1862.037       3.81141       4.745
   16   942   1869.982       3.80856       5.745
   16   943   1933.993       3.80316       4.333
   16   944   1908.223       3.80511       6.974
   16   945   1882.132       3.80937       4.240
   16   946   1899.677       3.81327       4.622
   16   947   1930.838       3.80739       2.814
   16   948   1875.967       3.81349       4.277
   16   949   1880.715       3.81441       4.028
   16   950   1858.043       3.81115       3.570
   16   951   1837.154       3.80712       5.485
   16   952   1920.529       3.80953       3.551
   16   953   1885.794       3.80961       3.672
   16   954   1918.050       3.79951       5.665
   16   955   1908.101       3.80264       4.645
   16   956   1858.697       3.81696       5.140
   16   957   1872.728       3.81367       4.410
   16   958   1871.481       3.81607       4.125
   16   959   1891.811       3.81667       3.381
   16   960   1848.277       3.81877       3.485
   16   961   1885.217       3.80993       6.406
   16   962   1858.383       3.81073       3.646
   16   963   1868.973       3.81180       3.820
   16   964   1902.827       3.79993       4.187
   16   965   1911.682       3.80173       4.766
   16   966   1907.020       3.79561       5.731
   16   967   1878.937       3.81461       4.505
   16   968   1876.717       3.81654       4.211
   16   969   1884.859       3.82000       5.237
   16   970   1875.868       3.80572       4.665
   16   971   1930.183       3.80739       3.998
   16   972   1908.577       3.80533       4.823
   16   973   1884.922       3.80102       3.774
   16   974   1919.328       3.79279       4.027
   16   975   1902.045       3.80817       3.107
   16   976   1919.107       3.79357       6.440
   16   977   1875.006       3.80399       3.910
   16   978   1921.994       3.80222       6.937
   16   979   1873.702       3.80926       5.318
   16   980   1891.947       3.81046       7.183
   16   981   1892.829       3.81438       4.818
   16   982   1868.321       3.81910       4.172
   16   983   1888.083       3.81784       4.439
   16   984   1869.195       3.81762       5.095
   16   985   1895.035       3.80861       5.384
   16   986   1891.291       3.80846       3.955
   16   987   1910.096       3.81513       2.803
   16   988   1889.027       3.80060       4.393
   16   989   1886.405       3.80322       4.916
   16   990   1910.213       3.80264       5.715
   16   991   1874.134       3.80875       2.639
   16   992   1909.627       3.81339       4.596
   16   993   1859.584       3.82260       5.214
   16   994   1906.274       3.79445       3.973
   16   995   1903.988       3.80988       3.553
   16   996   1846.330       3.82847       3.085
   16   997   1895.997       3.82134       2.667
   16   998   1884.762       3.81831       4.712
   16   999   1916.377       3.81037       3.749
   16  1000   1892.458       3.80923       5.309
   16  1001   1882.133       3.81965       3.283
   16  1002   1898.624       3.81740       3.247
   16  1003   1867.072       3.81255       5.057
   16  1004   1929.772       3.79768       3.790
   16  1005   1900.356       3.81126       2.656
   16  1006   1858.875       3.81306       5.032
   16  1007   1870.550       3.80717       5.491
   16  1008   1878.884       3.80784       5.554
   16  1009   1895.346       3.80801       4.113
   16  1010   1856.149       3.81029       2.850
   16  1011   1869.557       3.79341       4.120
   16  1012   1863.508       3.80024       4.311
   16  1013   1842.288       3.81796       3.012
   16  1014   1925.449       3.79955       3.595
   16  1015   1890.313       3.80609       4.400
   16  1016   1859.066       3.81057       2.958
   16  1017   1894.160       3.80153       4.029
   16  1018   1870.187       3.82880       3.336
   16  1019   1864.641       3.81979       4.823
   16  1020   1867.627       3.80956       4.962
   16  1021   1904.436       3.82814       3.136
   16  1022   1868.693       3.81573       5.080
   16  1023   1901.727       3.81382       3.439
