   23     0   1920.462       3.78305       3.909
   23     1   1871.834       3.77840       4.554
   23     2   1917.553       3.77679       3.944
   23     3   1887.124       3.76513       3.316
   23     4   1899.880       3.76384       5.964
   23     5   1873.919       3.75401       7.031
   23     6   1918.191       3.76842       5.215
   23     7   1867.000       3.75300       8.576
   23     8   1878.492       3.77169       6.958
   23     9   1875.515       3.75871       6.728
   23    10   1914.506       3.78223       5.780
   23    11   1888.534       3.77136       5.018
   23    12   1918.971       3.77702       3.664
   23    13   1886.874       3.75878       6.760
   23    14   1938.629       3.76263       5.560
   23    15   1847.531       3.76284       3.627
   23    16   1875.190       3.78508       4.025
   23    17   1857.574       3.77295       4.948
   23    18   1937.518       3.76583       4.717
   23    19   1883.428       3.75009       7.508
   23    20   1912.400       3.77214       6.521
   23    21   1857.815       3.76532       8.187
   23    22   1951.379       3.78182       4.013
   23    23   1860.083       3.78228       7.844
   23    24   1940.764       3.79693       3.468
   23    25   1837.605       3.78837       3.472
   23    26   1937.641       3.77081       3.266
   23    27   1846.454       3.78030       5.315
   23    28   1906.706       3.77426       3.188
   23    29   1852.770       3.76737       4.626
   23    30   1919.148       3.76699       4.948
   23    31   1858.068       3.76577       5.496
   23    32   1911.632       3.76790       7.682
   23    33   1841.719       3.76104       7.534
   23    34   1915.777       3.78321       3.259
   23    35   1885.039       3.76140       4.709
   23    36   1899.218       3.77010       4.485
   23    37   1898.124       3.75719       6.357
   23    38   1908.030       3.78413       4.768
   23    39   1857.426       3.77817       5.586
   23    40   1912.413       3.78425       5.976
   23    41   1874.164       3.77963       5.535
   23    42   1912.862       3.77623       4.777
   23    43   1893.001       3.76263       6.298
   23    44   1908.174       3.77215       4.842
   23    45   1870.941       3.75860       5.866
   23    46   1969.011       3.77067       3.580
   23    47   1847.849       3.75948       7.195
   23    48   1945.524       3.76508       3.784
   23    49   1857.296       3.76460       8.222
   23    50   1930.923       3.77730       6.729
   23    51   1865.643       3.77540       6.744
   23    52   1902.673       3.79772       5.157
   23    53   1869.975       3.78015       4.215
   23    54   1937.520       3.78106       4.079
   23    55   1876.339       3.77716       4.962
   23    56   1909.525       3.78317       4.820
   23    57   1898.174       3.76546       5.466
   23    58   1889.884       3.76874       3.490
   23    59   1875.677       3.75833       7.030
   23    60   1910.061       3.76039       4.144
   23    61   1837.561       3.76961       5.036
   23    62   1935.527       3.77651       3.650
   23    63   1843.340       3.76913       5.828
   23    64   1922.329       3.76972       6.287
   23    65   1880.482       3.75869       5.740
   23    66   1912.470       3.76755       4.024
   23    67   1861.767       3.76672       7.814
   23    68   1960.034       3.77464       3.838
   23    69   1843.120       3.78372       6.134
   23    70   1903.598       3.77627       5.028
   23    71   1889.312       3.77249       6.046
   23    72   1901.012       3.77712       4.868
   23    73   1854.435       3.76806       7.424
   23    74   1924.028       3.76648       6.020
   23    75   1875.536       3.76578       5.648
   23    76   1928.341       3.77791       4.491
   23    77   1883.454       3.76623       5.833
   23    78   1867.952       3.78008       7.073
   23    79   1839.870       3.76419       8.958
   23    80   1920.562       3.77197       4.528
   23    81   1890.287       3.75827       7.103
   23    82   1879.655       3.78323       3.862
   23    83   1905.262       3.76452       5.442
   23    84   1897.989       3.79203       5.661
   23    85   1852.484       3.78420       5.199
   23    86   1902.731       3.77112       4.527
   23    87   1856.464       3.77435       5.560
   23    88   1944.502       3.77261       4.511
   23    89   1880.935       3.76355       5.905
   23    90   1911.537       3.77672       4.628
   23    91   1891.538       3.77415       3.523
   23    92   1922.059       3.77758       3.527
   23    93   1856.464       3.76534       7.814
   23    94   1911.024       3.77595       5.720
   23    95   1843.034       3.77148       5.786
   23    96   1902.760       3.77870       3.217
   23    97   1868.159       3.75979       8.001
   23    98   1914.565       3.77081       4.852
   23    99   1908.473       3.75213       4.690
   23   100   1908.250       3.77058       5.596
   23   101   1865.386       3.76707       5.878
   23   102   1838.278       3.78115       5.647
   23   103   1862.431       3.77060       6.531
   23   104   1939.232       3.76767       5.307
   23   105   1886.005       3.76035       6.931
   23   106   1942.800       3.77401       5.451
   23   107   1887.112       3.75382       8.405
   23   108   1928.685       3.78181       4.723
   23   109   1879.133       3.77607       4.843
   23   110   1898.376       3.78255       5.344
   23   111   1879.057       3.76084       8.840
   23   112   1918.256       3.77743       2.263
   23   113   1864.074       3.75957       5.587
   23   114   1900.002       3.77434       3.557
   23   115   1853.198       3.76855       5.162
   23   116   1915.402       3.76363       4.386
   23   117   1842.864       3.76799       5.677
   23   118   1962.430       3.78586       3.574
   23   119   1838.241       3.76594       8.739
   23   120   1917.944       3.77348       6.045
   23   121   1866.431       3.76994       7.505
   23   122   1941.001       3.77591       5.407
   23   123   1901.937       3.77177       6.136
   23   124   1920.048       3.78070       4.286
   23   125   1837.629       3.76577       5.496
   23   126   1896.875       3.78072       4.845
   23   127   1854.058       3.77494       3.983
   23   128   1915.173       3.77821       4.178
   23   129   1875.646       3.77415       4.397
   23   130   1915.548       3.77066       5.673
   23   131   1803.991       3.76283       7.696
   23   132   1891.949       3.77811       5.207
   23   133   1896.785       3.76656       5.402
   23   134   1917.631       3.78485       4.532
   23   135   1849.573       3.78424       7.300
   23   136   1912.966       3.79144       5.117
   23   137   1889.840       3.76540       6.139
   23   138   1904.573       3.77097       3.661
   23   139   1837.178       3.76328       4.359
   23   140   1916.222       3.77098       4.693
   23   141   1840.346       3.75963       6.978
   23   142   1907.475       3.76462       5.873
   23   143   1845.862       3.76230       7.939
   23   144   1917.169       3.76158       5.931
   23   145   1882.820       3.75598       7.680
   23   146   1934.547       3.77428       5.600
   23   147   1843.857       3.77423       6.715
   23   148   1908.170       3.78847       3.178
   23   149   1872.586       3.75826       4.978
   23   150   1912.653       3.77112       5.985
   23   151   1847.944       3.76183       6.958
   23   152   1933.313       3.78407       3.315
   23   153   1878.823       3.76919       6.480
   23   154   1907.278       3.77048       3.724
   23   155   1858.411       3.77041       6.111
   23   156   1924.325       3.76881       4.621
   23   157   1874.976       3.76837       5.684
   23   158   1909.665       3.77451       4.153
   23   159   1860.710       3.76103       6.324
   23   160   1891.828       3.77692       3.714
   23   161   1845.194       3.75873       8.711
   23   162   1908.778       3.77743       4.853
   23   163   1843.305       3.77595       5.396
   23   164   1895.714       3.78233       6.314
   23   165   1840.932       3.77896       4.940
   23   166   1944.412       3.77083       4.926
   23   167   1904.278       3.75978       6.342
   23   168   1897.337       3.77800       3.310
   23   169   1863.594       3.77468       5.215
   23   170   1928.712       3.76828       5.147
   23   171   1855.471       3.76635       5.153
   23   172   1908.938       3.77539       5.398
   23   173   1862.517       3.76538       6.398
   23   174   1933.567       3.78381       3.915
   23   175   1879.495       3.77079       6.422
   23   176   1899.879       3.78319       4.689
   23   177   1892.703       3.76867       7.014
   23   178   1962.166       3.76075       3.718
   23   179   1885.391       3.76436       7.691
   23   180   1917.449       3.76190       6.421
   23   181   1860.097       3.77153       5.026
   23   182   1919.967       3.77519       4.307
   23   183   1887.085       3.77609       3.992
   23   184   1941.437       3.77862       6.940
   23   185   1892.227       3.76984       5.485
   23   186   1935.454       3.77769       3.922
   23   187   1858.364       3.77701       4.917
   23   188   1920.074       3.76289       4.939
   23   189   1894.172       3.74790       5.817
   23   190   1943.772       3.76083       4.524
   23   191   1911.103       3.74842       6.461
   23   192   1897.387       3.77666       4.634
   23   193   1842.427       3.76630       7.354
   23   194   1897.051       3.78284       6.026
   23   195   1862.973       3.76589       8.163
   23   196   1925.004       3.78511       3.830
   23   197   1824.100       3.77485       9.280
   23   198   1859.345       3.78568       5.789
   23   199   1850.923       3.77133       8.497
   23   200   1892.009       3.78512       5.655
   23   201   1867.983       3.77813       4.276
   23   202   1928.913       3.77182       5.233
   23   203   1859.268       3.76429       7.352
   23   204   1915.823       3.77177       4.678
   23   205   1864.055       3.76680       9.159
   23   206   1924.019       3.77864       5.497
   23   207   1877.668       3.77297       5.970
   23   208   1955.640       3.77669       4.324
   23   209   1845.215       3.76899       7.969
   23   210   1900.468       3.78361       5.396
   23   211   1835.089       3.76781       5.924
   23   212   1898.905       3.78369       2.926
   23   213   1869.529       3.75891       6.102
   23   214   1911.214       3.76879       5.447
   23   215   1875.559       3.75322       6.520
   23   216   1956.729       3.77271       3.767
   23   217   1866.158       3.76272       6.083
   23   218   1906.195       3.78028       6.396
   23   219   1879.576       3.77035       6.190
   23   220   1892.610       3.78155       4.699
   23   221   1912.923       3.76337       6.237
   23   222   1950.356       3.77471       4.219
   23   223   1865.553       3.76960       7.052
   23   224   1920.479       3.78274       4.086
   23   225   1887.566       3.75890       8.081
   23   226   1913.580       3.77359       3.663
   23   227   1860.984       3.76384       4.319
   23   228   1914.855       3.76899       6.845
   23   229   1880.927       3.76337       7.042
   23   230   1943.044       3.77303       4.730
   23   231   1838.373       3.77241       7.931
   23   232   1902.225       3.78107       7.309
   23   233   1893.212       3.76588       5.823
   23   234   1874.745       3.77712       6.844
   23   235   1842.727       3.76509       4.197
   23   236   1930.176       3.76645       3.420
   23   237   1878.123       3.75859       6.402
   23   238   1934.546       3.77703       3.498
   23   239   1881.244       3.75688       7.396
   23   240   1922.489       3.77137       5.193
   23   241   1834.108       3.77027       8.309
   23   242   1940.383       3.77717       5.776
   23   243   1891.132       3.76453       8.350
   23   244   1908.693       3.77784       5.889
   23   245   1835.682       3.77620       7.159
   23   246   1952.658       3.76540       4.768
   23   247   1880.093       3.76396       8.838
   23   248   1928.395       3.77677       2.805
   23   249   1898.571       3.74882       7.050
   23   250   1919.818       3.77901       3.399
   23   251   1875.370       3.76504       6.714
   23   252   1940.964       3.77277       4.688
   23   253   1868.205       3.76879       5.242
   23   254   1909.571       3.76928       5.469
   23   255   1886.734       3.76118       5.542
   23   256   1942.520       3.77885       2.454
   23   257   1876.720       3.75568       5.864
   23   258   1923.795       3.78226       5.217
   23   259   1849.256       3.76753       9.640
   23   260   1938.887       3.78373       5.904
   23   261   1893.047       3.76303       6.416
   23   262   1885.946       3.78317       6.329
   23   263   1852.024       3.76638       8.136
   23   264   1900.489       3.78959       4.283
   23   265   1845.022       3.77657       5.127
   23   266   1921.823       3.76697       4.728
   23   267   1844.109       3.75750       6.260
   23   268   1929.917       3.75773       7.713
   23   269   1904.689       3.74321      11.378
   23   270   1882.381       3.77577       5.352
   23   271   1895.767       3.76511       7.732
   23   272   1925.538       3.77090       5.296
   23   273   1852.704       3.77576       5.531
   23   274   1932.943       3.76861       5.025
   23   275   1877.183       3.76956       7.484
   23   276   1937.430       3.77855       4.381
   23   277   1826.701       3.77624       4.115
   23   278   1931.224       3.76758       6.824
   23   279   1889.795       3.75648       6.681
   23   280   1929.392       3.76190       4.280
   23   281   1847.650       3.76484       6.779
   23   282   1932.658       3.77878       4.295
   23   283   1852.993       3.78202       4.996
   23   284   1917.583       3.78298       3.588
   23   285   1903.103       3.76327       8.719
   23   286   1874.217       3.79758       3.223
   23   287   1875.681       3.77323       3.939
   23   288   1900.467       3.77560       3.216
   23   289   1880.913       3.75539       5.125
   23   290   1885.407       3.77393       4.467
   23   291   1865.678       3.75151       8.387
   23   292   1944.590       3.76829       7.350
   23   293   1871.969       3.77141       8.998
   23   294   1929.928       3.78556       8.221
   23   295   1860.214       3.77598       6.896
   23   296   1941.088       3.77906       2.995
   23   297   1863.511       3.76862       5.962
   23   298   1934.931       3.77356       3.568
   23   299   1873.246       3.75263       5.401
   23   300   1922.907       3.77712       3.762
   23   301   1873.603       3.76422       7.884
   23   302   1943.237       3.77406       4.380
   23   303   1906.676       3.75735       5.510
   23   304   1899.860       3.78283       6.347
   23   305   1853.870       3.76719       5.037
   23   306   1898.321       3.78577       5.300
   23   307   1811.937       3.78330       5.748
   23   308   1905.285       3.77811       5.133
   23   309   1846.629       3.77225       5.072
   23   310   1844.532       3.78925       4.179
   23   311   1859.385       3.77199       4.543
   23   312   1926.835       3.77303       4.168
   23   313   1879.448       3.76846       5.564
   23   314   1959.992       3.77390       3.823
   23   315   1856.112       3.75926       7.636
   23   316   1925.884       3.77780       2.867
   23   317   1877.912       3.76607       8.737
   23   318   1930.151       3.77498       4.650
   23   319   1886.177       3.76036       6.790
   23   320   1929.358       3.76566       5.680
   23   321   1820.685       3.76645       5.254
   23   322   1915.842       3.77000       4.220
   23   323   1854.590       3.77636       6.526
   23   324   1918.233       3.77751       3.472
   23   325   1846.797       3.77401       8.185
   23   326   1897.614       3.78939       3.943
   23   327   1845.724       3.76599      11.113
   23   328   1913.015       3.77561       5.796
   23   329   1859.424       3.76727       9.875
   23   330   1923.023       3.78283       3.490
   23   331   1849.590       3.77311       6.024
   23   332   1910.192       3.78151       3.905
   23   333   1844.644       3.77021       9.212
   23   334   1928.180       3.77012       5.872
   23   335   1859.387       3.77124       5.202
   23   336   1937.662       3.77416       4.579
   23   337   1883.460       3.76368       5.274
   23   338   1904.940       3.78290       2.724
   23   339   1872.590       3.76403       6.780
   23   340   1899.627       3.77900       4.829
   23   341   1871.083       3.79010       5.843
   23   342   1950.657       3.78190       4.809
   23   343   1856.109       3.77575       7.227
   23   344   1900.008       3.77472       7.048
   23   345   1872.528       3.77853       5.371
   23   346   1927.143       3.77777       4.106
   23   347   1867.099       3.76948       4.360
   23   348   1906.174       3.76798       4.596
   23   349   1892.729       3.75637       5.007
   23   350   1955.027       3.75759       5.352
   23   351   1847.537       3.76427       5.681
   23   352   1865.499       3.78217       8.252
   23   353   1844.484       3.76512       8.220
   23   354   1912.799       3.77998       4.284
   23   355   1898.341       3.75882       5.738
   23   356   1903.789       3.76877       5.576
   23   357   1806.017       3.77366       5.000
   23   358   1911.110       3.76758       6.843
   23   359   1863.106       3.75736       6.829
   23   360   1915.450       3.78015       6.222
   23   361   1875.090       3.77235       4.570
   23   362   1922.047       3.77837       6.331
   23   363   1846.503       3.76217       7.295
   23   364   1933.317       3.77019       5.045
   23   365   1864.551       3.77278       4.126
   23   366   1882.840       3.78145       3.664
   23   367   1862.942       3.77532       5.409
   23   368   1923.006       3.77657       5.091
   23   369   1871.691       3.77007       5.816
   23   370   1892.264       3.77828       4.553
   23   371   1846.808       3.76739       7.233
   23   372   1942.816       3.77456       4.373
   23   373   1895.722       3.76418       5.500
   23   374   1909.140       3.76847       5.240
   23   375   1854.878       3.76743       5.069
   23   376   1933.764       3.77179       7.285
   23   377   1841.937       3.78392       5.764
   23   378   1936.480       3.77214       6.623
   23   379   1902.001       3.75894       6.985
   23   380   1928.954       3.77909       4.510
   23   381   1878.180       3.76862       6.412
   23   382   1949.325       3.75695       6.332
   23   383   1866.245       3.75968       8.222
   23   384   1887.623       3.78236       4.519
   23   385   1821.766       3.77652       3.791
   23   386   1940.454       3.76806       4.216
   23   387   1877.263       3.76524       5.376
   23   388   1909.407       3.77740       3.172
   23   389   1850.837       3.77123       4.271
   23   390   1893.721       3.76561       6.532
   23   391   1883.867       3.77122       4.297
   23   392   1899.985       3.77194       7.420
   23   393   1858.605       3.76165       9.329
   23   394   1893.966       3.78412       6.109
   23   395   1855.891       3.77238       7.256
   23   396   1903.274       3.79053       5.536
   23   397   1891.287       3.76616       8.074
   23   398   1934.467       3.77969       3.855
   23   399   1864.497       3.77299       6.014
   23   400   1855.601       3.78888       4.961
   23   401   1876.738       3.76114       5.333
   23   402   1939.131       3.76336       5.311
   23   403   1880.073       3.76161       7.003
   23   404   1917.445       3.77142       5.467
   23   405   1870.549       3.76305       7.912
   23   406   1956.865       3.76982       5.576
   23   407   1885.609       3.76765       7.772
   23   408   1965.586       3.77644       4.098
   23   409   1913.154       3.75606       7.450
   23   410   1958.724       3.78101       4.043
   23   411   1879.431       3.77675       3.896
   23   412   1921.668       3.78593       3.513
   23   413   1849.782       3.78078       6.966
   23   414   1964.957       3.76353       3.720
   23   415   1824.424       3.75460       7.317
   23   416   1945.203       3.77314       4.395
   23   417   1891.044       3.75609       5.784
   23   418   1944.055       3.78358       2.472
   23   419   1850.675       3.76032       7.247
   23   420   1893.229       3.78285       6.483
   23   421   1857.682       3.77778       8.137
   23   422   1900.944       3.79195       4.882
   23   423   1849.780       3.77941       7.754
   23   424   1914.787       3.78463       2.819
   23   425   1837.211       3.77335       4.889
   23   426   1936.861       3.77295       5.341
   23   427   1883.916       3.76018       6.666
   23   428   1907.419       3.78419       4.748
   23   429   1896.722       3.76124       7.108
   23   430   1896.093       3.77575       4.702
   23   431   1859.636       3.76717       6.429
   23   432   1921.200       3.76875       4.651
   23   433   1848.877       3.75890       5.496
   23   434   1899.269       3.76652       3.910
   23   435   1845.867       3.76581       6.278
   23   436   1917.902       3.78549       3.709
   23   437   1867.232       3.76520       7.385
   23   438   1975.261       3.75951       6.234
   23   439   1853.144       3.76891       5.223
   23   440   1946.312       3.77294       4.646
   23   441   1865.985       3.77497       4.365
   23   442   1942.748       3.76871       5.447
   23   443   1861.735       3.78170       5.724
   23   444   1932.702       3.77855       3.307
   23   445   1858.438       3.77876       5.702
   23   446   1909.059       3.78750       3.836
   23   447   1833.154       3.77064       5.386
   23   448   1918.565       3.78788       5.075
   23   449   1855.830       3.77236       4.744
   23   450   1911.378       3.78075       3.488
   23   451   1849.994       3.76237       5.933
   23   452   1903.333       3.77520       6.619
   23   453   1849.837       3.76901       3.611
   23   454   1965.057       3.76319       3.685
   23   455   1892.786       3.76061       7.901
   23   456   1899.906       3.77241       5.073
   23   457   1881.069       3.77062       6.998
   23   458   1898.251       3.76985       6.319
   23   459   1863.375       3.75519       6.679
   23   460   1934.335       3.77412       5.936
   23   461   1911.694       3.75582       9.729
   23   462   1929.534       3.77965       5.402
   23   463   1874.786       3.77886       7.591
   23   464   1913.608       3.77742       4.219
   23   465   1858.776       3.78255       6.131
   23   466   1910.065       3.78594       4.678
   23   467   1849.955       3.77920       4.811
   23   468   1953.052       3.77509       4.924
   23   469   1856.657       3.77461       5.801
   23   470   1914.496       3.76299       4.612
   23   471   1816.072       3.76340       5.237
   23   472   1961.711       3.75258       4.993
   23   473   1856.684       3.76402       7.401
   23   474   1936.454       3.76926       5.870
   23   475   1857.180       3.76480       6.489
   23   476   1903.351       3.77713       3.813
   23   477   1879.779       3.75983       9.645
   23   478   1932.111       3.77319       5.863
   23   479   1851.056       3.77762       7.291
   23   480   1913.199       3.78047       5.851
   23   481   1877.643       3.76578       8.254
   23   482   1919.859       3.77534       4.326
   23   483   1863.857       3.76363       8.325
   23   484   1943.870       3.76828       5.377
   23   485   1880.704       3.76504       6.684
   23   486   1922.656       3.77558       4.721
   23   487   1855.585       3.77728       6.433
   23   488   1926.695       3.77705       6.023
   23   489   1887.001       3.76791       5.130
   23   490   1920.937       3.76447       5.288
   23   491   1828.317       3.76468       7.110
   23   492   1959.699       3.75192       4.516
   23   493   1866.300       3.76322       6.320
   23   494   1918.906       3.77216       6.250
   23   495   1869.917       3.77115       5.273
   23   496   1916.333       3.77972       5.199
   23   497   1882.890       3.76228       7.232
   23   498   1851.095       3.73405       3.854
   23   499   1812.469       3.73373       5.619
   23   500   1860.897       3.76348       5.728
   23   501   1787.420       3.76340       4.656
   23   502   1870.914       3.76044       7.519
   23   503   1787.372       3.76977      12.082
   23   504   1934.761       3.78702       6.137
   23   505   1860.591       3.77442       6.567
   23   506   1919.317       3.77838       5.299
   23   507   1871.443       3.76554       5.820
   23   508   1920.945       3.77568       6.427
   23   509   1851.778       3.78418       4.904
   23   510   1935.891       3.77556       4.534
   23   511   1843.647       3.76891       6.942
   23   512   1846.764       3.77339       5.716
   23   513   1868.462       3.75954       5.053
   23   514   1851.084       3.76335       6.536
   23   515   1838.970       3.75931       4.101
   23   516   1891.631       3.74762       7.209
   23   517   1855.528       3.74432      11.717
   23   518   1860.394       3.75910       7.407
   23   519   1863.872       3.75728       5.378
   23   520   1861.971       3.77445       6.246
   23   521   1828.496       3.76945       6.596
   23   522   1868.734       3.76840       8.316
   23   523   1838.248       3.76756       4.954
   23   524   1856.129       3.76697       8.389
   23   525   1864.713       3.76046       5.630
   23   526   1858.039       3.76932       5.562
   23   527   1885.820       3.74436       5.792
   23   528   1843.620       3.76284       4.858
   23   529   1869.810       3.74519       8.757
   23   530   1875.441       3.75383       4.832
   23   531   1894.591       3.74080       5.835
   23   532   1869.292       3.77807       6.295
   23   533   1878.453       3.75731       7.275
   23   534   1812.107       3.77486       6.451
   23   535   1842.163       3.77460       4.910
   23   536   1893.586       3.76892       5.521
   23   537   1856.286       3.77027       5.224
   23   538   1858.995       3.77257       6.981
   23   539   1829.665       3.75688       6.334
   23   540   1883.440       3.75517       6.084
   23   541   1844.917       3.76333       5.060
   23   542   1881.874       3.75897       6.187
   23   543   1884.879       3.76190       5.566
   23   544   1868.716       3.75858       6.875
   23   545   1862.654       3.75794       6.752
   23   546   1854.922       3.77575       5.589
   23   547   1855.565       3.74842       6.741
   23   548   1865.907       3.77001       3.017
   23   549   1852.080       3.76225       4.225
   23   550   1871.049       3.76596       6.202
   23   551   1848.252       3.76728       4.966
   23   552   1868.027       3.77323       6.337
   23   553   1833.733       3.77352       3.979
   23   554   1855.193       3.76933       6.816
   23   555   1849.287       3.76920       5.004
   23   556   1870.828       3.77700       5.913
   23   557   1824.758       3.76757       6.944
   23   558   1865.694       3.76659       4.881
   23   559   1848.411       3.76834       5.258
   23   560   1865.698       3.76048       5.134
   23   561   1843.757       3.75520       4.723
   23   562   1870.146       3.76211       5.177
   23   563   1880.536       3.75246       6.541
   23   564   1855.507       3.75190       5.987
   23   565   1890.062       3.74924       5.775
   23   566   1858.293       3.77995       6.133
   23   567   1874.005       3.76670       4.440
   23   568   1882.334       3.75806       4.642
   23   569   1888.493       3.74729       9.072
   23   570   1875.967       3.76975       3.765
   23   571   1860.924       3.76978       6.124
   23   572   1830.612       3.77358       4.899
   23   573   1856.805       3.76685       5.607
   23   574   1848.593       3.77384       7.418
   23   575   1822.819       3.76782       7.750
   23   576   1870.795       3.77330       6.093
   23   577   1834.816       3.76508       6.640
   23   578   1846.099       3.76750       5.019
   23   579   1849.962       3.75625       6.852
   23   580   1883.329       3.75712       5.223
   23   581   1862.065       3.75487       7.504
   23   582   1882.223       3.75945       5.322
   23   583   1875.246       3.75610       6.856
   23   584   1892.686       3.75689       4.927
   23   585   1886.748       3.75004       7.229
   23   586   1836.045       3.77124       5.079
   23   587   1864.536       3.75434       8.106
   23   588   1875.874       3.75676       8.337
   23   589   1855.527       3.76345       6.744
   23   590   1867.457       3.76541       8.127
   23   591   1845.437       3.77630       5.810
   23   592   1864.343       3.76213       5.805
   23   593   1851.763       3.74711       7.504
   23   594   1801.617       3.76520       6.685
   23   595   1886.697       3.74903       5.573
   23   596   1871.804       3.77055       4.163
   23   597   1865.534       3.74982       5.794
   23   598   1875.681       3.75822       5.776
   23   599   1867.665       3.75819       6.880
   23   600   1866.696       3.77238       5.174
   23   601   1887.848       3.75398       8.650
   23   602   1857.185       3.77723       5.306
   23   603   1840.644       3.76307       5.587
   23   604   1861.973       3.76684       6.177
   23   605   1847.165       3.76776       4.603
   23   606   1883.314       3.76178       8.682
   23   607   1843.488       3.76380       6.896
   23   608   1864.203       3.77476       5.125
   23   609   1831.808       3.75784       7.019
   23   610   1872.727       3.76516       5.831
   23   611   1847.113       3.75187       5.430
   23   612   1875.536       3.75294       7.943
   23   613   1898.434       3.74391       6.414
   23   614   1882.021       3.75480       4.595
   23   615   1842.380       3.74988       6.312
   23   616   1888.784       3.76145       7.040
   23   617   1851.940       3.75050       7.452
   23   618   1838.927       3.76572       5.707
   23   619   1890.741       3.75246       5.210
   23   620   1824.629       3.76699       5.657
   23   621   1838.762       3.75776       8.143
   23   622   1857.719       3.77357       5.119
   23   623   1839.657       3.76234       5.520
   23   624   1843.221       3.77603       3.467
   23   625   1873.445       3.75184       6.266
   23   626   1893.293       3.76440       3.271
   23   627   1892.941       3.75251       4.738
   23   628   1839.900       3.76328       5.575
   23   629   1865.821       3.75471       5.254
   23   630   1840.939       3.76662       3.986
   23   631   1868.101       3.74905       7.795
   23   632   1872.597       3.76641       4.458
   23   633   1825.666       3.74874       6.418
   23   634   1865.776       3.77128       6.385
   23   635   1885.638       3.75358       7.237
   23   636   1810.091       3.78017       4.798
   23   637   1876.717       3.77033       4.487
   23   638   1888.113       3.77474       4.624
   23   639   1866.244       3.76317       6.152
   23   640   1832.521       3.77328       3.719
   23   641   1828.177       3.75754       4.951
   23   642   1856.975       3.76260       7.280
   23   643   1824.803       3.76871       3.339
   23   644   1888.529       3.75434       4.387
   23   645   1849.814       3.75327       6.288
   23   646   1897.228       3.75590       8.468
   23   647   1897.422       3.74432       7.940
   23   648   1886.032       3.76866       5.067
   23   649   1825.676       3.76543       6.268
   23   650   1865.765       3.77602       5.801
   23   651   1849.671       3.75974       6.884
   23   652   1879.800       3.76684       5.499
   23   653   1839.961       3.76031       6.391
   23   654   1867.964       3.77409       5.353
   23   655   1877.316       3.76258       4.731
   23   656   1882.920       3.76319       4.141
   23   657   1868.785       3.75130       8.630
   23   658   1871.590       3.75254       8.033
   23   659   1865.513       3.74688       6.804
   23   660   1865.979       3.76532       4.679
   23   661   1858.687       3.75432       8.225
   23   662   1865.971       3.76258       5.418
   23   663   1889.109       3.75817       4.514
   23   664   1851.492       3.76581       5.571
   23   665   1903.431       3.75548       6.854
   23   666   1908.262       3.77382       3.515
   23   667   1868.646       3.76293       4.938
   23   668   1874.203       3.77063       5.533
   23   669   1874.322       3.76145       5.101
   23   670   1881.896       3.76116       5.694
   23   671   1830.530       3.76473       4.767
   23   672   1853.602       3.76281       5.677
   23   673   1850.711       3.75799       5.573
   23   674   1898.637       3.76316       4.305
   23   675   1856.781       3.77042       7.583
   23   676   1874.365       3.76979       5.289
   23   677   1828.431       3.77260       6.343
   23   678   1861.925       3.78327       3.500
   23   679   1836.484       3.76067       6.962
   23   680   1868.843       3.76058       5.646
   23   681   1859.605       3.74681       6.636
   23   682   1833.193       3.76183       5.469
   23   683   1829.139       3.74778       6.690
   23   684   1892.969       3.75407       5.838
   23   685   1881.199       3.75509       6.895
   23   686   1852.316       3.76613       6.114
   23   687   1898.035       3.74293       7.359
   23   688   1886.749       3.76161       4.519
   23   689   1871.564       3.75044       6.803
   23   690   1844.323       3.76895       5.041
   23   691   1852.727       3.75163       7.502
   23   692   1881.845       3.75446       7.239
   23   693   1825.223       3.76456       5.604
   23   694   1863.327       3.75665       6.585
   23   695   1841.642       3.75919       7.609
   23   696   1871.101       3.76128       6.165
   23   697   1870.507       3.76724       5.728
   23   698   1896.996       3.76868       4.316
   23   699   1852.519       3.76377       5.316
   23   700   1880.129       3.76404       4.413
   23   701   1825.650       3.76620       5.974
   23   702   1861.401       3.76094       7.876
   23   703   1876.179       3.75883       5.616
   23   704   1887.614       3.74663       6.780
   23   705   1843.201       3.74803       6.806
   23   706   1866.198       3.76885       6.448
   23   707   1866.585       3.76044       8.470
   23   708   1890.614       3.75683       6.404
   23   709   1867.751       3.74975       8.956
   23   710   1816.952       3.76448       5.210
   23   711   1851.756       3.75298       6.223
   23   712   1871.861       3.76003       6.733
   23   713   1904.927       3.73769       8.070
   23   714   1847.273       3.77130       6.118
   23   715   1849.049       3.75920       4.772
   23   716   1880.893       3.75734       7.590
   23   717   1853.623       3.75572       7.707
   23   718   1837.180       3.77293       4.861
   23   719   1821.778       3.76957       6.361
   23   720   1833.829       3.77608       6.119
   23   721   1839.060       3.76609       5.912
   23   722   1825.370       3.76427       5.499
   23   723   1889.586       3.74815       5.627
   23   724   1872.492       3.76386       6.740
   23   725   1854.987       3.76433       3.174
   23   726   1889.302       3.75685       6.759
   23   727   1836.631       3.75469       4.215
   23   728   1876.748       3.76584       5.017
   23   729   1886.311       3.74364       6.868
   23   730   1884.700       3.76512       4.212
   23   731   1860.585       3.76325       6.864
   23   732   1865.735       3.76851       1.108
   23   733   1858.766       3.75882       6.872
   23   734   1865.944       3.76185       6.260
   23   735   1872.726       3.76666       7.319
   23   736   1890.449       3.76021       6.421
   23   737   1848.446       3.77353       4.800
   23   738   1853.398       3.76482       5.292
   23   739   1833.496       3.76194       5.659
   23   740   1879.426       3.75827       5.405
   23   741   1913.718       3.74780       4.941
   23   742   1883.064       3.76300       5.195
   23   743   1884.051       3.76048       3.721
   23   744   1882.436       3.75103       7.070
   23   745   1838.602       3.76077       5.838
   23   746   1859.259       3.76497       8.033
   23   747   1858.357       3.75337       7.370
   23   748   1874.941       3.75478       6.996
   23   749   1896.305       3.74244       5.186
   23   750   1883.615       3.74912       9.937
   23   751   1840.826       3.76827       4.528
   23   752   1888.066       3.77392       3.163
   23   753   1878.428       3.76428       6.071
   23   754   1829.268       3.77587       4.616
   23   755   1902.844       3.74346       5.504
   23   756   1826.207       3.77168       5.239
   23   757   1886.820       3.75712       4.107
   23   758   1841.071       3.76552       6.697
   23   759   1884.796       3.75322       5.420
   23   760   1845.237       3.76678       5.624
   23   761   1892.514       3.75364       5.354
   23   762   1899.126       3.77056       6.060
   23   763   1864.275       3.75832       8.207
   23   764   1866.265       3.77726       7.334
   23   765   1863.257       3.76307       7.730
   23   766   1892.817       3.75998       5.794
   23   767   1874.281       3.75464       7.274
   23   768   1884.314       3.76081       5.341
   23   769   1854.869       3.75656       5.899
   23   770   1876.310       3.75709       4.354
   23   771   1852.266       3.75307       7.247
   23   772   1873.949       3.75442       7.454
   23   773   1864.969       3.74411       9.904
   23   774   1856.186       3.77194       5.088
   23   775   1837.304       3.75835       6.118
   23   776   1863.446       3.76830       4.018
   23   777   1891.786       3.75266       4.413
   23   778   1855.607       3.77319       5.927
   23   779   1821.716       3.76308       6.549
   23   780   1867.771       3.76305       6.936
   23   781   1901.490       3.75283       5.563
   23   782   1833.903       3.77154       5.259
   23   783   1834.618       3.76048       5.449
   23   784   1845.499       3.76587       5.892
   23   785   1868.688       3.75699       8.055
   23   786   1860.880       3.77912       4.962
   23   787   1802.949       3.76615       5.010
   23   788   1856.135       3.76981       3.662
   23   789   1848.730       3.74831       5.880
   23   790   1860.344       3.74706       7.276
   23   791   1863.411       3.75107       7.151
   23   792   1840.760       3.76027       5.274
   23   793   1882.689       3.74411       3.795
   23   794   1905.199       3.75927       5.815
   23   795   1858.521       3.76344       6.304
   23   796   1867.650       3.76633       6.307
   23   797   1856.449       3.75729       5.889
   23   798   1884.724       3.76822       5.008
   23   799   1840.630       3.76774       4.772
   23   800   1884.551       3.76543       7.537
   23   801   1888.374       3.76283       6.895
   23   802   1832.582       3.77941       4.446
   23   803   1868.594       3.76514       8.048
   23   804   1860.843       3.75734       5.137
   23   805   1853.674       3.75711       5.686
   23   806   1857.067       3.76725       4.891
   23   807   1835.106       3.75681       4.587
   23   808   1860.743       3.75093       6.341
   23   809   1892.241       3.74509       6.704
   23   810   1877.162       3.75370       6.423
   23   811   1887.121       3.76248       3.546
   23   812   1821.425       3.76791       5.536
   23   813   1850.085       3.75717       5.826
   23   814   1834.469       3.77422       3.845
   23   815   1854.826       3.76520       4.924
   23   816   1867.985       3.77376       5.829
   23   817   1855.677       3.76971       3.926
   23   818   1831.208       3.77973       4.747
   23   819   1880.033       3.76003       6.329
   23   820   1826.270       3.76477       4.838
   23   821   1870.865       3.75610       6.290
   23   822   1901.348       3.75760       6.008
   23   823   1844.824       3.75571       6.060
   23   824   1857.674       3.75698       7.752
   23   825   1872.612       3.75269       7.023
   23   826   1860.663       3.76739       7.033
   23   827   1884.799       3.75431       6.109
   23   828   1833.314       3.76420       3.147
   23   829   1859.607       3.75502       6.084
   23   830   1892.135       3.75825       6.725
   23   831   1842.325       3.76295       7.161
   23   832   1820.847       3.77646       3.919
   23   833   1869.047       3.75649       5.825
   23   834   1867.205       3.76107       7.122
   23   835   1859.528       3.75534       6.208
   23   836   1845.067       3.76846       5.023
   23   837   1846.837       3.76927       4.690
   23   838   1871.114       3.76168       6.318
   23   839   1838.938       3.76484       5.509
   23   840   1853.614       3.75638       4.852
   23   841   1886.405       3.73858       5.666
   23   842   1878.820       3.76551       4.617
   23   843   1895.930       3.74661       6.697
   23   844   1845.874       3.76056       6.504
   23   845   1845.457       3.75989       6.264
   23   846   1872.628       3.75756       7.911
   23   847   1872.157       3.75529       7.550
   23   848   1848.833       3.76519       5.767
   23   849   1880.190       3.75502       4.941
   23   850   1846.636       3.77576       5.466
   23   851   1840.966       3.75591       5.752
   23   852   1839.406       3.76592       4.457
   23   853   1829.452       3.75731       5.169
   23   854   1858.570       3.77676       4.053
   23   855   1870.379       3.77411       3.952
   23   856   1852.563       3.76523       5.081
   23   857   1868.258       3.75076       6.836
   23   858   1896.301       3.76392       3.005
   23   859   1877.034       3.75550       7.025
   23   860   1880.547       3.76024       5.398
   23   861   1828.855       3.75341       8.182
   23   862   1868.913       3.76879       6.730
   23   863   1849.062       3.76547       7.838
   23   864   1845.969       3.76415       5.700
   23   865   1841.699       3.75464       8.528
   23   866   1838.287       3.76434       2.720
   23   867   1882.520       3.74969       5.576
   23   868   1872.758       3.76047       8.535
   23   869   1812.424       3.75251       8.408
   23   870   1889.310       3.75768       6.774
   23   871   1844.708       3.77029       5.765
   23   872   1886.709       3.77464       4.689
   23   873   1840.175       3.75438       8.331
   23   874   1842.620       3.76690       4.159
   23   875   1879.508       3.74755       6.546
   23   876   1830.095       3.76927       5.771
   23   877   1877.705       3.74813       7.968
   23   878   1865.316       3.76848       4.959
   23   879   1836.865       3.75696       4.991
   23   880   1888.713       3.75420       5.878
   23   881   1867.482       3.75096       6.872
   23   882   1854.386       3.75464       5.188
   23   883   1869.080       3.75659       5.461
   23   884   1881.810       3.75939       4.985
   23   885   1802.361       3.75590       8.045
   23   886   1851.192       3.75923       5.703
   23   887   1825.762       3.75690       5.277
   23   888   1865.860       3.76688       5.852
   23   889   1868.743       3.76345       6.545
   23   890   1840.690       3.77236       4.725
   23   891   1868.932       3.75849       8.611
   23   892   1854.668       3.76256       6.992
   23   893   1835.212       3.75511       4.196
   23   894   1886.736       3.75471       6.029
   23   895   1848.093       3.74869       6.854
   23   896   1850.948       3.76645       6.233
   23   897   1866.217       3.75671       6.132
   23   898   1860.942       3.76207       8.660
   23   899   1854.743       3.77327       7.141
   23   900   1871.119       3.77265       5.856
   23   901   1836.947       3.76043       5.087
   23   902   1854.698       3.76485       4.527
   23   903   1840.481       3.76658       4.521
   23   904   1861.161       3.75842       6.392
   23   905   1880.002       3.74826       6.855
   23   906   1865.281       3.75205       6.558
   23   907   1835.518       3.75049       6.285
   23   908   1881.845       3.74306       6.589
   23   909   1880.309       3.74888       5.995
   23   910   1868.482       3.76213       5.880
   23   911   1872.392       3.75536       6.618
   23   912   1881.251       3.75675       6.900
   23   913   1816.619       3.75771       7.454
   23   914   1846.114       3.76414       4.097
   23   915   1883.644       3.75787       8.912
   23   916   1834.526       3.76878       4.983
   23   917   1814.473       3.75594       7.816
   23   918   1874.223       3.77276       6.967
   23   919   1904.795       3.75214       5.981
   23   920   1879.860       3.76705       3.864
   23   921   1867.384       3.74955       6.019
   23   922   1871.186       3.75944       4.775
   23   923   1857.020       3.75140       5.315
   23   924   1839.554       3.76131       4.702
   23   925   1876.117       3.74225       7.186
   23   926   1881.275       3.75728       6.776
   23   927   1841.453       3.75862       5.911
   23   928   1867.719       3.76577       5.998
   23   929   1863.686       3.75907       7.167
   23   930   1856.356       3.77696       4.100
   23   931   1876.991       3.76449       5.306
   23   932   1807.619       3.76865       6.421
   23   933   1850.599       3.74710       6.025
   23   934   1868.809       3.76059       5.523
   23   935   1878.843       3.74911       7.618
   23   936   1872.908       3.76123       6.192
   23   937   1887.462       3.76076       5.307
   23   938   1859.366       3.77064       4.195
   23   939   1823.228       3.76060       5.137
   23   940   1865.219       3.75437       5.536
   23   941   1851.620       3.76201       4.954
   23   942   1865.991       3.76977       6.528
   23   943   1881.503       3.74584       6.129
   23   944   1873.490       3.76148       6.885
   23   945   1824.857       3.76659       7.424
   23   946   1869.805       3.77034       5.575
   23   947   1836.114       3.75869       6.094
   23   948   1893.813       3.75551       4.483
   23   949   1866.126       3.75775       7.724
   23   950   1855.074       3.75885       5.445
   23   951   1854.445       3.76718       4.488
   23   952   1810.261       3.76205       4.749
   23   953   1847.195       3.74813       5.601
   23   954   1865.252       3.75853       5.203
   23   955   1859.579       3.76344       6.652
   23   956   1907.638       3.76257       5.343
   23   957   1846.458       3.76278       4.463
   23   958   1871.390       3.76306       8.671
   23   959   1857.877       3.75997       4.483
   23   960   1865.355       3.75212       6.185
   23   961   1838.837       3.76401       6.547
   23   962   1898.095       3.78166       3.935
   23   963   1862.021       3.76694       4.671
   23   964   1854.186       3.76329       6.406
   23   965   1883.730       3.73884       6.263
   23   966   1891.753       3.75500       7.301
   23   967   1859.401       3.75548       6.630
   23   968   1862.989       3.77145       6.572
   23   969   1879.201       3.76057       4.854
   23   970   1853.666       3.76181       6.031
   23   971   1854.670       3.74552       8.972
   23   972   1845.137       3.76605       4.326
   23   973   1852.694       3.74677       7.700
   23   974   1876.081       3.74871       7.729
   23   975   1865.146       3.75032       6.677
   23   976   1853.433       3.75512       7.302
   23   977   1879.840       3.74401       7.238
   23   978   1858.203       3.75407       7.196
   23   979   1883.986       3.74841       8.118
   23   980   1858.894       3.77034       5.773
   23   981   1870.708       3.74713       9.806
   23   982   1864.879       3.77573       7.342
   23   983   1818.830       3.77111       4.400
   23   984   1895.379       3.76831       5.293
   23   985   1857.935       3.75699       7.724
   23   986   1889.535       3.76573       4.756
   23   987   1856.458       3.76360       7.020
   23   988   1837.927       3.77001       3.231
   23   989   1886.256       3.74324       6.996
   23   990   1841.746       3.76434       6.158
   23   991   1859.533       3.75194       6.394
   23   992   1826.013       3.76646       6.039
   23   993   1858.344       3.76213       2.875
   23   994   1839.171       3.76683       6.561
   23   995   1866.497       3.75542       7.059
   23   996   1879.660       3.76113       6.911
   23   997   1851.715       3.76107       4.489
   23   998   1853.827       3.76837       5.644
   23   999   1888.956       3.75029       7.470
   23  1000   1870.323       3.76405       6.642
   23  1001   1876.312       3.76194       6.697
   23  1002   1852.586       3.77669       7.248
   23  1003   1886.485       3.76565       3.712
   23  1004   1863.585       3.76459       5.347
   23  1005   1867.846       3.75706       5.167
   23  1006   1839.819       3.77395       3.669
   23  1007   1859.551       3.76500       4.730
   23  1008   1813.063       3.77805       7.518
   23  1009   1795.341       3.76052       7.168
   23  1010   1848.322       3.75876       3.849
   23  1011   1841.202       3.74197       5.343
   23  1012   1868.787       3.76145       4.528
   23  1013   1825.895       3.75462       4.097
   23  1014   1855.527       3.75233       5.087
   23  1015   1859.996       3.74455       7.403
   23  1016   1866.183       3.76715       4.943
   23  1017   1872.505       3.72565       5.476
   23  1018   1872.710       3.75549       5.942
   23  1019   1846.368       3.76912       6.248
   23  1020   1863.143       3.78902       8.112
   23  1021   1828.440       3.78834       5.397
   23  1022   1811.941       3.79086       6.055
   23  1023   1790.137       3.79286       5.411
