    3     0   1959.317       3.85166       3.756
    3     1   1917.598       3.84427       5.933
    3     2   1945.090       3.84972       2.730
    3     3   1879.537       3.82841       6.579
    3     4   1919.958       3.83709       4.560
    3     5   1886.300       3.81823       4.860
    3     6   1964.844       3.83012       5.853
    3     7   1883.506       3.82689       5.324
    3     8   1951.723       3.85828       3.744
    3     9   1871.726       3.83949       6.490
    3    10   1965.094       3.83813       6.198
    3    11   1877.421       3.83246       4.980
    3    12   1950.952       3.83787       5.059
    3    13   1904.196       3.82860       4.667
    3    14   1959.145       3.83749       4.935
    3    15   1919.241       3.82204       6.227
    3    16   1944.601       3.82616       6.978
    3    17   1876.177       3.81830       6.045
    3    18   1963.783       3.83827       6.289
    3    19   1911.093       3.83621       4.374
    3    20   1903.427       3.84338       7.195
    3    21   1855.324       3.83810       5.800
    3    22   1896.805       3.84470       5.380
    3    23   1879.006       3.82966       6.093
    3    24   1952.036       3.84175       5.025
    3    25   1881.528       3.84395       3.769
    3    26   1951.492       3.83411       4.265
    3    27   1901.681       3.82231       6.045
    3    28   1916.537       3.83893       3.531
    3    29   1889.070       3.84145       3.938
    3    30   1979.625       3.83069       6.238
    3    31   1944.394       3.82151       4.909
    3    32   1942.772       3.83161       5.457
    3    33   1884.232       3.82970       4.111
    3    34   1914.205       3.83986       6.757
    3    35   1861.102       3.83576       5.877
    3    36   1917.327       3.85683       4.305
    3    37   1898.873       3.83574       4.624
    3    38   1970.343       3.84867       4.817
    3    39   1880.550       3.83660       4.253
    3    40   1953.041       3.82478       4.323
    3    41   1867.139       3.83034       2.640
    3    42   1943.699       3.83819       4.288
    3    43   1909.229       3.82728       4.116
    3    44   1956.225       3.83804       5.464
    3    45   1876.816       3.82851       6.301
    3    46   1955.245       3.84517       3.875
    3    47   1940.594       3.83309       5.420
    3    48   1964.154       3.85366       2.611
    3    49   1880.223       3.83493       5.585
    3    50   1955.465       3.84963       2.662
    3    51   1912.067       3.82769       3.760
    3    52   1925.046       3.82913       5.018
    3    53   1900.492       3.82766       4.455
    3    54   1948.694       3.82599       6.669
    3    55   1901.601       3.83099       4.955
    3    56   1947.962       3.83508       5.234
    3    57   1872.949       3.83481       6.487
    3    58   1961.647       3.82958       4.917
    3    59   1888.221       3.83463       5.336
    3    60   1958.187       3.83730       5.306
    3    61   1887.528       3.84220       3.259
    3    62   1961.617       3.83656       3.304
    3    63   1898.141       3.83206       3.734
    3    64   1984.378       3.83199       5.218
    3    65   1857.471       3.83072       7.074
    3    66   1949.539       3.84754       4.425
    3    67   1887.216       3.83996       4.760
    3    68   1921.433       3.83589       4.768
    3    69   1893.018       3.82473       4.820
    3    70   1908.582       3.83327       5.049
    3    71   1901.450       3.82268       5.549
    3    72   1922.875       3.84812       3.833
    3    73   1912.848       3.82150       7.807
    3    74   1919.751       3.84067       4.575
    3    75   1881.890       3.82558       6.186
    3    76   1930.599       3.84327       3.518
    3    77   1928.464       3.82722       5.446
    3    78   1966.016       3.82773       4.626
    3    79   1900.879       3.83016       6.045
    3    80   1943.810       3.84188       5.458
    3    81   1873.146       3.82330       4.745
    3    82   1928.363       3.84300       6.080
    3    83   1888.870       3.83653       5.499
    3    84   1946.441       3.83343       4.405
    3    85   1892.674       3.82781       3.746
    3    86   1957.370       3.83778       3.889
    3    87   1924.834       3.81277       6.835
    3    88   1933.111       3.82861       5.017
    3    89   1880.034       3.82891       5.169
    3    90   1944.084       3.81960       5.218
    3    91   1886.675       3.82640       5.300
    3    92   1970.929       3.84284       5.633
    3    93   1868.138       3.85025       3.722
    3    94   1916.389       3.84623       3.919
    3    95   1874.339       3.82820       4.603
    3    96   1905.032       3.83727       4.839
    3    97   1903.917       3.82417       5.619
    3    98   1937.910       3.83491       5.876
    3    99   1890.762       3.83449       5.016
    3   100   1947.670       3.84171       4.173
    3   101   1894.003       3.81963       7.228
    3   102   1944.941       3.82900       5.147
    3   103   1903.791       3.82223       4.730
    3   104   1932.794       3.83054       4.952
    3   105   1915.152       3.81984       5.765
    3   106   1939.944       3.83461       7.145
    3   107   1916.481       3.81019       7.750
    3   108   1948.303       3.83645       6.743
    3   109   1858.262       3.82127       7.726
    3   110   1917.729       3.84828       4.690
    3   111   1884.563       3.83464       5.944
    3   112   1957.412       3.83516       4.571
    3   113   1871.504       3.83153       4.443
    3   114   1950.887       3.83629       4.577
    3   115   1903.002       3.83061       3.180
    3   116   1946.489       3.84724       2.965
    3   117   1895.190       3.82655       3.459
    3   118   1971.098       3.83100       3.850
    3   119   1851.991       3.82639       3.823
    3   120   1943.759       3.83459       4.543
    3   121   1854.989       3.83433       3.932
    3   122   1977.531       3.83921       3.371
    3   123   1905.468       3.83905       4.801
    3   124   1949.456       3.84268       6.059
    3   125   1888.038       3.83767       6.139
    3   126   1942.467       3.84869       5.274
    3   127   1875.058       3.84605       3.267
    3   128   1933.151       3.83991       3.458
    3   129   1859.588       3.83318       5.253
    3   130   1956.107       3.84025       5.859
    3   131   1886.212       3.83584       6.294
    3   132   1919.231       3.83432       6.603
    3   133   1909.004       3.82354       6.764
    3   134   1946.626       3.83232       4.779
    3   135   1921.875       3.81088       8.882
    3   136   1894.808       3.83552       5.595
    3   137   1871.492       3.82003       4.907
    3   138   1951.482       3.82998       6.247
    3   139   1865.994       3.82467       6.494
    3   140   1938.367       3.83372       6.221
    3   141   1861.003       3.83613       5.042
    3   142   1946.615       3.83023       4.584
    3   143   1884.251       3.82474       5.479
    3   144   1939.746       3.83539       5.613
    3   145   1887.983       3.83057       5.015
    3   146   1944.463       3.84089       3.754
    3   147   1888.240       3.83355       7.320
    3   148   1939.671       3.83910       4.810
    3   149   1917.420       3.82571       5.214
    3   150   1935.567       3.83461       3.299
    3   151   1898.228       3.82621       5.058
    3   152   1948.420       3.82908       4.901
    3   153   1913.557       3.82405       3.540
    3   154   1958.727       3.82722       5.646
    3   155   1916.325       3.81637       5.069
    3   156   1904.610       3.83456       4.163
    3   157   1874.153       3.83388       6.725
    3   158   1924.688       3.84063       4.771
    3   159   1867.675       3.83994       4.468
    3   160   1973.136       3.83641       5.438
    3   161   1895.610       3.83553       4.180
    3   162   1928.910       3.84717       4.259
    3   163   1890.772       3.83532       4.169
    3   164   1991.826       3.83730       2.843
    3   165   1917.704       3.82632       3.829
    3   166   1957.827       3.82711       4.393
    3   167   1903.526       3.82211       6.583
    3   168   1977.224       3.83008       4.026
    3   169   1948.188       3.81668       5.257
    3   170   1987.005       3.83660       4.097
    3   171   1880.492       3.83439       3.243
    3   172   1944.216       3.84466       4.707
    3   173   1858.499       3.84747       3.421
    3   174   1947.496       3.84332       5.436
    3   175   1897.831       3.82935       4.023
    3   176   1943.140       3.84413       4.695
    3   177   1899.973       3.83228       5.770
    3   178   1957.977       3.83951       3.997
    3   179   1915.431       3.82565       4.273
    3   180   1928.396       3.83296       3.585
    3   181   1884.816       3.82341       3.913
    3   182   1928.240       3.82918       4.866
    3   183   1919.051       3.82274       4.934
    3   184   1940.064       3.83810       5.614
    3   185   1877.346       3.83167       4.923
    3   186   1969.265       3.84335       3.684
    3   187   1924.341       3.81877       6.220
    3   188   1952.194       3.82851       4.438
    3   189   1919.060       3.82143       6.902
    3   190   1906.337       3.83741       3.661
    3   191   1874.035       3.82986       3.281
    3   192   1944.506       3.83013       5.366
    3   193   1863.731       3.82530       6.105
    3   194   1969.365       3.81998       7.123
    3   195   1862.553       3.82859       5.939
    3   196   1924.235       3.84313       3.760
    3   197   1901.303       3.83207       5.172
    3   198   1976.618       3.83430       5.092
    3   199   1911.008       3.83386       4.830
    3   200   1934.647       3.83988       4.806
    3   201   1858.910       3.83840       6.287
    3   202   1949.002       3.83464       3.796
    3   203   1916.145       3.82222       4.310
    3   204   1996.126       3.82205       3.841
    3   205   1891.180       3.81782       4.854
    3   206   1970.040       3.83234       4.469
    3   207   1922.711       3.82510       5.352
    3   208   1945.316       3.83697       4.934
    3   209   1899.089       3.82177       5.876
    3   210   1963.520       3.84344       4.993
    3   211   1912.060       3.82416       7.017
    3   212   1956.157       3.85238       3.966
    3   213   1912.000       3.83626       5.006
    3   214   1948.186       3.82965       4.113
    3   215   1874.522       3.82959       2.794
    3   216   1950.927       3.83494       3.979
    3   217   1928.758       3.81853       4.124
    3   218   1972.414       3.83998       4.291
    3   219   1917.806       3.82081       5.993
    3   220   1989.044       3.82983       6.276
    3   221   1870.012       3.84024       4.204
    3   222   1951.927       3.84539       4.715
    3   223   1910.311       3.82736       5.307
    3   224   1969.326       3.83010       5.178
    3   225   1911.284       3.81794       5.259
    3   226   1945.015       3.82460       4.249
    3   227   1880.531       3.83516       4.257
    3   228   1934.191       3.84139       7.403
    3   229   1911.754       3.83229       6.263
    3   230   1910.638       3.84486       5.727
    3   231   1894.937       3.83271       5.883
    3   232   1958.499       3.83219       5.432
    3   233   1859.123       3.82658       5.104
    3   234   1950.115       3.83276       3.688
    3   235   1909.603       3.81281       5.494
    3   236   1925.025       3.83767       5.659
    3   237   1872.323       3.83267       6.044
    3   238   1955.238       3.83725       7.397
    3   239   1877.476       3.83207       8.814
    3   240   1957.910       3.83889       5.166
    3   241   1894.291       3.82274       5.804
    3   242   1976.359       3.83108       5.932
    3   243   1890.342       3.82588       6.854
    3   244   1946.002       3.83639       4.463
    3   245   1908.879       3.83898       3.913
    3   246   1971.855       3.82328       5.174
    3   247   1884.699       3.81449       5.899
    3   248   1953.042       3.83583       3.779
    3   249   1922.801       3.82128       5.029
    3   250   1940.649       3.82045       4.722
    3   251   1862.135       3.82920       5.753
    3   252   1944.251       3.82688       7.296
    3   253   1904.549       3.82324       5.252
    3   254   1932.041       3.83574       5.998
    3   255   1897.463       3.82690       4.809
    3   256   1940.598       3.84099       4.612
    3   257   1872.524       3.82479       4.726
    3   258   1983.148       3.82699       4.624
    3   259   1899.339       3.81163       6.520
    3   260   1983.090       3.83240       4.521
    3   261   1870.907       3.82051       5.595
    3   262   1934.007       3.83069       6.281
    3   263   1902.445       3.82475       4.616
    3   264   1966.091       3.82964       7.696
    3   265   1890.144       3.81794       9.719
    3   266   1916.488       3.84460       6.172
    3   267   1876.190       3.83031       5.323
    3   268   1947.062       3.83468       4.969
    3   269   1908.727       3.82298       4.637
    3   270   1949.185       3.82702       3.897
    3   271   1883.182       3.82636       5.026
    3   272   1933.333       3.83253       5.069
    3   273   1860.460       3.83214       4.608
    3   274   1945.376       3.82716       6.410
    3   275   1887.427       3.82826       5.956
    3   276   1966.238       3.83805       4.455
    3   277   1916.858       3.81807       7.845
    3   278   1903.560       3.83260       4.274
    3   279   1949.580       3.81305       4.186
    3   280   1984.805       3.82855       2.770
    3   281   1926.105       3.82135       5.148
    3   282   1951.544       3.82719       5.850
    3   283   1902.373       3.82144       6.750
    3   284   1956.152       3.83960       5.241
    3   285   1873.617       3.83221       5.131
    3   286   1935.544       3.83946       6.629
    3   287   1890.566       3.82576       4.071
    3   288   1941.802       3.83619       2.466
    3   289   1920.902       3.81571       5.782
    3   290   1945.524       3.82786       5.854
    3   291   1917.913       3.82072       4.279
    3   292   1883.182       3.84446       4.603
    3   293   1868.907       3.82422       5.317
    3   294   1936.485       3.82699       3.863
    3   295   1918.130       3.82009       5.462
    3   296   1943.840       3.83285       3.439
    3   297   1895.276       3.82147       4.639
    3   298   1974.923       3.82701       4.197
    3   299   1888.002       3.81625       4.779
    3   300   1961.157       3.82671       3.240
    3   301   1883.312       3.82477       4.832
    3   302   1932.799       3.83282       3.856
    3   303   1883.688       3.83334       4.154
    3   304   1980.916       3.82970       4.777
    3   305   1882.923       3.82545       4.877
    3   306   1951.852       3.83931       4.134
    3   307   1901.815       3.82539       5.458
    3   308   1953.253       3.83876       3.710
    3   309   1947.757       3.82323       3.757
    3   310   1935.288       3.83116       4.641
    3   311   1915.057       3.82666       3.391
    3   312   1937.211       3.83174       6.830
    3   313   1881.157       3.83445       4.148
    3   314   1941.381       3.83833       5.203
    3   315   1879.092       3.83600       5.246
    3   316   1928.700       3.84170       6.596
    3   317   1897.853       3.83371       4.684
    3   318   1964.923       3.82626       5.859
    3   319   1853.836       3.82610       5.352
    3   320   1915.847       3.82922       4.433
    3   321   1862.664       3.82890       4.036
    3   322   1916.146       3.83166       6.132
    3   323   1924.481       3.81328       6.953
    3   324   1944.235       3.82548       4.825
    3   325   1899.389       3.82370       6.645
    3   326   1957.343       3.82111       5.293
    3   327   1916.838       3.81510       5.711
    3   328   1914.673       3.84285       4.799
    3   329   1881.601       3.83426       5.594
    3   330   1946.870       3.83362       4.977
    3   331   1886.662       3.82083       4.632
    3   332   1964.879       3.82846       6.747
    3   333   1924.942       3.83129       4.990
    3   334   1959.852       3.83339       4.781
    3   335   1891.069       3.82400       4.714
    3   336   1958.315       3.83263       4.310
    3   337   1897.370       3.81977       3.536
    3   338   1918.227       3.82951       6.851
    3   339   1902.583       3.81092       6.549
    3   340   1908.057       3.82760       5.416
    3   341   1892.923       3.81412       5.855
    3   342   1947.650       3.83341       7.300
    3   343   1890.286       3.81939       5.094
    3   344   1975.259       3.83742       4.264
    3   345   1888.373       3.83129       3.418
    3   346   1981.610       3.83059       4.375
    3   347   1888.477       3.83766       4.788
    3   348   1936.987       3.84160       6.098
    3   349   1943.689       3.83890       3.552
    3   350   1902.553       3.84365       3.103
    3   351   1880.426       3.83070       3.373
    3   352   1976.825       3.82978       3.705
    3   353   1893.927       3.82094       5.898
    3   354   1935.793       3.83637       4.232
    3   355   1894.652       3.81752       5.809
    3   356   1951.931       3.81520       5.787
    3   357   1904.499       3.81401       6.885
    3   358   1932.999       3.82680       3.450
    3   359   1894.434       3.82261       5.047
    3   360   1934.386       3.82874       7.003
    3   361   1944.402       3.81197       5.097
    3   362   1948.371       3.83425       4.145
    3   363   1896.100       3.81339       7.220
    3   364   1956.251       3.82004       5.073
    3   365   1911.288       3.82339       5.573
    3   366   1977.343       3.82706       4.682
    3   367   1898.661       3.83018       4.088
    3   368   1966.083       3.83372       3.430
    3   369   1889.178       3.83450       4.861
    3   370   1938.584       3.82852       6.984
    3   371   1884.318       3.82826       5.287
    3   372   1916.836       3.83468       5.326
    3   373   1885.841       3.82299       5.597
    3   374   1975.287       3.82222       5.017
    3   375   1910.220       3.82385       3.984
    3   376   1942.396       3.82787       5.039
    3   377   1916.960       3.81265       5.329
    3   378   1934.055       3.81695       5.445
    3   379   1891.135       3.80875       7.374
    3   380   1927.316       3.83072       7.004
    3   381   1885.313       3.82675       8.109
    3   382   1978.055       3.84059       5.221
    3   383   1881.690       3.82734       5.092
    3   384   1970.103       3.82822       3.500
    3   385   1859.308       3.82083       5.270
    3   386   1940.633       3.82067       3.332
    3   387   1888.907       3.82285       3.191
    3   388   1882.197       3.82039       5.974
    3   389   1883.337       3.79960       6.452
    3   390   1907.476       3.83284       5.645
    3   391   1865.822       3.80953       8.810
    3   392   1940.023       3.84088       5.852
    3   393   1886.622       3.82275       6.563
    3   394   1912.838       3.84490       4.019
    3   395   1888.924       3.82455       4.778
    3   396   1937.083       3.83479       4.970
    3   397   1875.357       3.82565       5.564
    3   398   1958.592       3.82015       5.205
    3   399   1894.924       3.81567       4.898
    3   400   1980.767       3.82374       4.584
    3   401   1874.617       3.81783       5.252
    3   402   1941.759       3.83152       4.398
    3   403   1851.245       3.82502       5.339
    3   404   1905.383       3.83284       6.812
    3   405   1908.427       3.83031       4.290
    3   406   1945.582       3.83360       3.938
    3   407   1835.921       3.82816       4.561
    3   408   1971.046       3.83584       3.395
    3   409   1843.632       3.84325       3.708
    3   410   1942.831       3.84432       5.177
    3   411   1908.533       3.82621       4.789
    3   412   1934.100       3.84770       3.834
    3   413   1915.684       3.83689       5.388
    3   414   1961.836       3.82935       4.171
    3   415   1887.157       3.82983       4.816
    3   416   1917.612       3.83191       2.729
    3   417   1878.201       3.82495       5.257
    3   418   1951.893       3.82142       3.169
    3   419   1895.202       3.80879       4.878
    3   420   1978.747       3.81035       5.256
    3   421   1887.611       3.80363       7.400
    3   422   1923.589       3.82401       5.596
    3   423   1910.246       3.81408       7.096
    3   424   1996.940       3.82521       4.947
    3   425   1905.626       3.81891       5.208
    3   426   1929.820       3.83983       5.214
    3   427   1867.640       3.83290       5.855
    3   428   1983.138       3.82810       4.604
    3   429   1888.267       3.81318       5.891
    3   430   1931.473       3.82585       4.340
    3   431   1896.660       3.82401       4.551
    3   432   1947.518       3.82698       5.298
    3   433   1896.917       3.82170       4.966
    3   434   1963.956       3.82792       5.835
    3   435   1868.465       3.83523       4.343
    3   436   1928.923       3.83380       4.660
    3   437   1894.207       3.82405       6.588
    3   438   1978.847       3.84143       2.960
    3   439   1853.204       3.82201       6.176
    3   440   1954.409       3.83117       5.697
    3   441   1887.243       3.82360       5.474
    3   442   1946.505       3.82704       4.852
    3   443   1898.681       3.81527       5.351
    3   444   1938.681       3.82657       4.496
    3   445   1898.465       3.81931       6.557
    3   446   1936.367       3.81879       4.951
    3   447   1882.854       3.81335       4.792
    3   448   1980.568       3.81887       4.798
    3   449   1875.389       3.81264       7.273
    3   450   1974.977       3.82316       6.393
    3   451   1868.903       3.81565       7.797
    3   452   1935.708       3.82177       7.087
    3   453   1914.481       3.82844       3.882
    3   454   1975.128       3.82892       4.039
    3   455   1899.766       3.81120       8.286
    3   456   1891.578       3.83561       4.686
    3   457   1910.612       3.82864       4.928
    3   458   1985.645       3.83061       4.362
    3   459   1854.471       3.81994       5.855
    3   460   1955.479       3.82713       5.474
    3   461   1910.629       3.82100       6.009
    3   462   1964.121       3.81935       6.811
    3   463   1897.481       3.81992       4.266
    3   464   1949.542       3.82897       6.765
    3   465   1918.605       3.81979       5.744
    3   466   1964.767       3.82713       4.801
    3   467   1887.399       3.82403       6.028
    3   468   1957.638       3.84254       6.711
    3   469   1918.085       3.80966       5.525
    3   470   1936.326       3.82138       4.838
    3   471   1869.680       3.81644       6.274
    3   472   1907.970       3.83552       5.728
    3   473   1880.532       3.81800       5.516
    3   474   1921.474       3.82521       4.790
    3   475   1893.505       3.81430       6.062
    3   476   1958.686       3.81412       1.113
    3   477   1881.289       3.81654       5.251
    3   478   1956.269       3.83895       6.865
    3   479   1905.454       3.82948       4.695
    3   480   1967.869       3.84034       5.348
    3   481   1883.549       3.82826       6.813
    3   482   1909.971       3.84484       2.811
    3   483   1889.632       3.82813       5.248
    3   484   1941.610       3.82246       3.144
    3   485   1924.451       3.80928       4.299
    3   486   1964.013       3.81752       5.067
    3   487   1930.456       3.81479       7.134
    3   488   1939.259       3.83817       3.899
    3   489   1883.466       3.83464       5.860
    3   490   1962.716       3.84044       4.605
    3   491   1914.974       3.83124       4.432
    3   492   1937.454       3.82985       3.641
    3   493   1903.463       3.82933       3.619
    3   494   1946.640       3.83143       3.174
    3   495   1902.084       3.81904       4.896
    3   496   1924.714       3.83562       3.429
    3   497   1902.959       3.81496       5.157
    3   498   1898.656       3.78570       4.182
    3   499   1798.917       3.79094       4.853
    3   500   1873.606       3.81119       5.607
    3   501   1825.185       3.80122       4.999
    3   502   1883.922       3.83027       5.795
    3   503   1834.922       3.81001       7.411
    3   504   1946.728       3.85994       4.017
    3   505   1934.492       3.81924       6.454
    3   506   1928.029       3.82366       5.902
    3   507   1858.392       3.81575       5.772
    3   508   1945.870       3.81905       4.421
    3   509   1849.207       3.82237       6.615
    3   510   1943.316       3.82953       4.444
    3   511   1880.020       3.82913       4.702
    3   512   1860.959       3.82740       8.544
    3   513   1887.457       3.81914       6.943
    3   514   1881.744       3.82773       6.425
    3   515   1889.750       3.81076       5.679
    3   516   1871.672       3.82831       3.839
    3   517   1911.313       3.81758       4.626
    3   518   1875.596       3.82133       5.189
    3   519   1926.773       3.80545       8.664
    3   520   1866.423       3.83079       4.241
    3   521   1906.252       3.81341       5.632
    3   522   1892.957       3.82034       4.745
    3   523   1912.413       3.81051       4.793
    3   524   1855.039       3.81750       6.239
    3   525   1858.984       3.81164       6.578
    3   526   1829.833       3.82384       5.427
    3   527   1926.373       3.80706       5.383
    3   528   1897.219       3.81195       5.787
    3   529   1881.459       3.80394       6.432
    3   530   1871.588       3.81830       4.902
    3   531   1854.319       3.82393       4.765
    3   532   1872.489       3.82571       3.970
    3   533   1907.631       3.81852       4.714
    3   534   1924.906       3.82154       5.893
    3   535   1870.008       3.81377       8.519
    3   536   1883.653       3.82916       4.372
    3   537   1927.077       3.82247       4.048
    3   538   1882.037       3.82488       5.518
    3   539   1888.499       3.81945       4.798
    3   540   1879.207       3.83004       2.420
    3   541   1867.282       3.81830       5.443
    3   542   1870.730       3.82545       3.915
    3   543   1872.729       3.81468       4.633
    3   544   1866.167       3.81676       4.905
    3   545   1878.006       3.81689       5.324
    3   546   1917.968       3.81207       5.748
    3   547   1882.769       3.81528       3.584
    3   548   1842.084       3.82813       4.874
    3   549   1883.867       3.81347       5.480
    3   550   1875.712       3.81882       5.634
    3   551   1857.805       3.82210       5.862
    3   552   1916.479       3.82065       3.278
    3   553   1871.910       3.81201       5.194
    3   554   1887.351       3.81814       6.801
    3   555   1906.224       3.81379       5.857
    3   556   1893.545       3.81575       5.327
    3   557   1862.276       3.80984       5.470
    3   558   1880.168       3.81294       5.589
    3   559   1901.452       3.80971       6.990
    3   560   1911.853       3.81944       3.420
    3   561   1908.731       3.81765       4.325
    3   562   1858.476       3.82042       5.080
    3   563   1849.709       3.81659       3.929
    3   564   1872.281       3.82686       5.531
    3   565   1896.487       3.82180       4.869
    3   566   1823.341       3.83743       5.684
    3   567   1888.476       3.81135       4.918
    3   568   1883.660       3.82047       2.996
    3   569   1876.455       3.80555       4.930
    3   570   1865.324       3.82529       4.629
    3   571   1890.448       3.80994       6.100
    3   572   1858.010       3.83408       3.625
    3   573   1883.073       3.81192       5.040
    3   574   1867.687       3.82706       6.288
    3   575   1885.154       3.81470       3.922
    3   576   1861.516       3.82343       4.389
    3   577   1889.659       3.80709       5.434
    3   578   1890.688       3.81265       4.412
    3   579   1880.107       3.81033       5.400
    3   580   1897.537       3.80869       7.528
    3   581   1880.047       3.81298       5.322
    3   582   1871.488       3.83496       5.664
    3   583   1858.614       3.83561       4.641
    3   584   1898.395       3.83647       5.656
    3   585   1867.334       3.83321       5.367
    3   586   1879.715       3.83059       3.785
    3   587   1877.683       3.82078       5.011
    3   588   1896.368       3.82773       3.423
    3   589   1910.286       3.80869       3.104
    3   590   1891.564       3.81385       3.026
    3   591   1901.720       3.80554       3.283
    3   592   1886.113       3.82179       5.149
    3   593   1866.713       3.79914       7.901
    3   594   1873.883       3.82548       5.931
    3   595   1904.038       3.81095       7.337
    3   596   1903.599       3.81598       6.878
    3   597   1900.140       3.81941       3.383
    3   598   1926.047       3.81713       6.755
    3   599   1896.769       3.80800       6.194
    3   600   1902.975       3.82212       4.750
    3   601   1926.128       3.80861       4.612
    3   602   1897.750       3.81854       5.445
    3   603   1896.766       3.80912       4.578
    3   604   1891.452       3.82112       3.701
    3   605   1876.641       3.80891       4.629
    3   606   1851.289       3.81128       5.853
    3   607   1856.442       3.80998       5.667
    3   608   1865.619       3.82633       5.475
    3   609   1886.083       3.81088       5.102
    3   610   1915.386       3.81679       6.893
    3   611   1886.002       3.82025       5.405
    3   612   1864.880       3.83162       6.135
    3   613   1892.951       3.82195       4.838
    3   614   1883.543       3.82510       5.333
    3   615   1945.448       3.81371       5.720
    3   616   1880.099       3.81724       4.544
    3   617   1857.287       3.80608       7.510
    3   618   1919.283       3.81364       7.025
    3   619   1869.925       3.81967       4.146
    3   620   1910.731       3.80576       5.907
    3   621   1841.075       3.81105       6.101
    3   622   1897.484       3.80872       6.341
    3   623   1892.933       3.81016       5.378
    3   624   1890.854       3.82087       6.030
    3   625   1857.871       3.83201       4.900
    3   626   1843.920       3.83749       5.157
    3   627   1887.371       3.83498       3.978
    3   628   1906.649       3.82623       4.587
    3   629   1887.689       3.80861       3.923
    3   630   1887.669       3.81342       3.346
    3   631   1865.131       3.81236       3.978
    3   632   1866.126       3.80723       4.628
    3   633   1898.991       3.80197       6.112
    3   634   1858.014       3.81916       7.064
    3   635   1872.090       3.81000       5.210
    3   636   1874.879       3.82424       6.015
    3   637   1888.455       3.80774       7.436
    3   638   1857.923       3.83397       5.142
    3   639   1931.581       3.82074       5.335
    3   640   1906.571       3.82149       4.300
    3   641   1916.072       3.81682       5.680
    3   642   1873.460       3.82377       4.640
    3   643   1853.016       3.81935       5.345
    3   644   1912.888       3.82741       4.095
    3   645   1883.762       3.81861       4.124
    3   646   1866.667       3.82190       4.732
    3   647   1902.619       3.79936       6.765
    3   648   1869.050       3.82052       6.080
    3   649   1894.009       3.81267       6.623
    3   650   1865.342       3.82314       4.071
    3   651   1896.982       3.80032       6.603
    3   652   1907.030       3.81575       5.603
    3   653   1848.533       3.82827       4.983
    3   654   1876.990       3.83242       5.882
    3   655   1883.315       3.82321       5.855
    3   656   1898.808       3.83248       4.411
    3   657   1926.395       3.80568       5.610
    3   658   1876.151       3.81703       6.357
    3   659   1863.481       3.82657       4.105
    3   660   1875.364       3.81727       3.345
    3   661   1874.831       3.80505       4.626
    3   662   1884.107       3.82191       7.194
    3   663   1889.296       3.81529       8.272
    3   664   1850.333       3.83631       4.323
    3   665   1861.314       3.81943       5.580
    3   666   1908.160       3.81839       6.465
    3   667   1926.890       3.81172       4.902
    3   668   1901.383       3.83101       3.602
    3   669   1869.292       3.81656       5.576
    3   670   1877.970       3.82376       5.649
    3   671   1856.724       3.82486       5.121
    3   672   1923.259       3.82156       4.669
    3   673   1867.355       3.82403       4.858
    3   674   1887.767       3.82814       6.182
    3   675   1881.337       3.83356       3.533
    3   676   1905.382       3.82319       2.786
    3   677   1873.170       3.80849       4.278
    3   678   1901.962       3.81359       4.480
    3   679   1919.022       3.80344       4.149
    3   680   1903.067       3.82453       5.304
    3   681   1866.212       3.81965       5.108
    3   682   1897.096       3.80992       5.721
    3   683   1900.006       3.81611       5.436
    3   684   1863.032       3.81954       5.320
    3   685   1877.289       3.82685       4.448
    3   686   1895.221       3.81935       3.123
    3   687   1882.217       3.81364       4.773
    3   688   1866.997       3.82464       3.677
    3   689   1882.030       3.82141       3.997
    3   690   1905.954       3.81657       4.453
    3   691   1915.667       3.81774       5.157
    3   692   1949.391       3.80795       6.720
    3   693   1888.519       3.81651       4.856
    3   694   1860.058       3.82451       5.646
    3   695   1890.278       3.80685       6.612
    3   696   1885.631       3.81934       4.211
    3   697   1885.421       3.81327       5.957
    3   698   1900.271       3.83595       4.016
    3   699   1874.634       3.82906       6.666
    3   700   1885.117       3.81998       7.854
    3   701   1889.113       3.81912       6.451
    3   702   1871.767       3.82165       3.438
    3   703   1862.961       3.82076       5.492
    3   704   1908.781       3.81680       4.943
    3   705   1889.336       3.82555       4.523
    3   706   1893.861       3.82426       5.655
    3   707   1890.523       3.81054       4.660
    3   708   1898.548       3.82032       5.482
    3   709   1884.963       3.80190       7.823
    3   710   1894.085       3.82965       4.966
    3   711   1883.531       3.82049       4.543
    3   712   1863.354       3.82658       4.700
    3   713   1899.136       3.80668       6.780
    3   714   1897.248       3.82015       4.140
    3   715   1828.388       3.81295       5.653
    3   716   1891.329       3.82662       5.360
    3   717   1872.177       3.83062       4.533
    3   718   1878.070       3.83265       5.657
    3   719   1875.849       3.83004       4.340
    3   720   1852.303       3.83638       3.183
    3   721   1872.489       3.81884       5.704
    3   722   1898.301       3.81880       4.055
    3   723   1881.596       3.81327       4.843
    3   724   1899.069       3.82284       4.387
    3   725   1894.280       3.80255       6.213
    3   726   1888.627       3.82522       3.478
    3   727   1901.543       3.82045       3.992
    3   728   1863.802       3.82169       3.341
    3   729   1908.830       3.81924       4.177
    3   730   1827.403       3.83773       4.254
    3   731   1887.278       3.82386       4.832
    3   732   1881.771       3.83541       3.681
    3   733   1876.898       3.82354       4.902
    3   734   1854.104       3.83266       5.144
    3   735   1888.082       3.82672       3.172
    3   736   1915.394       3.81807       3.643
    3   737   1858.980       3.82362       6.997
    3   738   1902.560       3.81217       6.006
    3   739   1879.486       3.81766       4.229
    3   740   1897.623       3.82073       4.268
    3   741   1932.793       3.81555       4.645
    3   742   1895.043       3.82830       4.270
    3   743   1910.676       3.81650       5.114
    3   744   1919.900       3.82721       2.850
    3   745   1925.412       3.81275       5.806
    3   746   1915.807       3.82468       4.878
    3   747   1885.751       3.82341       5.806
    3   748   1903.175       3.82247       3.066
    3   749   1926.558       3.81742       3.994
    3   750   1864.278       3.82704       4.718
    3   751   1884.218       3.80613       4.349
    3   752   1858.185       3.82562       4.513
    3   753   1869.435       3.82376       5.064
    3   754   1861.999       3.83307       3.587
    3   755   1860.973       3.81849       4.859
    3   756   1876.833       3.81970       5.586
    3   757   1879.383       3.82391       4.049
    3   758   1879.043       3.82510       4.102
    3   759   1868.124       3.82251       3.950
    3   760   1859.742       3.84101       2.725
    3   761   1871.779       3.82146       4.659
    3   762   1908.900       3.82270       5.219
    3   763   1933.067       3.80248       3.741
    3   764   1897.626       3.81288       5.572
    3   765   1884.989       3.81754       4.919
    3   766   1876.822       3.82648       5.100
    3   767   1890.821       3.81806       6.001
    3   768   1898.141       3.83488       4.428
    3   769   1850.893       3.82500       4.210
    3   770   1895.911       3.83391       4.154
    3   771   1880.018       3.81036       5.227
    3   772   1869.290       3.83130       3.466
    3   773   1897.966       3.82537       3.588
    3   774   1902.125       3.83171       5.227
    3   775   1878.637       3.82097       6.660
    3   776   1879.370       3.82728       5.100
    3   777   1894.563       3.81067       4.173
    3   778   1917.596       3.81241       6.986
    3   779   1872.295       3.82123       4.550
    3   780   1902.020       3.81033       3.859
    3   781   1915.210       3.80834       5.879
    3   782   1867.733       3.81877       5.123
    3   783   1882.412       3.80910       6.274
    3   784   1905.280       3.81878       5.490
    3   785   1882.276       3.80825       5.713
    3   786   1877.547       3.82688       3.868
    3   787   1863.563       3.81913       6.469
    3   788   1879.204       3.82463       4.802
    3   789   1843.293       3.82766       5.632
    3   790   1893.331       3.83327       4.196
    3   791   1870.947       3.82869       5.979
    3   792   1869.831       3.82512       4.883
    3   793   1824.309       3.82354       4.766
    3   794   1870.685       3.82286       6.749
    3   795   1865.618       3.82488       3.366
    3   796   1907.689       3.81595       4.093
    3   797   1890.573       3.81469       4.561
    3   798   1842.515       3.83308       6.310
    3   799   1851.690       3.81687       5.902
    3   800   1875.768       3.83063       5.024
    3   801   1880.898       3.81528       4.826
    3   802   1888.232       3.83514       4.156
    3   803   1882.051       3.81814       6.965
    3   804   1916.496       3.83239       2.796
    3   805   1896.434       3.82777       4.108
    3   806   1864.017       3.82653       3.857
    3   807   1883.369       3.81171       5.273
    3   808   1875.124       3.81450       4.578
    3   809   1867.841       3.82037       3.583
    3   810   1911.729       3.81617       5.744
    3   811   1862.977       3.82995       4.792
    3   812   1921.462       3.82289       5.366
    3   813   1882.021       3.81016       5.514
    3   814   1866.211       3.83318       4.294
    3   815   1908.145       3.81750       3.534
    3   816   1880.922       3.82591       4.378
    3   817   1916.881       3.81222       5.404
    3   818   1896.635       3.81933       4.659
    3   819   1893.056       3.81375       3.108
    3   820   1852.688       3.82025       4.551
    3   821   1861.612       3.81550       4.883
    3   822   1874.505       3.82678       5.137
    3   823   1893.584       3.81574       5.449
    3   824   1930.845       3.82129       5.386
    3   825   1874.922       3.81526       3.517
    3   826   1894.885       3.82967       4.548
    3   827   1887.787       3.83247       2.616
    3   828   1882.578       3.83123       3.639
    3   829   1881.180       3.82966       3.954
    3   830   1901.042       3.83196       4.491
    3   831   1875.029       3.81120       6.432
    3   832   1904.686       3.82334       3.349
    3   833   1871.252       3.82163       4.511
    3   834   1854.917       3.82132       5.130
    3   835   1877.953       3.81073       4.322
    3   836   1894.739       3.80907       8.358
    3   837   1897.798       3.82338       4.712
    3   838   1848.650       3.83425       5.408
    3   839   1839.390       3.82595       5.471
    3   840   1925.585       3.83125       4.420
    3   841   1901.670       3.80976       5.271
    3   842   1873.589       3.83599       4.905
    3   843   1875.372       3.83296       3.519
    3   844   1848.545       3.82936       3.615
    3   845   1909.537       3.82275       3.234
    3   846   1946.500       3.82722       4.099
    3   847   1880.926       3.82383       4.890
    3   848   1876.662       3.82801       3.595
    3   849   1875.949       3.81546       4.738
    3   850   1902.841       3.82381       5.736
    3   851   1889.214       3.82498       3.554
    3   852   1871.437       3.82201       5.783
    3   853   1897.465       3.80221       6.285
    3   854   1879.807       3.83548       3.717
    3   855   1909.163       3.80778       3.402
    3   856   1892.401       3.82664       2.664
    3   857   1888.849       3.81001       6.395
    3   858   1881.388       3.82467       5.439
    3   859   1847.422       3.81598       4.259
    3   860   1877.542       3.81962       4.832
    3   861   1866.479       3.81122       8.481
    3   862   1853.222       3.83126       3.969
    3   863   1887.280       3.80919       8.403
    3   864   1870.772       3.83032       5.133
    3   865   1857.129       3.82293       5.305
    3   866   1886.718       3.84101       5.142
    3   867   1886.619       3.82074       5.979
    3   868   1863.263       3.83028       4.637
    3   869   1885.949       3.80953       5.941
    3   870   1914.491       3.82319       4.070
    3   871   1889.750       3.82372       4.226
    3   872   1857.560       3.83615       6.216
    3   873   1840.603       3.83357       5.307
    3   874   1872.464       3.82822       4.511
    3   875   1896.924       3.82189       4.461
    3   876   1870.500       3.81441       4.680
    3   877   1899.745       3.81086       4.674
    3   878   1883.472       3.82214       4.389
    3   879   1858.012       3.80848       5.540
    3   880   1922.658       3.81064       6.035
    3   881   1855.677       3.81329       8.024
    3   882   1859.154       3.83252       6.195
    3   883   1855.926       3.82326       6.529
    3   884   1878.589       3.83204       4.570
    3   885   1911.712       3.82334       3.835
    3   886   1881.925       3.82371       3.934
    3   887   1887.016       3.81302       5.416
    3   888   1882.672       3.81761       4.531
    3   889   1899.003       3.80611       4.290
    3   890   1874.835       3.81247       6.232
    3   891   1875.995       3.80315       7.095
    3   892   1906.168       3.81898       5.246
    3   893   1873.963       3.83195       3.849
    3   894   1904.759       3.82791       5.582
    3   895   1873.778       3.82155       4.361
    3   896   1831.940       3.83410       5.704
    3   897   1875.667       3.82237       5.948
    3   898   1920.989       3.82762       5.115
    3   899   1865.419       3.83099       3.602
    3   900   1868.638       3.81987       3.360
    3   901   1851.604       3.80965       4.754
    3   902   1882.967       3.82010       5.376
    3   903   1904.602       3.81970       3.040
    3   904   1826.185       3.82229       5.332
    3   905   1880.359       3.81947       5.228
    3   906   1854.559       3.82820       6.549
    3   907   1862.856       3.82778       4.410
    3   908   1907.284       3.82328       4.877
    3   909   1876.776       3.82196       3.613
    3   910   1871.779       3.83057       4.108
    3   911   1896.573       3.82150       4.154
    3   912   1862.339       3.83552       4.647
    3   913   1883.536       3.82050       4.383
    3   914   1882.312       3.83675       3.536
    3   915   1901.219       3.82778       2.995
    3   916   1904.246       3.82613       2.579
    3   917   1928.147       3.81335       2.709
    3   918   1866.254       3.82565       4.178
    3   919   1871.166       3.82336       3.966
    3   920   1836.201       3.82993       6.107
    3   921   1909.003       3.81364       8.424
    3   922   1882.713       3.83937       4.261
    3   923   1846.297       3.82062       5.834
    3   924   1896.635       3.81937       5.293
    3   925   1905.180       3.80835       4.954
    3   926   1875.727       3.83508       4.472
    3   927   1912.507       3.81531       4.320
    3   928   1853.962       3.82536       4.856
    3   929   1891.411       3.82075       5.151
    3   930   1874.929       3.83203       4.913
    3   931   1867.719       3.82949       4.551
    3   932   1848.404       3.83591       3.645
    3   933   1892.105       3.81792       4.550
    3   934   1866.487       3.82666       4.606
    3   935   1858.008       3.83055       3.866
    3   936   1907.477       3.84408       2.728
    3   937   1899.288       3.82039       5.188
    3   938   1891.514       3.82323       3.433
    3   939   1849.097       3.81577       5.182
    3   940   1904.067       3.82519       3.472
    3   941   1885.626       3.81080       5.048
    3   942   1918.003       3.81374       4.494
    3   943   1883.675       3.81948       5.215
    3   944   1889.609       3.82074       4.714
    3   945   1883.819       3.81880       7.150
    3   946   1881.779       3.83412       5.702
    3   947   1913.057       3.82454       4.074
    3   948   1890.150       3.81898       6.685
    3   949   1917.798       3.81959       5.273
    3   950   1870.439       3.83232       4.076
    3   951   1887.918       3.81496       5.035
    3   952   1883.100       3.82339       3.486
    3   953   1905.975       3.81446       5.662
    3   954   1911.672       3.82739       4.181
    3   955   1894.888       3.82631       4.927
    3   956   1874.035       3.82367       6.187
    3   957   1879.490       3.82894       2.691
    3   958   1892.496       3.82566       3.787
    3   959   1893.516       3.81272       4.357
    3   960   1877.047       3.82456       3.541
    3   961   1902.818       3.80823       4.933
    3   962   1897.274       3.82233       4.942
    3   963   1862.806       3.81456       6.718
    3   964   1892.920       3.82977       4.719
    3   965   1854.532       3.82337       6.432
    3   966   1875.472       3.83085       6.284
    3   967   1871.178       3.82216       7.974
    3   968   1885.432       3.83636       7.167
    3   969   1880.778       3.82641       4.568
    3   970   1892.528       3.82610       4.763
    3   971   1882.155       3.82039       4.165
    3   972   1871.744       3.81701       4.057
    3   973   1860.087       3.81004       6.408
    3   974   1900.467       3.81163       5.325
    3   975   1921.295       3.81451       5.827
    3   976   1881.300       3.81903       6.990
    3   977   1866.024       3.82226       8.417
    3   978   1846.764       3.83505       9.436
    3   979   1863.039       3.84286       4.049
    3   980   1906.677       3.83308       4.228
    3   981   1896.360       3.82913       3.860
    3   982   1875.215       3.82561       4.011
    3   983   1879.869       3.81106       3.722
    3   984   1886.843       3.82186       3.655
    3   985   1863.572       3.81172       5.297
    3   986   1913.933       3.81587       4.295
    3   987   1876.887       3.81780       5.311
    3   988   1908.822       3.81932       5.546
    3   989   1900.324       3.80757       7.235
    3   990   1869.453       3.82263       5.970
    3   991   1841.269       3.81908       4.214
    3   992   1854.867       3.83516       5.337
    3   993   1918.432       3.82103       5.218
    3   994   1873.860       3.83502       5.529
    3   995   1853.972       3.82369       5.648
    3   996   1872.393       3.83385       4.549
    3   997   1868.941       3.82920       4.566
    3   998   1852.813       3.84139       4.000
    3   999   1878.267       3.82709       5.822
    3  1000   1885.693       3.82555       5.121
    3  1001   1879.472       3.82306       2.997
    3  1002   1885.416       3.81606       6.441
    3  1003   1915.588       3.82363       3.379
    3  1004   1860.372       3.83204       5.723
    3  1005   1936.775       3.82057       3.429
    3  1006   1876.928       3.83345       4.920
    3  1007   1833.331       3.82897       5.373
    3  1008   1901.821       3.82107       3.878
    3  1009   1918.412       3.82219       4.268
    3  1010   1861.336       3.81805       3.373
    3  1011   1852.763       3.82802       2.599
    3  1012   1875.762       3.82318       4.737
    3  1013   1887.865       3.80483       5.874
    3  1014   1881.572       3.81827       3.924
    3  1015   1873.022       3.81500       3.590
    3  1016   1907.017       3.81779       5.329
    3  1017   1863.080       3.81470       3.823
    3  1018   1882.792       3.82367       4.276
    3  1019   1837.890       3.82307       3.624
    3  1020   1876.423       3.82909       5.526
    3  1021   1923.046       3.82971       4.846
    3  1022   1855.198       3.84984       4.711
    3  1023   1862.770       3.85377       4.717
