   31     0   1873.694       3.80155       3.375
   31     1   1840.654       3.80446       2.982
   31     2   1858.281       3.80261       4.302
   31     3   1803.830       3.79679       4.138
   31     4   1899.287       3.79910       4.323
   31     5   1791.600       3.80172       5.108
   31     6   1884.577       3.80810       4.622
   31     7   1822.909       3.78862       6.678
   31     8   1841.763       3.82010       4.111
   31     9   1809.246       3.81004       4.579
   31    10   1853.371       3.82173       4.020
   31    11   1776.451       3.80105       6.897
   31    12   1871.363       3.81117       2.825
   31    13   1831.942       3.78850       4.622
   31    14   1863.948       3.80818       3.144
   31    15   1831.765       3.79695       4.247
   31    16   1876.033       3.80440       3.623
   31    17   1785.462       3.79823       5.408
   31    18   1860.791       3.81446       3.867
   31    19   1800.380       3.80784       2.964
   31    20   1868.731       3.79934       2.189
   31    21   1821.890       3.79302       5.840
   31    22   1857.218       3.80459       3.468
   31    23   1822.223       3.80055       4.082
   31    24   1883.531       3.81052       3.483
   31    25   1790.194       3.80210       4.160
   31    26   1872.202       3.81387       2.858
   31    27   1808.655       3.80612       2.822
   31    28   1889.829       3.81336       2.992
   31    29   1849.519       3.79472       4.645
   31    30   1849.728       3.80723       3.206
   31    31   1809.044       3.80097       4.418
   31    32   1844.259       3.81641       1.968
   31    33   1831.022       3.79567       3.853
   31    34   1858.518       3.80975       5.393
   31    35   1829.257       3.79055       5.079
   31    36   1872.456       3.81232       2.444
   31    37   1819.145       3.80051       4.018
   31    38   1871.001       3.81096       2.870
   31    39   1838.975       3.80324       3.573
   31    40   1882.751       3.80990       3.457
   31    41   1857.627       3.79107       5.883
   31    42   1859.934       3.82357       2.322
   31    43   1803.943       3.80495       4.346
   31    44   1843.486       3.80394       2.957
   31    45   1774.527       3.80437       4.131
   31    46   1876.611       3.80188       2.366
   31    47   1765.944       3.79958       2.386
   31    48   1879.927       3.79891       3.792
   31    49   1812.981       3.80107       3.814
   31    50   1863.679       3.81196       3.454
   31    51   1826.513       3.79829       4.668
   31    52   1876.785       3.80973       3.375
   31    53   1819.195       3.79443       4.687
   31    54   1882.649       3.80824       4.092
   31    55   1830.554       3.80106       3.685
   31    56   1878.046       3.80510       4.394
   31    57   1820.082       3.80545       4.417
   31    58   1866.445       3.80747       4.453
   31    59   1792.498       3.79233       4.761
   31    60   1888.611       3.79394       2.647
   31    61   1832.804       3.79544       3.119
   31    62   1873.124       3.79523       2.407
   31    63   1786.621       3.79196       4.614
   31    64   1850.078       3.79706       4.302
   31    65   1857.242       3.78185       6.182
   31    66   1842.853       3.80584       6.224
   31    67   1780.967       3.79554       8.429
   31    68   1854.726       3.81716       4.893
   31    69   1806.211       3.79643       4.309
   31    70   1879.769       3.82167       2.992
   31    71   1792.246       3.81310       3.311
   31    72   1901.889       3.80611       2.906
   31    73   1834.791       3.80303       3.589
   31    74   1903.302       3.80643       3.583
   31    75   1776.013       3.80018       3.271
   31    76   1894.578       3.80412       3.947
   31    77   1840.258       3.79044       4.283
   31    78   1897.826       3.80915       3.028
   31    79   1811.088       3.80064       5.267
   31    80   1903.166       3.81392       3.248
   31    81   1808.222       3.79160       5.580
   31    82   1856.972       3.80286       5.753
   31    83   1807.764       3.79671       4.996
   31    84   1879.800       3.81218       2.449
   31    85   1818.144       3.79711       4.571
   31    86   1895.479       3.79943       4.774
   31    87   1793.715       3.80248       4.221
   31    88   1863.418       3.80755       4.157
   31    89   1836.966       3.80519       4.530
   31    90   1887.781       3.80165       3.711
   31    91   1818.601       3.79746       4.478
   31    92   1881.545       3.80672       2.705
   31    93   1828.035       3.79481       5.496
   31    94   1881.845       3.80965       3.432
   31    95   1822.782       3.80094       3.456
   31    96   1887.849       3.80608       2.477
   31    97   1819.475       3.79678       4.713
   31    98   1882.234       3.80094       3.373
   31    99   1826.791       3.78062       4.010
   31   100   1893.737       3.79023       3.853
   31   101   1838.451       3.80043       3.003
   31   102   1896.125       3.79474       3.927
   31   103   1813.944       3.79573       3.982
   31   104   1864.440       3.81943       2.768
   31   105   1827.851       3.79932       3.624
   31   106   1897.746       3.81327       2.721
   31   107   1840.660       3.79297       3.287
   31   108   1844.806       3.80215       3.312
   31   109   1796.546       3.80395       3.384
   31   110   1858.995       3.81334       3.390
   31   111   1806.132       3.79365       5.134
   31   112   1875.388       3.81353       3.605
   31   113   1810.004       3.80026       5.550
   31   114   1880.177       3.80828       4.742
   31   115   1798.606       3.80110       4.737
   31   116   1851.221       3.80989       2.542
   31   117   1800.757       3.79239       3.629
   31   118   1844.619       3.80783       2.377
   31   119   1823.132       3.78657       3.937
   31   120   1892.509       3.80249       2.984
   31   121   1856.244       3.78738       4.726
   31   122   1871.582       3.80696       4.087
   31   123   1803.607       3.79130       5.452
   31   124   1841.948       3.80333       3.334
   31   125   1855.323       3.79450       5.795
   31   126   1896.256       3.80329       2.827
   31   127   1823.320       3.79679       3.004
   31   128   1852.949       3.80117       3.899
   31   129   1836.277       3.78556       5.125
   31   130   1866.547       3.79690       3.321
   31   131   1788.432       3.79508       3.433
   31   132   1931.584       3.78698       4.403
   31   133   1826.916       3.79401       5.410
   31   134   1870.855       3.80575       4.598
   31   135   1810.538       3.79600       4.836
   31   136   1882.338       3.79982       4.385
   31   137   1836.764       3.80394       4.246
   31   138   1896.180       3.79977       2.659
   31   139   1795.260       3.79393       4.049
   31   140   1877.988       3.79623       4.210
   31   141   1807.276       3.78512       4.788
   31   142   1823.745       3.80582       3.725
   31   143   1790.331       3.79052       4.473
   31   144   1854.034       3.80373       3.620
   31   145   1796.140       3.79067       3.794
   31   146   1875.849       3.80188       3.076
   31   147   1827.052       3.79610       2.780
   31   148   1926.305       3.80317       2.133
   31   149   1785.719       3.80505       3.531
   31   150   1903.067       3.80497       2.052
   31   151   1838.797       3.78740       3.273
   31   152   1925.560       3.79889       2.919
   31   153   1817.065       3.80222       4.168
   31   154   1896.830       3.81925       1.974
   31   155   1859.167       3.79980       4.134
   31   156   1831.584       3.81654       3.196
   31   157   1817.169       3.80717       3.920
   31   158   1839.985       3.81705       4.210
   31   159   1787.213       3.79665       3.901
   31   160   1884.533       3.81749       2.313
   31   161   1813.471       3.79878       3.947
   31   162   1861.518       3.80816       2.647
   31   163   1807.160       3.78938       3.373
   31   164   1889.347       3.80141       2.357
   31   165   1838.898       3.78649       4.418
   31   166   1873.799       3.80073       2.938
   31   167   1836.166       3.79154       2.588
   31   168   1888.376       3.79754       3.791
   31   169   1811.645       3.80407       4.206
   31   170   1900.349       3.79534       2.643
   31   171   1782.494       3.80249       3.900
   31   172   1896.879       3.81094       3.032
   31   173   1829.079       3.79533       3.800
   31   174   1894.134       3.81556       3.939
   31   175   1839.073       3.80160       2.353
   31   176   1870.391       3.79341       3.051
   31   177   1827.139       3.80158       2.804
   31   178   1845.597       3.81531       2.851
   31   179   1782.053       3.80888       5.013
   31   180   1884.588       3.81446       4.294
   31   181   1814.029       3.79469       4.769
   31   182   1869.787       3.80064       2.931
   31   183   1852.994       3.79022       3.335
   31   184   1867.427       3.80459       3.126
   31   185   1814.297       3.79556       5.100
   31   186   1879.775       3.80459       2.166
   31   187   1846.476       3.78998       3.630
   31   188   1865.058       3.81195       3.627
   31   189   1819.581       3.79810       5.876
   31   190   1871.186       3.80622       3.013
   31   191   1815.175       3.79803       4.190
   31   192   1890.513       3.80819       2.803
   31   193   1805.049       3.79058       4.309
   31   194   1879.193       3.79859       3.876
   31   195   1814.245       3.79859       4.634
   31   196   1877.527       3.81322       3.551
   31   197   1813.667       3.80006       4.879
   31   198   1841.764       3.80949       4.764
   31   199   1776.000       3.80317       3.186
   31   200   1885.935       3.80372       3.517
   31   201   1826.311       3.79609       3.258
   31   202   1887.170       3.78724       4.439
   31   203   1838.600       3.78201       3.145
   31   204   1835.780       3.80153       2.807
   31   205   1801.967       3.79631       2.912
   31   206   1893.806       3.79645       4.625
   31   207   1829.533       3.77953       4.846
   31   208   1843.375       3.80786       3.921
   31   209   1829.637       3.81176       4.750
   31   210   1842.661       3.81152       3.165
   31   211   1852.361       3.79884       2.310
   31   212   1888.797       3.81585       2.263
   31   213   1837.515       3.79741       3.249
   31   214   1907.595       3.79965       4.093
   31   215   1796.741       3.79618       6.084
   31   216   1850.572       3.81812       4.499
   31   217   1852.788       3.80416       2.747
   31   218   1872.829       3.79913       3.331
   31   219   1813.084       3.78956       5.153
   31   220   1873.619       3.79600       3.635
   31   221   1861.137       3.78557       5.333
   31   222   1814.357       3.81740       5.218
   31   223   1797.899       3.80347       3.452
   31   224   1856.229       3.80442       5.313
   31   225   1830.912       3.79714       4.774
   31   226   1852.243       3.81115       2.995
   31   227   1812.557       3.80293       3.954
   31   228   1864.666       3.80644       3.484
   31   229   1836.089       3.78287       4.130
   31   230   1866.778       3.80315       4.922
   31   231   1807.490       3.79736       3.559
   31   232   1895.076       3.79966       3.800
   31   233   1838.750       3.79348       4.677
   31   234   1856.974       3.81134       4.336
   31   235   1817.342       3.79195       4.468
   31   236   1896.901       3.79770       4.131
   31   237   1837.697       3.78149       3.685
   31   238   1873.744       3.79959       3.161
   31   239   1851.289       3.79052       4.816
   31   240   1857.349       3.81307       3.593
   31   241   1839.831       3.79590       5.687
   31   242   1870.240       3.80584       4.095
   31   243   1775.364       3.81086       3.303
   31   244   1859.553       3.81338       2.375
   31   245   1860.099       3.78867       5.195
   31   246   1899.050       3.80128       2.732
   31   247   1805.374       3.79307       3.069
   31   248   1851.070       3.80243       3.347
   31   249   1795.613       3.79933       4.975
   31   250   1876.643       3.80042       3.457
   31   251   1839.575       3.78470       4.386
   31   252   1905.386       3.80626       2.329
   31   253   1777.728       3.79354       4.897
   31   254   1866.961       3.79828       3.468
   31   255   1809.166       3.79183       3.695
   31   256   1879.068       3.79721       3.632
   31   257   1827.833       3.79365       4.316
   31   258   1848.475       3.80754       2.676
   31   259   1803.595       3.79585       4.797
   31   260   1879.578       3.80305       3.456
   31   261   1811.267       3.81343       3.971
   31   262   1887.437       3.79549       3.333
   31   263   1818.508       3.80600       2.667
   31   264   1861.399       3.80177       3.329
   31   265   1823.961       3.79816       4.170
   31   266   1889.860       3.80157       4.925
   31   267   1804.818       3.79360       4.395
   31   268   1890.751       3.80952       2.817
   31   269   1825.399       3.79366       3.993
   31   270   1886.316       3.80345       3.620
   31   271   1819.678       3.78704       3.600
   31   272   1914.042       3.79774       2.524
   31   273   1849.486       3.79945       2.649
   31   274   1882.135       3.79401       4.123
   31   275   1799.812       3.79658       4.318
   31   276   1836.463       3.82202       2.431
   31   277   1802.403       3.79944       3.834
   31   278   1858.300       3.81406       4.426
   31   279   1823.266       3.80103       4.897
   31   280   1905.286       3.80048       2.265
   31   281   1819.854       3.79722       2.127
   31   282   1874.006       3.80624       3.848
   31   283   1812.599       3.79816       4.108
   31   284   1865.142       3.80046       3.248
   31   285   1837.252       3.78662       2.606
   31   286   1856.460       3.80586       3.201
   31   287   1821.395       3.79587       4.572
   31   288   1881.420       3.80217       2.857
   31   289   1852.333       3.79300       4.829
   31   290   1893.746       3.80382       4.134
   31   291   1855.740       3.79656       3.961
   31   292   1882.522       3.80503       3.046
   31   293   1854.709       3.78718       5.048
   31   294   1884.264       3.81188       4.076
   31   295   1852.754       3.78657       4.666
   31   296   1841.050       3.81418       2.669
   31   297   1814.588       3.79032       4.809
   31   298   1913.081       3.79469       3.494
   31   299   1791.948       3.79695       5.439
   31   300   1853.693       3.81070       3.238
   31   301   1841.336       3.79396       3.491
   31   302   1865.946       3.80291       4.500
   31   303   1850.499       3.79538       3.273
   31   304   1879.325       3.79839       3.390
   31   305   1781.486       3.78773       6.320
   31   306   1860.133       3.79737       4.285
   31   307   1800.106       3.79919       3.271
   31   308   1875.523       3.80460       4.911
   31   309   1833.728       3.79402       4.598
   31   310   1856.891       3.81412       3.358
   31   311   1817.546       3.78991       4.425
   31   312   1920.672       3.79320       3.311
   31   313   1809.502       3.78779       6.243
   31   314   1870.674       3.80623       4.226
   31   315   1824.001       3.78771       4.724
   31   316   1874.782       3.80334       2.869
   31   317   1811.000       3.79758       4.118
   31   318   1842.645       3.80211       3.636
   31   319   1795.932       3.79312       5.144
   31   320   1861.072       3.80830       3.004
   31   321   1829.587       3.79719       5.467
   31   322   1871.488       3.81227       3.099
   31   323   1853.305       3.79089       4.907
   31   324   1863.529       3.81180       2.867
   31   325   1790.883       3.79312       6.475
   31   326   1856.165       3.80430       3.928
   31   327   1778.368       3.80129       3.511
   31   328   1845.462       3.80428       2.296
   31   329   1817.195       3.78607       3.596
   31   330   1882.794       3.79590       3.402
   31   331   1841.416       3.78295       3.449
   31   332   1893.239       3.80181       5.081
   31   333   1856.806       3.80124       4.464
   31   334   1890.684       3.80209       4.468
   31   335   1790.604       3.78978       4.761
   31   336   1841.965       3.80064       3.763
   31   337   1815.639       3.79396       4.176
   31   338   1876.628       3.80045       3.205
   31   339   1816.531       3.79019       4.286
   31   340   1890.678       3.79908       3.679
   31   341   1821.280       3.79655       5.168
   31   342   1908.272       3.78794       3.794
   31   343   1830.100       3.78460       5.038
   31   344   1826.558       3.80538       3.347
   31   345   1855.670       3.79506       3.739
   31   346   1895.802       3.81230       3.082
   31   347   1845.043       3.79317       4.072
   31   348   1911.914       3.81615       1.735
   31   349   1811.740       3.80247       3.310
   31   350   1884.511       3.79998       3.649
   31   351   1797.261       3.79421       4.595
   31   352   1834.809       3.80024       3.995
   31   353   1792.750       3.80024       3.859
   31   354   1872.827       3.78953       5.026
   31   355   1804.207       3.77814       5.036
   31   356   1899.946       3.79668       3.121
   31   357   1813.175       3.79027       3.584
   31   358   1922.381       3.79338       3.852
   31   359   1818.557       3.79592       4.675
   31   360   1884.116       3.80440       2.419
   31   361   1804.353       3.80144       4.524
   31   362   1904.757       3.80092       4.123
   31   363   1800.215       3.79845       3.140
   31   364   1875.759       3.79553       3.977
   31   365   1817.264       3.79697       5.418
   31   366   1923.714       3.79369       2.788
   31   367   1834.394       3.79190       3.756
   31   368   1872.405       3.79837       2.511
   31   369   1802.964       3.80562       4.120
   31   370   1868.819       3.79726       4.299
   31   371   1818.956       3.79423       4.564
   31   372   1926.350       3.79479       2.652
   31   373   1834.402       3.78116       3.267
   31   374   1860.218       3.79922       4.448
   31   375   1832.564       3.79138       2.229
   31   376   1904.541       3.78932       3.727
   31   377   1797.257       3.79839       4.264
   31   378   1823.013       3.81784       3.913
   31   379   1811.126       3.79905       5.371
   31   380   1846.903       3.82341       3.438
   31   381   1849.076       3.80643       4.108
   31   382   1851.632       3.80802       4.128
   31   383   1816.493       3.80277       3.172
   31   384   1860.650       3.79817       3.409
   31   385   1834.453       3.78671       2.623
   31   386   1872.008       3.79378       3.820
   31   387   1821.458       3.77445       3.914
   31   388   1807.416       3.79609       5.568
   31   389   1785.881       3.79293       5.472
   31   390   1895.860       3.79312       5.137
   31   391   1812.200       3.78650       5.078
   31   392   1860.190       3.80838       2.208
   31   393   1761.840       3.79848       5.674
   31   394   1853.159       3.81078       3.515
   31   395   1773.391       3.80439       3.704
   31   396   1880.738       3.81377       2.880
   31   397   1817.845       3.78872       3.890
   31   398   1858.019       3.80393       2.872
   31   399   1815.116       3.78766       3.363
   31   400   1882.042       3.79240       2.896
   31   401   1810.616       3.78310       4.160
   31   402   1910.864       3.79137       2.681
   31   403   1840.090       3.78366       3.524
   31   404   1901.002       3.79895       3.460
   31   405   1799.937       3.79202       5.870
   31   406   1874.094       3.80873       3.296
   31   407   1848.704       3.79464       5.183
   31   408   1841.364       3.80179       2.482
   31   409   1849.810       3.79418       3.132
   31   410   1855.350       3.79560       3.066
   31   411   1851.517       3.77629       4.116
   31   412   1876.588       3.78932       3.469
   31   413   1823.605       3.77953       5.764
   31   414   1884.622       3.79402       3.895
   31   415   1849.494       3.77729       4.583
   31   416   1871.460       3.79588       2.475
   31   417   1839.882       3.79227       3.738
   31   418   1858.001       3.80510       4.077
   31   419   1848.340       3.79705       2.740
   31   420   1901.934       3.80851       3.229
   31   421   1824.627       3.79917       4.200
   31   422   1855.793       3.79932       3.514
   31   423   1816.227       3.78874       3.766
   31   424   1869.497       3.80021       2.380
   31   425   1837.947       3.79227       3.243
   31   426   1852.890       3.80166       2.668
   31   427   1823.896       3.79115       3.883
   31   428   1870.393       3.79242       4.152
   31   429   1792.029       3.79389       4.995
   31   430   1879.996       3.80388       3.827
   31   431   1840.643       3.80446       2.249
   31   432   1827.340       3.80357       3.148
   31   433   1833.334       3.78881       2.858
   31   434   1868.053       3.79525       2.451
   31   435   1795.982       3.79018       5.082
   31   436   1901.035       3.80307       2.287
   31   437   1824.271       3.78971       4.470
   31   438   1886.523       3.79662       4.397
   31   439   1846.138       3.79755       2.725
   31   440   1894.471       3.80286       5.164
   31   441   1836.720       3.79692       4.556
   31   442   1882.998       3.80670       2.706
   31   443   1823.546       3.79287       4.147
   31   444   1867.265       3.80162       2.696
   31   445   1806.295       3.78511       3.428
   31   446   1888.638       3.79402       3.368
   31   447   1822.536       3.78646       4.818
   31   448   1844.479       3.79587       4.634
   31   449   1822.228       3.78395       4.899
   31   450   1877.232       3.79032       3.372
   31   451   1794.045       3.79071       5.493
   31   452   1897.625       3.79835       4.326
   31   453   1827.175       3.79965       5.527
   31   454   1891.582       3.79906       4.465
   31   455   1837.885       3.78895       4.816
   31   456   1860.565       3.80890       3.781
   31   457   1800.280       3.79754       2.786
   31   458   1849.688       3.80690       2.403
   31   459   1832.805       3.79578       3.927
   31   460   1915.502       3.78967       3.383
   31   461   1844.393       3.78922       3.721
   31   462   1905.733       3.78081       3.887
   31   463   1828.959       3.78306       4.437
   31   464   1860.655       3.80154       3.857
   31   465   1787.210       3.79680       4.885
   31   466   1850.802       3.80311       4.882
   31   467   1790.554       3.80041       3.951
   31   468   1870.999       3.79570       3.039
   31   469   1813.678       3.79466       4.657
   31   470   1901.711       3.81185       2.715
   31   471   1789.303       3.79152       4.871
   31   472   1900.068       3.80279       2.837
   31   473   1853.527       3.79589       4.486
   31   474   1900.561       3.79667       2.033
   31   475   1842.760       3.79141       2.438
   31   476   1932.879       3.79208       1.628
   31   477   1817.743       3.78146       4.558
   31   478   1884.954       3.79804       3.792
   31   479   1813.328       3.78804       4.413
   31   480   1853.759       3.79773       3.895
   31   481   1792.033       3.79710       5.601
   31   482   1879.355       3.79013       3.653
   31   483   1838.445       3.78370       5.017
   31   484   1867.505       3.79521       3.433
   31   485   1856.468       3.78159       4.267
   31   486   1882.859       3.80302       2.968
   31   487   1827.943       3.78829       5.591
   31   488   1869.822       3.80649       3.998
   31   489   1781.997       3.80862       5.086
   31   490   1874.501       3.81208       3.234
   31   491   1813.798       3.80387       4.286
   31   492   1872.413       3.80183       3.332
   31   493   1815.981       3.79917       3.029
   31   494   1884.294       3.80729       4.090
   31   495   1825.640       3.80511       2.870
   31   496   1858.329       3.80012       3.565
   31   497   1827.968       3.79579       2.687
   31   498   1804.983       3.76876       2.874
   31   499   1742.941       3.76307       5.021
   31   500   1744.527       3.79953       2.418
   31   501   1728.013       3.79302       3.226
   31   502   1806.064       3.79687       3.122
   31   503   1764.879       3.78719       7.049
   31   504   1864.243       3.82354       4.567
   31   505   1815.181       3.79943       3.097
   31   506   1837.376       3.80646       3.498
   31   507   1814.529       3.78857       3.449
   31   508   1880.199       3.80641       4.167
   31   509   1806.677       3.80129       5.635
   31   510   1853.788       3.80675       3.143
   31   511   1813.619       3.81195       2.913
   31   512   1831.777       3.80827       4.899
   31   513   1823.768       3.80211       2.768
   31   514   1810.573       3.79400       2.428
   31   515   1806.225       3.78523       5.682
   31   516   1798.223       3.78821       3.057
   31   517   1805.480       3.78123       3.162
   31   518   1831.325       3.78278       4.120
   31   519   1778.672       3.77425       4.270
   31   520   1792.898       3.78683       4.335
   31   521   1831.563       3.77727       5.403
   31   522   1803.396       3.79371       3.992
   31   523   1821.175       3.78803       4.187
   31   524   1782.759       3.78797       5.010
   31   525   1816.860       3.77246       4.340
   31   526   1788.732       3.79689       2.851
   31   527   1802.381       3.77782       4.729
   31   528   1831.435       3.78887       4.477
   31   529   1817.163       3.78570       4.612
   31   530   1775.891       3.79526       3.182
   31   531   1787.691       3.79081       3.804
   31   532   1825.320       3.79273       3.745
   31   533   1838.784       3.78157       3.680
   31   534   1838.391       3.80001       3.769
   31   535   1806.704       3.79589       4.193
   31   536   1847.044       3.79683       4.713
   31   537   1801.868       3.78407       4.075
   31   538   1826.579       3.78924       5.248
   31   539   1808.715       3.79196       4.329
   31   540   1813.565       3.78747       4.060
   31   541   1765.702       3.78542       2.585
   31   542   1842.070       3.79098       3.309
   31   543   1780.628       3.77691       5.186
   31   544   1788.904       3.79835       3.606
   31   545   1817.070       3.77855       3.874
   31   546   1818.463       3.79551       2.997
   31   547   1794.342       3.78698       4.031
   31   548   1831.195       3.78693       4.329
   31   549   1836.948       3.78048       3.223
   31   550   1836.876       3.78689       2.583
   31   551   1829.012       3.78697       5.253
   31   552   1856.512       3.79807       3.780
   31   553   1793.639       3.79078       4.953
   31   554   1856.404       3.78861       3.794
   31   555   1800.687       3.78959       3.835
   31   556   1809.835       3.79689       2.155
   31   557   1828.041       3.79116       1.718
   31   558   1838.038       3.80148       2.414
   31   559   1801.469       3.79793       2.951
   31   560   1781.967       3.79509       2.746
   31   561   1789.559       3.78295       6.511
   31   562   1834.289       3.78621       3.527
   31   563   1833.970       3.77787       3.703
   31   564   1780.642       3.79940       2.715
   31   565   1834.551       3.78253       3.648
   31   566   1826.103       3.79131       4.684
   31   567   1816.269       3.78266       3.512
   31   568   1784.211       3.79325       3.687
   31   569   1815.213       3.78283       3.516
   31   570   1823.313       3.78215       3.956
   31   571   1813.877       3.78649       2.767
   31   572   1831.083       3.78093       4.646
   31   573   1825.180       3.77861       3.809
   31   574   1796.867       3.79418       3.976
   31   575   1841.250       3.77922       3.446
   31   576   1817.741       3.78675       2.837
   31   577   1774.216       3.78808       3.005
   31   578   1805.936       3.79089       1.852
   31   579   1825.369       3.77844       5.521
   31   580   1814.777       3.78340       4.603
   31   581   1781.394       3.78107       2.701
   31   582   1807.332       3.78764       4.407
   31   583   1802.576       3.78237       5.206
   31   584   1800.427       3.80265       3.179
   31   585   1782.289       3.78912       3.691
   31   586   1822.013       3.80781       4.102
   31   587   1860.307       3.78947       5.130
   31   588   1810.394       3.79977       3.849
   31   589   1813.281       3.78698       3.124
   31   590   1825.162       3.80021       2.742
   31   591   1834.802       3.79376       3.091
   31   592   1824.210       3.78972       2.171
   31   593   1836.323       3.77387       2.810
   31   594   1802.911       3.78377       3.205
   31   595   1805.984       3.77343       4.914
   31   596   1803.598       3.79458       4.920
   31   597   1832.370       3.77058       3.297
   31   598   1782.852       3.79688       3.208
   31   599   1832.462       3.79410       4.135
   31   600   1828.822       3.78264       3.744
   31   601   1816.291       3.77544       4.579
   31   602   1822.803       3.80312       2.135
   31   603   1798.932       3.80440       3.170
   31   604   1818.049       3.80040       3.299
   31   605   1806.513       3.80363       1.955
   31   606   1821.561       3.79769       2.555
   31   607   1816.828       3.77587       2.751
   31   608   1874.614       3.78727       2.517
   31   609   1805.654       3.77617       3.795
   31   610   1819.524       3.78121       3.092
   31   611   1787.000       3.78964       2.771
   31   612   1825.210       3.79832       3.169
   31   613   1834.062       3.77349       3.342
   31   614   1810.782       3.78631       4.190
   31   615   1780.729       3.79222       3.261
   31   616   1875.623       3.78910       2.532
   31   617   1833.112       3.78357       3.930
   31   618   1802.028       3.79132       4.504
   31   619   1797.097       3.78259       4.176
   31   620   1836.211       3.79705       2.470
   31   621   1799.731       3.78752       3.119
   31   622   1802.885       3.79048       3.679
   31   623   1827.283       3.79171       3.086
   31   624   1815.269       3.78607       5.295
   31   625   1824.792       3.77497       3.538
   31   626   1790.326       3.80191       3.219
   31   627   1818.782       3.78414       4.697
   31   628   1822.957       3.79634       3.195
   31   629   1826.714       3.77755       5.294
   31   630   1823.636       3.78602       2.050
   31   631   1778.670       3.78901       2.418
   31   632   1833.348       3.78467       3.463
   31   633   1792.920       3.77988       3.128
   31   634   1807.341       3.79220       2.178
   31   635   1824.998       3.77305       4.856
   31   636   1833.366       3.79233       3.195
   31   637   1858.947       3.77509       3.663
   31   638   1827.591       3.78959       5.493
   31   639   1777.339       3.79495       4.301
   31   640   1801.380       3.79862       3.791
   31   641   1796.765       3.78608       3.932
   31   642   1831.814       3.79522       4.669
   31   643   1810.132       3.79533       2.756
   31   644   1784.943       3.79727       2.175
   31   645   1809.806       3.78624       2.780
   31   646   1864.983       3.77586       3.812
   31   647   1828.262       3.78117       4.056
   31   648   1819.658       3.78900       3.904
   31   649   1798.970       3.77929       5.308
   31   650   1825.303       3.79685       4.316
   31   651   1800.025       3.78437       5.283
   31   652   1795.151       3.80032       3.745
   31   653   1818.432       3.79211       2.955
   31   654   1827.001       3.79920       3.523
   31   655   1800.347       3.78992       3.931
   31   656   1853.461       3.79065       3.146
   31   657   1837.457       3.78023       3.752
   31   658   1814.784       3.78681       3.316
   31   659   1847.185       3.77745       3.578
   31   660   1821.733       3.78820       3.697
   31   661   1809.091       3.78866       2.970
   31   662   1772.672       3.79015       3.050
   31   663   1823.451       3.79246       3.317
   31   664   1800.037       3.80452       3.139
   31   665   1793.869       3.79352       3.894
   31   666   1837.214       3.79463       2.861
   31   667   1780.869       3.78968       4.632
   31   668   1786.037       3.79445       4.113
   31   669   1818.153       3.79508       3.003
   31   670   1815.276       3.79059       2.404
   31   671   1793.174       3.78862       3.245
   31   672   1831.192       3.78546       3.711
   31   673   1823.569       3.78466       4.874
   31   674   1786.369       3.79040       4.213
   31   675   1805.089       3.78073       4.603
   31   676   1814.224       3.79109       3.614
   31   677   1808.400       3.78766       3.129
   31   678   1827.278       3.78989       3.706
   31   679   1819.356       3.78944       4.743
   31   680   1843.277       3.79587       3.129
   31   681   1811.689       3.79475       2.550
   31   682   1786.400       3.78715       3.852
   31   683   1844.792       3.78845       2.656
   31   684   1828.272       3.78403       3.837
   31   685   1808.614       3.79104       2.957
   31   686   1820.303       3.78631       2.294
   31   687   1820.742       3.78871       2.257
   31   688   1816.223       3.79666       2.780
   31   689   1799.259       3.78755       2.443
   31   690   1830.293       3.79465       3.774
   31   691   1795.841       3.78870       4.065
   31   692   1834.077       3.78960       3.411
   31   693   1818.261       3.79267       3.509
   31   694   1813.651       3.79273       2.877
   31   695   1797.228       3.80333       3.182
   31   696   1866.459       3.78337       2.709
   31   697   1825.927       3.77665       2.876
   31   698   1761.799       3.80279       2.616
   31   699   1840.692       3.77625       4.245
   31   700   1829.824       3.79216       4.330
   31   701   1786.253       3.79254       2.798
   31   702   1837.705       3.79036       4.464
   31   703   1815.769       3.78308       5.940
   31   704   1847.398       3.81000       3.562
   31   705   1818.699       3.79065       4.434
   31   706   1815.530       3.80595       1.914
   31   707   1810.313       3.79298       3.495
   31   708   1810.600       3.78833       3.483
   31   709   1791.211       3.79137       2.873
   31   710   1812.762       3.78551       3.793
   31   711   1801.850       3.78799       3.612
   31   712   1819.365       3.77929       3.838
   31   713   1804.335       3.77398       5.537
   31   714   1832.626       3.77276       3.566
   31   715   1819.219       3.78850       4.681
   31   716   1829.029       3.79564       4.494
   31   717   1802.427       3.78460       4.267
   31   718   1823.886       3.79482       4.157
   31   719   1835.000       3.79640       4.726
   31   720   1801.378       3.80323       1.998
   31   721   1780.514       3.78866       4.122
   31   722   1800.245       3.79877       3.450
   31   723   1849.257       3.78594       3.007
   31   724   1810.938       3.79333       3.546
   31   725   1836.272       3.77890       3.462
   31   726   1761.483       3.80166       4.531
   31   727   1820.816       3.79248       4.646
   31   728   1843.812       3.78962       3.759
   31   729   1804.565       3.78154       2.065
   31   730   1787.795       3.79965       3.204
   31   731   1782.028       3.80817       2.537
   31   732   1800.184       3.80235       2.907
   31   733   1841.441       3.78466       3.070
   31   734   1802.848       3.79656       3.834
   31   735   1815.203       3.79825       4.316
   31   736   1809.137       3.79163       3.083
   31   737   1806.092       3.78208       2.465
   31   738   1816.129       3.78547       3.236
   31   739   1790.880       3.78368       4.475
   31   740   1829.220       3.79574       3.773
   31   741   1821.152       3.78855       3.763
   31   742   1790.964       3.79261       4.060
   31   743   1818.153       3.79098       4.803
   31   744   1800.238       3.80036       4.221
   31   745   1834.290       3.78583       3.744
   31   746   1798.055       3.79845       3.687
   31   747   1838.456       3.79709       2.692
   31   748   1811.133       3.79966       3.560
   31   749   1816.986       3.77951       3.792
   31   750   1795.528       3.80167       3.146
   31   751   1770.511       3.78956       4.772
   31   752   1827.545       3.79833       2.899
   31   753   1830.622       3.78713       4.669
   31   754   1819.848       3.79248       3.822
   31   755   1796.896       3.79571       4.478
   31   756   1809.768       3.80366       3.127
   31   757   1810.195       3.79081       2.953
   31   758   1823.998       3.79383       2.753
   31   759   1784.481       3.78961       3.750
   31   760   1830.369       3.77800       3.038
   31   761   1810.324       3.78899       2.460
   31   762   1821.172       3.78804       4.348
   31   763   1819.944       3.78356       5.170
   31   764   1810.155       3.79386       3.489
   31   765   1855.536       3.77222       6.328
   31   766   1769.774       3.79720       2.163
   31   767   1804.498       3.78535       3.870
   31   768   1842.503       3.79057       3.000
   31   769   1840.688       3.78544       4.282
   31   770   1790.494       3.80944       2.747
   31   771   1818.956       3.79171       3.165
   31   772   1785.488       3.80535       2.447
   31   773   1774.298       3.78805       3.995
   31   774   1777.414       3.80217       3.193
   31   775   1824.777       3.79469       5.535
   31   776   1811.054       3.79332       3.262
   31   777   1848.051       3.77808       3.501
   31   778   1815.303       3.78936       3.444
   31   779   1796.756       3.78958       4.377
   31   780   1866.612       3.78332       3.721
   31   781   1843.806       3.77319       5.293
   31   782   1824.178       3.79301       4.065
   31   783   1799.704       3.78463       4.271
   31   784   1824.690       3.78605       3.720
   31   785   1763.828       3.79630       3.180
   31   786   1808.197       3.79928       2.466
   31   787   1801.699       3.80448       2.915
   31   788   1802.020       3.79921       4.703
   31   789   1797.299       3.80409       4.076
   31   790   1812.203       3.80326       3.599
   31   791   1818.311       3.80010       2.834
   31   792   1855.893       3.79032       2.807
   31   793   1802.776       3.78441       3.488
   31   794   1834.130       3.79042       2.331
   31   795   1828.047       3.78886       2.434
   31   796   1829.775       3.78881       3.536
   31   797   1848.143       3.78449       3.359
   31   798   1827.821       3.79004       4.345
   31   799   1792.957       3.79632       4.363
   31   800   1800.744       3.80102       4.370
   31   801   1822.919       3.80183       3.524
   31   802   1792.233       3.80513       2.202
   31   803   1784.593       3.79326       4.190
   31   804   1814.326       3.80030       3.445
   31   805   1788.283       3.78257       3.856
   31   806   1815.261       3.79271       2.644
   31   807   1837.168       3.78869       3.113
   31   808   1830.719       3.79471       4.843
   31   809   1805.322       3.78719       4.341
   31   810   1807.828       3.79000       3.155
   31   811   1790.538       3.78777       3.341
   31   812   1801.869       3.79273       4.644
   31   813   1849.933       3.77030       3.627
   31   814   1815.647       3.80735       3.894
   31   815   1792.907       3.79112       3.743
   31   816   1828.695       3.80513       2.902
   31   817   1808.409       3.79267       2.928
   31   818   1840.787       3.80479       2.108
   31   819   1843.163       3.78236       2.686
   31   820   1811.418       3.79571       2.559
   31   821   1849.806       3.78025       2.285
   31   822   1807.810       3.78719       3.319
   31   823   1860.532       3.78365       5.650
   31   824   1813.388       3.79158       4.016
   31   825   1809.797       3.78592       6.290
   31   826   1823.310       3.79417       0.019
   31   827   1811.523       3.78091       3.157
   31   828   1819.113       3.79529       3.290
   31   829   1820.743       3.78472       4.176
   31   830   1824.228       3.79123       4.145
   31   831   1830.982       3.78422       3.565
   31   832   1813.695       3.80588       3.343
   31   833   1797.006       3.80006       3.513
   31   834   1814.525       3.79442       3.545
   31   835   1819.631       3.79645       3.398
   31   836   1836.300       3.80045       3.582
   31   837   1757.388       3.80072       3.692
   31   838   1806.054       3.80650       2.193
   31   839   1794.899       3.78648       4.252
   31   840   1776.430       3.80048       3.948
   31   841   1809.584       3.78860       3.538
   31   842   1826.696       3.79453       2.981
   31   843   1818.265       3.79068       3.176
   31   844   1812.132       3.78946       2.960
   31   845   1804.574       3.78285       4.776
   31   846   1815.290       3.78088       3.361
   31   847   1802.415       3.78501       2.791
   31   848   1825.418       3.78193       3.818
   31   849   1812.304       3.77046       5.313
   31   850   1840.780       3.78537       4.350
   31   851   1810.419       3.79327       3.857
   31   852   1818.696       3.80083       4.982
   31   853   1796.096       3.79157       4.057
   31   854   1806.780       3.80950       2.280
   31   855   1819.870       3.80592       2.488
   31   856   1809.174       3.79704       2.557
   31   857   1791.328       3.79244       1.457
   31   858   1836.813       3.79284       3.027
   31   859   1786.987       3.79675       2.459
   31   860   1808.517       3.79001       3.520
   31   861   1856.780       3.77547       5.015
   31   862   1812.124       3.78858       3.882
   31   863   1807.961       3.79270       4.796
   31   864   1835.273       3.80356       4.229
   31   865   1788.615       3.79304       3.929
   31   866   1829.069       3.79870       4.217
   31   867   1833.353       3.78463       2.948
   31   868   1805.890       3.79651       2.417
   31   869   1807.737       3.78245       3.814
   31   870   1808.438       3.79037       3.989
   31   871   1800.490       3.79188       4.504
   31   872   1816.836       3.80630       2.718
   31   873   1826.746       3.79657       3.674
   31   874   1802.752       3.80354       4.065
   31   875   1812.770       3.78480       3.397
   31   876   1808.856       3.79822       3.944
   31   877   1853.661       3.78197       3.886
   31   878   1803.418       3.79641       3.583
   31   879   1843.544       3.78999       2.076
   31   880   1846.356       3.79181       3.968
   31   881   1782.438       3.78513       3.162
   31   882   1802.043       3.80018       2.494
   31   883   1809.403       3.77861       4.674
   31   884   1829.890       3.79826       2.447
   31   885   1843.514       3.78941       3.960
   31   886   1792.473       3.79189       2.977
   31   887   1841.473       3.77875       3.459
   31   888   1784.159       3.79102       2.940
   31   889   1796.639       3.79622       2.896
   31   890   1784.643       3.79871       4.788
   31   891   1804.950       3.79851       4.594
   31   892   1808.148       3.79460       4.045
   31   893   1787.222       3.78925       4.800
   31   894   1784.455       3.80038       3.943
   31   895   1801.462       3.78561       4.305
   31   896   1859.942       3.78428       3.393
   31   897   1829.285       3.78360       5.022
   31   898   1801.015       3.79668       5.577
   31   899   1836.680       3.79131       3.829
   31   900   1816.532       3.79169       4.667
   31   901   1794.956       3.78484       2.986
   31   902   1789.684       3.80470       3.113
   31   903   1838.867       3.78818       4.142
   31   904   1830.733       3.80679       2.742
   31   905   1776.318       3.79721       3.662
   31   906   1826.284       3.80548       2.620
   31   907   1802.916       3.79426       4.461
   31   908   1837.504       3.79686       2.354
   31   909   1785.813       3.79104       2.813
   31   910   1820.409       3.78725       3.835
   31   911   1837.447       3.78441       3.699
   31   912   1811.910       3.79003       4.323
   31   913   1775.180       3.77976       4.519
   31   914   1809.580       3.78876       3.480
   31   915   1822.358       3.79082       3.950
   31   916   1806.174       3.78759       3.862
   31   917   1806.146       3.78768       3.674
   31   918   1825.250       3.80368       3.047
   31   919   1825.265       3.79949       3.819
   31   920   1819.225       3.79703       4.327
   31   921   1841.875       3.79487       2.796
   31   922   1765.314       3.80492       2.576
   31   923   1853.088       3.79086       2.753
   31   924   1785.419       3.79037       3.334
   31   925   1832.679       3.77883       2.364
   31   926   1835.707       3.78741       3.838
   31   927   1785.537       3.79345       2.594
   31   928   1818.948       3.79767       5.083
   31   929   1778.389       3.79108       4.613
   31   930   1801.377       3.80313       3.546
   31   931   1798.692       3.79377       3.532
   31   932   1823.141       3.80356       2.813
   31   933   1821.532       3.78252       3.115
   31   934   1807.618       3.79585       3.549
   31   935   1790.763       3.79476       2.893
   31   936   1818.101       3.79500       4.101
   31   937   1823.995       3.79120       3.388
   31   938   1796.282       3.79983       4.059
   31   939   1785.155       3.79042       3.812
   31   940   1838.568       3.79701       2.409
   31   941   1845.431       3.78843       2.440
   31   942   1800.741       3.80206       4.213
   31   943   1831.321       3.78989       3.759
   31   944   1817.815       3.79365       2.875
   31   945   1807.183       3.79407       2.760
   31   946   1780.620       3.79127       4.228
   31   947   1823.360       3.78648       4.388
   31   948   1824.386       3.79007       5.138
   31   949   1801.641       3.79628       2.918
   31   950   1811.598       3.80106       2.971
   31   951   1801.799       3.78777       4.505
   31   952   1850.602       3.79244       3.733
   31   953   1804.406       3.78062       5.930
   31   954   1834.319       3.79898       4.300
   31   955   1830.673       3.79814       2.737
   31   956   1802.230       3.80228       4.378
   31   957   1802.757       3.79058       3.822
   31   958   1786.869       3.80511       2.508
   31   959   1813.097       3.78830       3.599
   31   960   1802.350       3.78585       3.206
   31   961   1786.956       3.78333       3.590
   31   962   1808.004       3.79564       4.075
   31   963   1827.409       3.77878       6.050
   31   964   1804.075       3.81246       3.322
   31   965   1860.236       3.79038       3.018
   31   966   1844.233       3.79878       2.863
   31   967   1786.069       3.80686       3.083
   31   968   1786.782       3.80607       4.048
   31   969   1808.679       3.80826       2.557
   31   970   1784.479       3.80709       2.260
   31   971   1824.772       3.78731       2.880
   31   972   1821.464       3.77970       4.307
   31   973   1818.475       3.77211       3.701
   31   974   1830.919       3.79121       2.364
   31   975   1838.762       3.78905       3.554
   31   976   1824.266       3.78445       4.376
   31   977   1772.885       3.78296       4.804
   31   978   1790.699       3.79383       5.003
   31   979   1800.852       3.78892       5.405
   31   980   1890.227       3.80288       2.811
   31   981   1834.889       3.78199       4.119
   31   982   1804.481       3.80194       2.884
   31   983   1825.270       3.80019       3.662
   31   984   1817.993       3.80403       3.847
   31   985   1799.185       3.80410       3.484
   31   986   1806.652       3.80914       2.094
   31   987   1796.199       3.79586       3.841
   31   988   1794.530       3.80363       4.513
   31   989   1815.555       3.79286       3.060
   31   990   1805.673       3.80412       3.268
   31   991   1802.689       3.79832       4.498
   31   992   1840.088       3.79684       2.797
   31   993   1778.486       3.78422       3.594
   31   994   1785.026       3.79826       3.539
   31   995   1819.065       3.80221       2.487
   31   996   1817.153       3.79463       4.609
   31   997   1811.061       3.78697       3.787
   31   998   1828.561       3.79390       4.548
   31   999   1782.418       3.79553       4.493
   31  1000   1815.940       3.80325       2.893
   31  1001   1814.316       3.78722       4.546
   31  1002   1833.822       3.79882       2.581
   31  1003   1809.053       3.79689       3.102
   31  1004   1780.979       3.80416       5.130
   31  1005   1804.795       3.80556       3.873
   31  1006   1791.123       3.81033       2.532
   31  1007   1807.345       3.79803       2.535
   31  1008   1798.934       3.81910       3.122
   31  1009   1808.850       3.79302       2.796
   31  1010   1801.549       3.78652       1.398
   31  1011   1785.058       3.78215       3.223
   31  1012   1805.790       3.80116       3.254
   31  1013   1785.513       3.79471       2.562
   31  1014   1799.112       3.80060       2.745
   31  1015   1841.474       3.78137       5.390
   31  1016   1786.759       3.80076       3.367
   31  1017   1777.192       3.76281       3.719
   31  1018   1825.462       3.79665       3.356
   31  1019   1810.361       3.79014       3.106
   31  1020   1821.079       3.80427       3.681
   31  1021   1780.608       3.80196       4.630
   31  1022   1781.664       3.81380       3.865
   31  1023   1789.945       3.81248       4.122
