   30     0   1873.386       3.79606       2.242
   30     1   1829.107       3.78928       2.950
   30     2   1852.427       3.78201       3.215
   30     3   1880.137       3.77090       3.236
   30     4   1863.591       3.79435       1.906
   30     5   1862.064       3.77786       4.397
   30     6   1878.402       3.79676       3.427
   30     7   1845.883       3.77419       6.953
   30     8   1881.551       3.80338       3.057
   30     9   1825.496       3.79110       3.782
   30    10   1906.167       3.79611       2.220
   30    11   1815.476       3.78338       3.286
   30    12   1881.266       3.78411       2.256
   30    13   1825.237       3.78144       2.781
   30    14   1935.738       3.78212       3.899
   30    15   1837.743       3.77394       3.414
   30    16   1913.801       3.79066       1.883
   30    17   1868.946       3.77672       3.151
   30    18   1893.131       3.78477       2.989
   30    19   1868.248       3.77101       4.191
   30    20   1922.496       3.77936       1.650
   30    21   1798.173       3.78104       2.380
   30    22   1901.129       3.78861       2.809
   30    23   1855.119       3.77479       3.014
   30    24   1882.617       3.79912       2.268
   30    25   1855.926       3.77400       4.008
   30    26   1942.240       3.78772       2.861
   30    27   1855.398       3.78044       3.263
   30    28   1865.860       3.80172       2.527
   30    29   1864.490       3.77271       3.028
   30    30   1882.441       3.79187       2.306
   30    31   1832.956       3.78383       3.119
   30    32   1880.862       3.79627       2.536
   30    33   1831.222       3.77901       3.454
   30    34   1874.369       3.79254       2.585
   30    35   1864.824       3.78105       2.438
   30    36   1884.577       3.78712       1.367
   30    37   1860.497       3.77279       3.157
   30    38   1933.431       3.79467       3.250
   30    39   1875.245       3.77824       3.666
   30    40   1899.105       3.78644       2.030
   30    41   1801.874       3.78749       4.199
   30    42   1927.353       3.78961       3.145
   30    43   1851.107       3.77810       2.632
   30    44   1880.415       3.78992       1.949
   30    45   1897.094       3.77400       3.622
   30    46   1901.272       3.78776       2.268
   30    47   1848.639       3.77103       2.931
   30    48   1951.005       3.78185       3.895
   30    49   1872.298       3.78411       3.077
   30    50   1872.388       3.79053       2.269
   30    51   1873.572       3.76689       3.899
   30    52   1887.034       3.79290       2.858
   30    53   1805.002       3.79773       3.324
   30    54   1869.106       3.80090       3.740
   30    55   1859.657       3.78625       3.872
   30    56   1892.338       3.79333       3.633
   30    57   1813.399       3.79772       2.448
   30    58   1896.769       3.78642       1.980
   30    59   1812.711       3.78356       1.687
   30    60   1864.945       3.77700       2.554
   30    61   1815.539       3.76567       3.086
   30    62   1897.624       3.78585       1.851
   30    63   1885.951       3.75717       3.009
   30    64   1892.678       3.77507       3.772
   30    65   1841.485       3.78163       2.740
   30    66   1896.533       3.78967       4.531
   30    67   1795.936       3.79412       3.340
   30    68   1883.285       3.78956       3.242
   30    69   1851.259       3.78180       4.653
   30    70   1907.747       3.79391       2.309
   30    71   1825.009       3.79637       3.752
   30    72   1882.475       3.79141       2.632
   30    73   1819.333       3.78343       3.416
   30    74   1888.604       3.79607       2.713
   30    75   1840.916       3.76868       2.718
   30    76   1925.043       3.78072       3.429
   30    77   1846.620       3.78899       3.356
   30    78   1871.464       3.79745       2.153
   30    79   1810.484       3.77403       4.719
   30    80   1897.769       3.78590       2.655
   30    81   1837.721       3.76964       0.915
   30    82   1892.606       3.78873       2.153
   30    83   1845.156       3.78293       3.326
   30    84   1926.195       3.78740       2.537
   30    85   1859.821       3.78340       2.145
   30    86   1852.493       3.79289       2.461
   30    87   1828.630       3.77827       3.624
   30    88   1824.333       3.79825       3.253
   30    89   1855.356       3.78189       3.339
   30    90   1890.474       3.78614       3.498
   30    91   1861.775       3.78246       2.445
   30    92   1863.608       3.79210       2.012
   30    93   1884.790       3.78163       3.193
   30    94   1903.580       3.78592       2.661
   30    95   1827.029       3.77945       3.822
   30    96   1888.702       3.78978       2.900
   30    97   1841.184       3.77742       4.327
   30    98   1888.939       3.79313       1.446
   30    99   1864.669       3.75702       2.903
   30   100   1880.046       3.77716       1.625
   30   101   1843.713       3.77511       3.046
   30   102   1889.385       3.78664       4.650
   30   103   1901.314       3.76909       3.382
   30   104   1897.705       3.79126       1.845
   30   105   1836.672       3.78864       3.679
   30   106   1951.176       3.77984       2.721
   30   107   1828.315       3.78081       2.549
   30   108   1908.686       3.78809       1.414
   30   109   1829.046       3.78138       4.597
   30   110   1885.958       3.79140       2.908
   30   111   1828.611       3.77233       2.880
   30   112   1857.974       3.79692       2.914
   30   113   1851.356       3.78482       3.763
   30   114   1923.098       3.79084       2.982
   30   115   1890.108       3.77795       3.548
   30   116   1892.224       3.79842       1.768
   30   117   1838.387       3.77547       2.366
   30   118   1886.607       3.78490       3.019
   30   119   1826.270       3.76515       2.992
   30   120   1889.610       3.78564       1.440
   30   121   1841.972       3.77476       2.480
   30   122   1892.388       3.77688       3.365
   30   123   1822.248       3.77556       3.788
   30   124   1892.541       3.78438       1.859
   30   125   1821.629       3.77997       4.664
   30   126   1858.396       3.80009       2.554
   30   127   1846.850       3.78438       2.557
   30   128   1882.680       3.79649       1.993
   30   129   1872.043       3.77168       2.501
   30   130   1884.523       3.78973       1.666
   30   131   1838.730       3.77962       2.418
   30   132   1877.682       3.78400       2.736
   30   133   1830.968       3.78034       2.820
   30   134   1887.908       3.79323       2.404
   30   135   1851.423       3.77838       3.692
   30   136   1870.330       3.79589       3.002
   30   137   1812.149       3.78741       2.114
   30   138   1871.556       3.79170       2.910
   30   139   1822.709       3.76792       2.962
   30   140   1916.185       3.77650       2.542
   30   141   1852.457       3.76706       3.624
   30   142   1868.743       3.79958       1.967
   30   143   1888.064       3.76957       3.670
   30   144   1954.330       3.77454       3.519
   30   145   1827.172       3.77157       3.267
   30   146   1933.889       3.78628       1.764
   30   147   1828.335       3.77631       3.398
   30   148   1911.262       3.78493       1.827
   30   149   1864.352       3.76926       4.059
   30   150   1913.190       3.78636       2.200
   30   151   1843.380       3.76947       3.717
   30   152   1909.539       3.78262       2.839
   30   153   1850.572       3.78121       2.564
   30   154   1885.321       3.78651       2.347
   30   155   1840.466       3.77756       2.728
   30   156   1892.712       3.79294       2.210
   30   157   1821.482       3.78506       3.392
   30   158   1866.969       3.79848       2.512
   30   159   1843.290       3.77133       2.789
   30   160   1901.253       3.78918       2.805
   30   161   1821.198       3.77719       2.932
   30   162   1901.474       3.78474       1.865
   30   163   1870.237       3.77297       1.975
   30   164   1924.767       3.78153       1.267
   30   165   1893.114       3.76369       2.666
   30   166   1937.650       3.78231       3.021
   30   167   1838.723       3.76956       3.002
   30   168   1899.843       3.79091       1.960
   30   169   1847.426       3.78414       4.359
   30   170   1891.175       3.79985       2.163
   30   171   1865.851       3.78320       2.199
   30   172   1884.896       3.79052       2.717
   30   173   1849.928       3.78578       1.624
   30   174   1864.371       3.79649       1.042
   30   175   1854.359       3.78231       1.733
   30   176   1889.408       3.78431       2.092
   30   177   1846.585       3.78262       2.391
   30   178   1877.974       3.79840       2.898
   30   179   1810.012       3.78588       3.160
   30   180   1898.477       3.79419       2.326
   30   181   1873.222       3.78880       1.751
   30   182   1895.889       3.79062       1.887
   30   183   1832.296       3.77179       1.464
   30   184   1895.238       3.77745       2.954
   30   185   1861.472       3.77867       2.210
   30   186   1900.709       3.78423       2.792
   30   187   1862.741       3.76641       5.565
   30   188   1913.527       3.77407       2.171
   30   189   1850.922       3.78514       4.187
   30   190   1893.227       3.78740       2.623
   30   191   1832.177       3.77025       2.691
   30   192   1922.742       3.77516       2.168
   30   193   1841.114       3.77229       2.089
   30   194   1885.213       3.78637       3.289
   30   195   1849.733       3.78062       3.836
   30   196   1912.093       3.79284       3.440
   30   197   1857.007       3.77658       5.212
   30   198   1876.318       3.79143       3.537
   30   199   1821.167       3.78530       2.623
   30   200   1922.190       3.78008       2.223
   30   201   1820.853       3.78244       3.188
   30   202   1900.609       3.77381       2.590
   30   203   1837.125       3.77160       1.296
   30   204   1918.149       3.77584       2.729
   30   205   1849.431       3.76462       4.387
   30   206   1895.674       3.77526       2.627
   30   207   1821.402       3.76464       4.716
   30   208   1897.056       3.78983       2.697
   30   209   1856.966       3.77525       5.745
   30   210   1873.711       3.78752       3.361
   30   211   1855.759       3.78321       3.039
   30   212   1901.290       3.78504       2.359
   30   213   1891.119       3.76885       2.436
   30   214   1880.459       3.78994       3.768
   30   215   1836.099       3.78318       3.234
   30   216   1903.481       3.79562       1.414
   30   217   1863.201       3.78061       2.722
   30   218   1897.857       3.78826       2.312
   30   219   1833.828       3.77272       2.608
   30   220   1901.979       3.78481       1.262
   30   221   1823.517       3.77020       2.150
   30   222   1905.708       3.78781       2.323
   30   223   1833.353       3.78162       3.253
   30   224   1892.265       3.78339       2.183
   30   225   1846.747       3.77678       5.179
   30   226   1897.696       3.79926       2.189
   30   227   1863.116       3.77455       2.314
   30   228   1902.317       3.78132       1.792
   30   229   1782.615       3.78718       1.880
   30   230   1937.077       3.77246       2.352
   30   231   1860.235       3.77058       3.800
   30   232   1858.625       3.78820       2.882
   30   233   1847.143       3.78128       3.104
   30   234   1907.470       3.78673       3.390
   30   235   1865.254       3.78250       3.471
   30   236   1889.732       3.78473       2.466
   30   237   1833.704       3.77226       2.848
   30   238   1899.640       3.77042       2.118
   30   239   1844.253       3.76907       3.692
   30   240   1915.636       3.78074       2.934
   30   241   1855.415       3.77253       2.734
   30   242   1867.390       3.79113       2.893
   30   243   1896.325       3.77850       3.035
   30   244   1886.651       3.79078       2.150
   30   245   1841.861       3.78511       2.297
   30   246   1881.869       3.79119       1.322
   30   247   1848.470       3.77183       3.318
   30   248   1903.408       3.77591       2.566
   30   249   1866.189       3.78535       2.241
   30   250   1866.881       3.78736       2.385
   30   251   1827.400       3.76882       2.585
   30   252   1870.040       3.77858       2.146
   30   253   1845.653       3.76980       3.719
   30   254   1908.951       3.77513       3.932
   30   255   1868.079       3.77723       2.239
   30   256   1926.912       3.77657       4.146
   30   257   1836.761       3.78853       2.472
   30   258   1890.988       3.77944       3.026
   30   259   1848.236       3.77339       2.640
   30   260   1910.043       3.77897       2.966
   30   261   1830.926       3.78713       3.209
   30   262   1884.531       3.78129       3.033
   30   263   1812.462       3.77981       2.671
   30   264   1913.058       3.78702       1.756
   30   265   1867.908       3.77971       4.538
   30   266   1901.061       3.78059       3.857
   30   267   1842.903       3.77394       3.081
   30   268   1883.736       3.78054       3.038
   30   269   1838.268       3.77025       2.837
   30   270   1890.529       3.79094       1.904
   30   271   1812.601       3.77300       3.418
   30   272   1934.890       3.77844       1.674
   30   273   1873.593       3.77563       2.927
   30   274   1921.572       3.78209       3.174
   30   275   1827.398       3.77647       4.301
   30   276   1906.198       3.79302       2.949
   30   277   1839.937       3.79650       1.740
   30   278   1940.302       3.78420       2.888
   30   279   1837.427       3.78515       2.303
   30   280   1885.043       3.77863       1.871
   30   281   1845.533       3.77646       2.537
   30   282   1869.660       3.78947       2.283
   30   283   1860.622       3.76705       3.179
   30   284   1908.747       3.78486       1.939
   30   285   1844.707       3.77071       3.731
   30   286   1902.930       3.78155       1.836
   30   287   1807.506       3.77472       4.391
   30   288   1887.967       3.79320       2.373
   30   289   1803.509       3.79163       2.910
   30   290   1913.025       3.78893       3.281
   30   291   1827.153       3.77247       2.760
   30   292   1936.011       3.78099       1.441
   30   293   1845.358       3.77267       2.634
   30   294   1887.695       3.79002       1.400
   30   295   1808.866       3.77809       4.239
   30   296   1912.969       3.78590       1.953
   30   297   1865.866       3.77568       3.812
   30   298   1912.147       3.78371       2.877
   30   299   1836.503       3.77698       2.277
   30   300   1926.474       3.78348       1.832
   30   301   1851.681       3.77355       3.233
   30   302   1873.353       3.77999       2.445
   30   303   1817.957       3.76848       2.813
   30   304   1888.404       3.78515       2.476
   30   305   1834.818       3.78044       2.430
   30   306   1924.341       3.77319       2.351
   30   307   1826.644       3.77663       3.021
   30   308   1916.094       3.79131       2.280
   30   309   1811.404       3.78159       2.757
   30   310   1903.460       3.78390       2.412
   30   311   1824.611       3.78338       1.817
   30   312   1881.271       3.78440       2.209
   30   313   1857.269       3.77734       3.068
   30   314   1910.796       3.79145       1.953
   30   315   1799.503       3.77351       4.590
   30   316   1874.420       3.78812       3.677
   30   317   1810.806       3.77758       4.796
   30   318   1886.742       3.77915       3.121
   30   319   1861.516       3.76476       3.438
   30   320   1892.732       3.79259       2.517
   30   321   1855.877       3.77541       4.381
   30   322   1900.430       3.78897       3.235
   30   323   1841.921       3.76590       4.169
   30   324   1924.633       3.78475       2.872
   30   325   1845.749       3.77537       4.058
   30   326   1870.848       3.79345       3.553
   30   327   1846.291       3.77159       2.538
   30   328   1880.236       3.78452       2.365
   30   329   1827.300       3.76550       3.400
   30   330   1905.276       3.78402       2.148
   30   331   1843.031       3.77177       5.036
   30   332   1926.384       3.78354       2.296
   30   333   1859.988       3.78649       2.601
   30   334   1902.932       3.78320       2.510
   30   335   1894.155       3.76860       2.602
   30   336   1903.672       3.77703       1.897
   30   337   1824.644       3.77492       3.328
   30   338   1919.040       3.77841       2.651
   30   339   1839.706       3.76792       3.550
   30   340   1895.134       3.78436       2.794
   30   341   1840.870       3.77282       4.626
   30   342   1904.835       3.77558       2.646
   30   343   1859.993       3.76674       4.035
   30   344   1839.508       3.79946       1.245
   30   345   1869.776       3.78191       2.805
   30   346   1905.547       3.79254       2.685
   30   347   1855.499       3.78077       2.911
   30   348   1878.693       3.78762       3.416
   30   349   1827.541       3.79012       2.794
   30   350   1877.675       3.78269       3.158
   30   351   1827.418       3.77932       3.023
   30   352   1936.079       3.78227       2.797
   30   353   1829.217       3.77315       3.518
   30   354   1901.152       3.77603       2.835
   30   355   1831.551       3.76461       2.366
   30   356   1925.131       3.76769       2.950
   30   357   1862.090       3.76977       4.751
   30   358   1875.852       3.78983       3.174
   30   359   1855.695       3.77484       2.902
   30   360   1890.498       3.78030       2.754
   30   361   1852.420       3.77560       3.094
   30   362   1876.407       3.78354       2.436
   30   363   1851.305       3.78316       2.303
   30   364   1930.573       3.79066       2.320
   30   365   1829.655       3.78392       2.906
   30   366   1892.630       3.79211       2.628
   30   367   1875.933       3.77032       4.384
   30   368   1925.291       3.77834       2.586
   30   369   1838.377       3.77746       3.689
   30   370   1901.915       3.78312       2.430
   30   371   1844.867       3.77164       2.290
   30   372   1875.226       3.77579       2.524
   30   373   1890.948       3.77191       2.780
   30   374   1887.234       3.76566       3.207
   30   375   1847.391       3.76625       3.156
   30   376   1890.473       3.77970       2.902
   30   377   1860.931       3.77053       3.741
   30   378   1936.249       3.78788       2.749
   30   379   1885.171       3.76770       3.374
   30   380   1883.517       3.79470       2.885
   30   381   1837.105       3.78153       3.949
   30   382   1863.208       3.79107       2.766
   30   383   1803.804       3.78913       1.746
   30   384   1881.283       3.77848       1.004
   30   385   1866.630       3.76185       3.476
   30   386   1867.712       3.77180       3.325
   30   387   1846.019       3.75962       2.786
   30   388   1863.203       3.78001       3.202
   30   389   1871.915       3.76401       4.971
   30   390   1913.787       3.78226       4.454
   30   391   1854.390       3.76500       5.532
   30   392   1908.790       3.78212       2.416
   30   393   1852.939       3.77185       4.475
   30   394   1899.050       3.79183       2.952
   30   395   1856.928       3.77657       3.502
   30   396   1909.058       3.79665       1.978
   30   397   1857.910       3.77565       3.851
   30   398   1863.782       3.78496       2.816
   30   399   1881.312       3.75458       5.515
   30   400   1898.993       3.78001       1.360
   30   401   1834.437       3.77387       1.975
   30   402   1907.083       3.78499       2.519
   30   403   1859.799       3.76943       4.374
   30   404   1869.167       3.78428       3.143
   30   405   1856.546       3.77437       3.553
   30   406   1898.193       3.78664       2.792
   30   407   1877.939       3.77233       3.044
   30   408   1882.887       3.78753       2.491
   30   409   1821.850       3.76884       2.702
   30   410   1916.018       3.77277       3.814
   30   411   1849.054       3.76328       3.380
   30   412   1878.403       3.78036       2.120
   30   413   1834.255       3.76560       3.710
   30   414   1903.805       3.76706       2.308
   30   415   1844.058       3.75629       5.352
   30   416   1900.246       3.76669       3.345
   30   417   1881.459       3.77630       2.862
   30   418   1913.290       3.77592       4.071
   30   419   1843.028       3.77576       3.758
   30   420   1847.901       3.79623       1.569
   30   421   1874.839       3.77389       5.033
   30   422   1915.932       3.78835       1.215
   30   423   1874.744       3.77345       3.576
   30   424   1922.936       3.79387       0.879
   30   425   1854.220       3.77606       2.832
   30   426   1896.003       3.77399       2.490
   30   427   1856.203       3.76800       2.232
   30   428   1873.699       3.77110       3.637
   30   429   1849.903       3.77550       3.425
   30   430   1884.702       3.79463       2.765
   30   431   1823.746       3.77899       4.207
   30   432   1829.104       3.79451       2.161
   30   433   1846.124       3.77454       3.065
   30   434   1879.276       3.78476       2.937
   30   435   1793.167       3.77396       2.720
   30   436   1906.000       3.78352       1.882
   30   437   1804.407       3.77977       3.349
   30   438   1930.625       3.78509       1.799
   30   439   1851.648       3.77040       2.970
   30   440   1873.980       3.78042       3.632
   30   441   1831.934       3.77593       3.770
   30   442   1873.459       3.79154       2.219
   30   443   1827.020       3.77110       1.457
   30   444   1885.084       3.77263       3.260
   30   445   1874.679       3.76021       3.658
   30   446   1899.357       3.76840       2.397
   30   447   1810.745       3.76992       3.015
   30   448   1857.369       3.78253       3.550
   30   449   1861.538       3.77835       4.114
   30   450   1861.923       3.77991       2.983
   30   451   1841.478       3.76157       3.987
   30   452   1900.052       3.78632       3.098
   30   453   1851.733       3.77752       3.322
   30   454   1868.501       3.78733       3.492
   30   455   1823.069       3.77736       3.186
   30   456   1879.266       3.78970       2.567
   30   457   1834.271       3.77528       3.940
   30   458   1904.059       3.77525       2.753
   30   459   1862.205       3.76784       2.701
   30   460   1877.652       3.78086       1.891
   30   461   1853.770       3.77616       2.072
   30   462   1935.702       3.76614       3.140
   30   463   1812.246       3.76147       3.654
   30   464   1880.278       3.77531       3.261
   30   465   1876.712       3.76475       4.275
   30   466   1928.792       3.77302       3.173
   30   467   1837.095       3.78148       1.974
   30   468   1906.539       3.77920       1.849
   30   469   1832.090       3.76975       2.652
   30   470   1846.739       3.78544       2.731
   30   471   1828.839       3.77856       3.237
   30   472   1905.597       3.78715       2.084
   30   473   1827.878       3.76901       3.180
   30   474   1893.574       3.78436       2.229
   30   475   1888.530       3.76494       2.071
   30   476   1938.714       3.76505       2.520
   30   477   1860.222       3.76667       4.032
   30   478   1890.482       3.77353       2.435
   30   479   1837.948       3.77111       2.116
   30   480   1905.925       3.77795       3.265
   30   481   1816.709       3.77649       3.282
   30   482   1887.343       3.78294       2.523
   30   483   1892.156       3.77421       2.430
   30   484   1920.601       3.78235       2.174
   30   485   1804.520       3.77366       3.750
   30   486   1893.089       3.77873       3.135
   30   487   1860.998       3.77318       4.294
   30   488   1898.939       3.79715       2.028
   30   489   1825.157       3.78711       3.098
   30   490   1901.374       3.79423       2.312
   30   491   1868.699       3.78440       2.495
   30   492   1905.712       3.78760       1.500
   30   493   1825.788       3.79534       2.984
   30   494   1861.226       3.79228       2.896
   30   495   1850.376       3.78686       1.594
   30   496   1903.488       3.77960       2.216
   30   497   1836.955       3.76639       2.353
   30   498   1867.277       3.74342       2.860
   30   499   1746.113       3.74794       3.821
   30   500   1831.041       3.77790       3.866
   30   501   1783.021       3.76232       3.375
   30   502   1816.903       3.76748       2.743
   30   503   1785.378       3.77256       5.589
   30   504   1921.966       3.79567       3.009
   30   505   1895.610       3.77672       3.268
   30   506   1878.363       3.79094       1.677
   30   507   1828.291       3.77790       2.861
   30   508   1898.109       3.78576       3.440
   30   509   1836.453       3.78614       2.464
   30   510   1872.225       3.80322       1.968
   30   511   1857.580       3.78421       2.639
   30   512   1857.065       3.77786       3.224
   30   513   1845.517       3.78111       1.545
   30   514   1811.437       3.77148       3.050
   30   515   1835.290       3.77100       2.739
   30   516   1842.906       3.78036       0.987
   30   517   1802.578       3.76627       2.591
   30   518   1882.102       3.76434       2.300
   30   519   1861.551       3.76668       2.620
   30   520   1812.806       3.77719       2.755
   30   521   1817.816       3.76143       2.882
   30   522   1829.286       3.77816       2.635
   30   523   1831.465       3.77390       1.318
   30   524   1848.032       3.77512       3.685
   30   525   1836.474       3.76531       3.720
   30   526   1825.703       3.77676       3.385
   30   527   1826.402       3.77158       2.705
   30   528   1822.200       3.78230       2.641
   30   529   1861.579       3.77137       2.795
   30   530   1832.991       3.78040       2.114
   30   531   1818.272       3.76750       2.581
   30   532   1833.876       3.76884       1.857
   30   533   1847.639       3.77251       2.329
   30   534   1876.651       3.77235       2.983
   30   535   1853.393       3.77277       1.805
   30   536   1807.814       3.77985       4.133
   30   537   1851.436       3.77622       2.274
   30   538   1839.357       3.77266       2.794
   30   539   1832.911       3.75737       2.650
   30   540   1873.112       3.77016       2.573
   30   541   1833.679       3.76364       1.848
   30   542   1836.728       3.76582       1.459
   30   543   1837.152       3.75841       2.556
   30   544   1849.034       3.76878       2.791
   30   545   1838.193       3.76198       2.768
   30   546   1855.584       3.77417       2.440
   30   547   1826.320       3.77209       2.924
   30   548   1849.472       3.78001       1.846
   30   549   1829.644       3.76998       2.350
   30   550   1832.522       3.77371       2.089
   30   551   1824.855       3.77939       2.170
   30   552   1841.282       3.77653       2.318
   30   553   1819.339       3.76857       2.573
   30   554   1823.589       3.77974       2.575
   30   555   1806.245       3.76877       3.578
   30   556   1826.354       3.76797       2.247
   30   557   1861.220       3.76641       3.223
   30   558   1844.750       3.77728       2.297
   30   559   1852.092       3.76872       1.558
   30   560   1828.302       3.77379       2.420
   30   561   1856.119       3.76094       2.905
   30   562   1873.731       3.76952       2.845
   30   563   1809.724       3.76304       3.445
   30   564   1806.646       3.78204       2.338
   30   565   1848.556       3.76810       3.197
   30   566   1838.539       3.77210       3.821
   30   567   1838.611       3.77139       2.716
   30   568   1833.301       3.78446       2.169
   30   569   1837.223       3.76437       2.158
   30   570   1864.618       3.76718       2.817
   30   571   1856.710       3.75317       2.414
   30   572   1799.677       3.78033       3.302
   30   573   1809.087       3.74993       4.413
   30   574   1822.775       3.78272       2.250
   30   575   1825.283       3.76808       2.626
   30   576   1821.489       3.77277       2.418
   30   577   1821.703       3.75697       2.598
   30   578   1796.402       3.77964       2.706
   30   579   1837.266       3.75977       2.874
   30   580   1877.202       3.76675       2.755
   30   581   1854.568       3.76517       3.000
   30   582   1802.278       3.76902       2.410
   30   583   1867.892       3.75724       4.552
   30   584   1805.196       3.78258       3.892
   30   585   1858.075       3.76502       3.889
   30   586   1802.950       3.78779       3.430
   30   587   1825.163       3.77354       5.251
   30   588   1833.465       3.77930       2.179
   30   589   1835.446       3.76283       1.905
   30   590   1841.332       3.76931       2.464
   30   591   1811.568       3.76409       2.977
   30   592   1840.773       3.77233       2.170
   30   593   1851.140       3.76388       1.729
   30   594   1860.388       3.76432       3.863
   30   595   1833.710       3.76434       2.792
   30   596   1846.628       3.76752       4.421
   30   597   1823.144       3.76438       4.277
   30   598   1816.255       3.76855       3.970
   30   599   1838.449       3.77602       2.721
   30   600   1837.799       3.77323       3.181
   30   601   1825.630       3.76722       2.934
   30   602   1822.958       3.77887       2.625
   30   603   1842.921       3.77056       2.276
   30   604   1802.813       3.77594       3.932
   30   605   1872.963       3.76855       3.392
   30   606   1833.713       3.78005       2.278
   30   607   1842.168       3.76955       2.292
   30   608   1828.812       3.77142       2.177
   30   609   1830.061       3.76060       3.422
   30   610   1830.713       3.77458       2.036
   30   611   1838.457       3.76319       3.063
   30   612   1810.143       3.77563       3.515
   30   613   1812.623       3.76818       4.137
   30   614   1824.791       3.76741       3.293
   30   615   1800.636       3.76237       4.054
   30   616   1855.254       3.76735       3.881
   30   617   1785.232       3.77353       4.308
   30   618   1825.076       3.78637       3.411
   30   619   1837.732       3.77144       3.314
   30   620   1854.705       3.76938       2.165
   30   621   1845.272       3.76322       3.241
   30   622   1828.797       3.77840       1.548
   30   623   1831.712       3.77615       2.063
   30   624   1858.259       3.77007       3.004
   30   625   1831.676       3.76404       2.251
   30   626   1859.632       3.77099       4.373
   30   627   1839.207       3.76081       4.464
   30   628   1852.883       3.77759       2.635
   30   629   1859.693       3.76197       4.652
   30   630   1827.451       3.78277       2.215
   30   631   1821.066       3.77491       2.324
   30   632   1866.271       3.76116       2.957
   30   633   1855.959       3.76300       2.469
   30   634   1853.567       3.76967       2.284
   30   635   1834.874       3.76194       2.641
   30   636   1826.983       3.76643       2.911
   30   637   1833.672       3.75747       1.939
   30   638   1829.974       3.77263       3.658
   30   639   1789.423       3.78675       2.551
   30   640   1824.763       3.78561       2.262
   30   641   1828.159       3.77130       3.008
   30   642   1835.759       3.77947       2.120
   30   643   1826.951       3.77697       2.664
   30   644   1802.565       3.77613       3.102
   30   645   1821.771       3.76690       1.919
   30   646   1821.851       3.77118       2.794
   30   647   1790.959       3.77363       2.504
   30   648   1855.280       3.77202       3.545
   30   649   1825.131       3.76486       1.245
   30   650   1834.544       3.77620       2.971
   30   651   1831.681       3.76653       3.388
   30   652   1843.365       3.79395       3.274
   30   653   1863.616       3.77076       3.244
   30   654   1876.521       3.77244       4.185
   30   655   1845.281       3.76890       3.064
   30   656   1792.984       3.77457       2.723
   30   657   1862.912       3.75833       2.642
   30   658   1835.319       3.77924       2.050
   30   659   1793.627       3.76376       4.428
   30   660   1854.113       3.76626       4.074
   30   661   1869.616       3.76168       4.502
   30   662   1825.018       3.76836       4.354
   30   663   1807.464       3.76938       3.826
   30   664   1856.113       3.77581       2.907
   30   665   1868.315       3.76269       4.015
   30   666   1806.324       3.79029       2.866
   30   667   1866.227       3.76862       3.887
   30   668   1836.224       3.78519       2.537
   30   669   1847.281       3.77276       2.721
   30   670   1832.076       3.76610       2.324
   30   671   1863.296       3.76108       2.775
   30   672   1853.105       3.77333       2.096
   30   673   1841.339       3.76553       1.787
   30   674   1828.164       3.76365       2.253
   30   675   1886.848       3.75863       2.481
   30   676   1836.112       3.77784       1.793
   30   677   1831.636       3.75900       2.373
   30   678   1813.431       3.78157       3.467
   30   679   1802.693       3.77103       3.044
   30   680   1811.497       3.78384       2.461
   30   681   1835.463       3.77348       2.167
   30   682   1799.218       3.78881       2.313
   30   683   1835.491       3.77651       1.587
   30   684   1878.556       3.76949       3.113
   30   685   1841.061       3.76079       3.127
   30   686   1849.530       3.78237       1.727
   30   687   1796.634       3.77398       2.322
   30   688   1852.753       3.77392       2.213
   30   689   1804.096       3.77249       3.263
   30   690   1822.546       3.78120       2.375
   30   691   1841.705       3.76375       3.399
   30   692   1788.900       3.79021       2.836
   30   693   1812.821       3.77510       2.788
   30   694   1821.460       3.77622       2.862
   30   695   1885.307       3.76130       2.214
   30   696   1819.858       3.77483       3.208
   30   697   1842.247       3.76712       1.806
   30   698   1831.838       3.78048       2.089
   30   699   1854.424       3.76003       3.168
   30   700   1864.054       3.77297       4.296
   30   701   1820.948       3.76148       2.870
   30   702   1815.646       3.77306       3.393
   30   703   1790.434       3.77006       6.200
   30   704   1834.420       3.78437       2.630
   30   705   1827.840       3.77908       2.558
   30   706   1826.365       3.79006       1.754
   30   707   1850.698       3.77605       1.818
   30   708   1824.397       3.77979       3.056
   30   709   1861.842       3.76190       3.143
   30   710   1897.694       3.76507       2.381
   30   711   1846.051       3.75999       4.318
   30   712   1838.828       3.77694       2.093
   30   713   1797.937       3.76930       3.905
   30   714   1844.952       3.76827       2.429
   30   715   1803.799       3.76893       2.417
   30   716   1863.932       3.77438       3.318
   30   717   1816.981       3.77145       2.402
   30   718   1800.585       3.78342       3.106
   30   719   1790.767       3.77137       1.790
   30   720   1840.141       3.77771       1.958
   30   721   1820.369       3.76395       2.392
   30   722   1810.507       3.78232       2.492
   30   723   1836.129       3.76314       2.392
   30   724   1829.487       3.77611       3.441
   30   725   1829.561       3.77612       2.279
   30   726   1834.486       3.77041       2.634
   30   727   1852.378       3.77434       2.507
   30   728   1862.706       3.77543       3.705
   30   729   1835.301       3.76763       2.594
   30   730   1872.130       3.78098       3.250
   30   731   1831.438       3.77458       2.400
   30   732   1835.767       3.77766       1.935
   30   733   1833.559       3.77497       1.689
   30   734   1834.276       3.77116       1.246
   30   735   1825.302       3.77689       2.802
   30   736   1816.075       3.77113       2.050
   30   737   1844.070       3.77055       1.234
   30   738   1819.509       3.77270       2.690
   30   739   1837.454       3.77541       1.897
   30   740   1816.572       3.77610       3.093
   30   741   1874.190       3.76597       3.697
   30   742   1825.796       3.77768       3.450
   30   743   1848.469       3.76212       3.172
   30   744   1843.237       3.78765       2.300
   30   745   1829.406       3.77030       2.826
   30   746   1843.515       3.78147       1.959
   30   747   1836.617       3.78099       2.495
   30   748   1798.380       3.78388       2.466
   30   749   1850.640       3.77407       1.935
   30   750   1860.276       3.77648       2.450
   30   751   1837.734       3.77504       1.552
   30   752   1845.733       3.77620       3.073
   30   753   1829.450       3.77287       3.066
   30   754   1845.653       3.78041       3.546
   30   755   1843.214       3.77298       4.028
   30   756   1810.191       3.78748       3.122
   30   757   1854.820       3.77285       2.287
   30   758   1853.552       3.77959       2.022
   30   759   1836.103       3.76864       1.202
   30   760   1867.369       3.77299       1.610
   30   761   1878.542       3.76111       1.226
   30   762   1860.945       3.76979       2.604
   30   763   1870.886       3.76450       3.857
   30   764   1817.650       3.76408       4.056
   30   765   1859.509       3.76181       3.970
   30   766   1824.323       3.78539       1.595
   30   767   1808.380       3.77959       2.125
   30   768   1826.876       3.77193       2.921
   30   769   1819.537       3.76818       2.902
   30   770   1841.467       3.77359       2.677
   30   771   1805.108       3.78073       2.818
   30   772   1817.060       3.77639       3.202
   30   773   1822.818       3.76448       3.602
   30   774   1839.400       3.78156       2.827
   30   775   1816.561       3.77445       2.227
   30   776   1835.116       3.77510       2.527
   30   777   1830.926       3.76017       2.464
   30   778   1870.804       3.76503       3.326
   30   779   1841.903       3.76357       3.932
   30   780   1850.199       3.77159       2.641
   30   781   1799.099       3.77236       2.380
   30   782   1826.670       3.78339       1.780
   30   783   1831.553       3.77290       3.583
   30   784   1833.539       3.77582       2.714
   30   785   1862.766       3.76804       2.705
   30   786   1846.069       3.78587       2.510
   30   787   1817.361       3.78418       2.123
   30   788   1833.776       3.78760       3.666
   30   789   1857.290       3.77677       2.213
   30   790   1814.683       3.78475       2.243
   30   791   1819.006       3.77519       2.117
   30   792   1837.304       3.76977       2.144
   30   793   1839.991       3.76497       1.555
   30   794   1846.959       3.76336       2.965
   30   795   1818.794       3.76700       4.515
   30   796   1817.260       3.77293       3.021
   30   797   1866.329       3.76543       3.538
   30   798   1830.431       3.77984       3.551
   30   799   1861.711       3.76816       4.580
   30   800   1831.668       3.78408       2.010
   30   801   1858.896       3.77274       2.712
   30   802   1833.640       3.78123       2.270
   30   803   1852.219       3.77262       1.918
   30   804   1827.515       3.77642       2.164
   30   805   1818.713       3.76569       2.737
   30   806   1846.844       3.78167       2.119
   30   807   1858.606       3.76164       3.162
   30   808   1842.214       3.78006       2.370
   30   809   1823.466       3.77013       2.980
   30   810   1858.289       3.76170       3.271
   30   811   1840.015       3.76234       2.960
   30   812   1833.920       3.77868       2.654
   30   813   1833.752       3.76284       3.021
   30   814   1836.184       3.78360       2.859
   30   815   1820.749       3.78168       3.679
   30   816   1862.116       3.77753       3.982
   30   817   1848.176       3.78324       2.272
   30   818   1862.351       3.76983       3.855
   30   819   1865.819       3.76131       1.989
   30   820   1818.207       3.77241       2.414
   30   821   1840.156       3.76543       2.665
   30   822   1888.860       3.76879       3.081
   30   823   1828.167       3.77092       1.778
   30   824   1863.406       3.77279       4.786
   30   825   1863.209       3.76521       4.629
   30   826   1839.935       3.77247       2.086
   30   827   1865.519       3.77271       1.767
   30   828   1818.192       3.77136       2.694
   30   829   1798.522       3.76432       3.058
   30   830   1815.698       3.77952       3.362
   30   831   1851.319       3.76724       2.453
   30   832   1859.227       3.78542       2.156
   30   833   1833.015       3.77002       1.696
   30   834   1840.772       3.76841       3.955
   30   835   1820.008       3.77733       2.507
   30   836   1820.948       3.78425       3.296
   30   837   1813.844       3.77919       1.727
   30   838   1801.996       3.78775       3.060
   30   839   1808.268       3.77824       3.377
   30   840   1841.859       3.77200       2.725
   30   841   1834.430       3.77554       2.314
   30   842   1839.431       3.77849       2.296
   30   843   1854.009       3.76385       3.777
   30   844   1834.749       3.76705       1.701
   30   845   1846.488       3.76248       2.410
   30   846   1851.625       3.76671       2.418
   30   847   1853.822       3.76683       2.061
   30   848   1874.081       3.76621       4.232
   30   849   1843.224       3.76339       3.780
   30   850   1822.935       3.78095       3.970
   30   851   1849.168       3.77693       4.612
   30   852   1827.666       3.78972       2.545
   30   853   1845.840       3.77961       2.367
   30   854   1826.338       3.78229       3.518
   30   855   1837.084       3.78344       1.519
   30   856   1861.871       3.78642       1.651
   30   857   1829.676       3.76584       2.406
   30   858   1834.297       3.77785       2.296
   30   859   1873.633       3.76485       2.033
   30   860   1827.880       3.77353       2.159
   30   861   1819.753       3.76841       3.408
   30   862   1803.221       3.78309       2.344
   30   863   1828.961       3.77797       1.907
   30   864   1838.025       3.79140       2.171
   30   865   1868.174       3.76290       4.951
   30   866   1819.480       3.79001       1.640
   30   867   1811.350       3.77922       1.900
   30   868   1818.847       3.78304       1.954
   30   869   1864.263       3.76009       3.760
   30   870   1842.856       3.77452       3.141
   30   871   1819.366       3.77661       2.650
   30   872   1845.315       3.78275       2.846
   30   873   1817.042       3.77680       3.505
   30   874   1857.956       3.76681       3.373
   30   875   1814.989       3.77673       3.776
   30   876   1833.715       3.77226       1.994
   30   877   1843.097       3.76853       2.581
   30   878   1843.884       3.77303       3.014
   30   879   1844.501       3.76644       2.940
   30   880   1833.364       3.77010       3.392
   30   881   1791.662       3.76818       4.128
   30   882   1841.226       3.77685       2.192
   30   883   1798.366       3.76742       2.777
   30   884   1849.022       3.77670       3.243
   30   885   1852.158       3.76192       2.868
   30   886   1835.869       3.76903       2.620
   30   887   1847.078       3.75990       3.535
   30   888   1838.231       3.77031       2.951
   30   889   1848.750       3.76169       2.977
   30   890   1844.559       3.77603       3.273
   30   891   1826.352       3.76977       4.886
   30   892   1809.991       3.79172       2.062
   30   893   1792.858       3.77158       1.839
   30   894   1776.063       3.77693       3.411
   30   895   1820.296       3.76306       1.985
   30   896   1820.399       3.78173       2.340
   30   897   1790.601       3.77704       3.030
   30   898   1851.364       3.77856       2.469
   30   899   1846.891       3.76283       3.657
   30   900   1865.282       3.77801       3.929
   30   901   1848.907       3.76330       2.315
   30   902   1817.575       3.77983       4.070
   30   903   1833.449       3.77537       3.183
   30   904   1783.882       3.77564       4.245
   30   905   1841.643       3.77135       3.582
   30   906   1846.773       3.77638       3.163
   30   907   1842.331       3.76790       3.798
   30   908   1883.012       3.76646       1.955
   30   909   1845.574       3.77081       2.174
   30   910   1872.334       3.76310       4.947
   30   911   1828.126       3.76620       2.805
   30   912   1826.004       3.77045       3.761
   30   913   1865.531       3.76116       2.689
   30   914   1809.641       3.77555       3.738
   30   915   1846.002       3.76949       2.683
   30   916   1835.044       3.77974       1.999
   30   917   1821.543       3.76283       2.975
   30   918   1835.434       3.78077       2.303
   30   919   1826.283       3.77046       4.137
   30   920   1809.251       3.78634       1.792
   30   921   1830.908       3.77474       2.319
   30   922   1858.791       3.78153       3.326
   30   923   1830.300       3.76724       1.370
   30   924   1867.970       3.76655       2.287
   30   925   1856.761       3.75790       3.376
   30   926   1832.275       3.76901       2.093
   30   927   1853.995       3.77045       3.975
   30   928   1828.999       3.78075       3.443
   30   929   1806.836       3.77509       3.801
   30   930   1855.221       3.77633       2.988
   30   931   1812.210       3.78207       2.120
   30   932   1864.369       3.77286       2.950
   30   933   1835.258       3.76808       1.917
   30   934   1830.777       3.78051       1.457
   30   935   1818.059       3.77473       2.761
   30   936   1831.355       3.77703       2.492
   30   937   1828.315       3.77185       3.410
   30   938   1852.855       3.76826       3.396
   30   939   1824.827       3.78081       2.206
   30   940   1852.872       3.77555       2.651
   30   941   1812.749       3.77523       2.227
   30   942   1830.519       3.79369       1.384
   30   943   1853.897       3.78325       2.831
   30   944   1833.654       3.78190       2.398
   30   945   1844.055       3.76565       3.023
   30   946   1812.528       3.77906       2.662
   30   947   1844.394       3.76790       2.852
   30   948   1800.686       3.77541       3.682
   30   949   1821.207       3.77561       2.287
   30   950   1860.416       3.77849       2.811
   30   951   1864.461       3.76489       3.061
   30   952   1822.178       3.78314       1.912
   30   953   1851.739       3.76718       3.425
   30   954   1857.296       3.77618       3.104
   30   955   1803.775       3.78017       3.159
   30   956   1842.434       3.77394       2.491
   30   957   1856.339       3.75972       3.470
   30   958   1819.779       3.76958       2.968
   30   959   1854.785       3.77457       2.985
   30   960   1830.030       3.77863       2.351
   30   961   1826.894       3.77209       2.695
   30   962   1864.194       3.78158       3.636
   30   963   1860.219       3.77281       3.396
   30   964   1871.432       3.77716       3.641
   30   965   1863.477       3.77717       2.646
   30   966   1834.736       3.78076       2.827
   30   967   1841.113       3.78099       2.530
   30   968   1845.894       3.78854       1.976
   30   969   1811.202       3.79025       3.333
   30   970   1829.599       3.77651       2.195
   30   971   1817.212       3.77244       3.419
   30   972   1842.855       3.77320       2.828
   30   973   1826.229       3.76377       1.554
   30   974   1821.496       3.76538       3.643
   30   975   1826.995       3.76755       2.215
   30   976   1879.992       3.76760       3.608
   30   977   1840.992       3.77720       1.981
   30   978   1821.520       3.77762       3.407
   30   979   1824.453       3.77782       3.658
   30   980   1855.778       3.78053       3.154
   30   981   1834.782       3.77624       2.204
   30   982   1830.896       3.78207       2.394
   30   983   1835.538       3.77918       2.542
   30   984   1844.850       3.77767       3.793
   30   985   1847.693       3.78047       2.095
   30   986   1870.363       3.78109       2.610
   30   987   1833.448       3.77513       2.134
   30   988   1859.052       3.78420       2.397
   30   989   1868.741       3.77472       1.362
   30   990   1838.462       3.77583       2.169
   30   991   1863.564       3.78232       2.029
   30   992   1840.916       3.77978       2.158
   30   993   1874.029       3.76280       2.179
   30   994   1846.345       3.77307       3.148
   30   995   1833.411       3.77354       3.409
   30   996   1857.119       3.78365       2.224
   30   997   1818.992       3.78363       2.179
   30   998   1850.850       3.77221       3.494
   30   999   1797.665       3.77512       4.206
   30  1000   1847.565       3.78519       2.684
   30  1001   1860.137       3.77883       1.928
   30  1002   1833.465       3.78243       1.911
   30  1003   1854.396       3.77368       3.230
   30  1004   1820.600       3.78887       3.474
   30  1005   1790.751       3.79170       2.902
   30  1006   1851.241       3.78819       2.211
   30  1007   1847.470       3.78516       2.221
   30  1008   1818.056       3.79359       3.069
   30  1009   1793.331       3.78846       1.245
   30  1010   1820.866       3.76705       1.270
   30  1011   1834.492       3.76583       2.469
   30  1012   1800.915       3.78054       3.486
   30  1013   1815.824       3.77301       2.379
   30  1014   1824.081       3.78507       1.437
   30  1015   1860.296       3.75828       4.572
   30  1016   1833.688       3.78727       2.855
   30  1017   1821.536       3.75871       1.292
   30  1018   1855.082       3.76548       2.176
   30  1019   1819.187       3.76837       2.549
   30  1020   1776.190       3.80414       2.191
   30  1021   1828.232       3.78598       2.175
   30  1022   1800.439       3.79646       2.627
   30  1023   1836.223       3.78931       3.048
