    6     0   1881.994       3.82922       7.183
    6     1   1846.634       3.81778       4.891
    6     2   1915.278       3.82470       3.558
    6     3   1832.504       3.81154       4.961
    6     4   1929.225       3.81953       3.817
    6     5   1852.400       3.79466       5.808
    6     6   1925.941       3.79763       6.585
    6     7   1878.488       3.79548       8.056
    6     8   1907.361       3.83493       4.158
    6     9   1854.825       3.81648       4.759
    6    10   1889.637       3.81468       5.574
    6    11   1840.100       3.81032       5.870
    6    12   1907.928       3.82347       3.300
    6    13   1818.118       3.81083       4.862
    6    14   1930.517       3.80970       3.858
    6    15   1878.611       3.80120       6.249
    6    16   1939.422       3.81493       6.040
    6    17   1910.088       3.79445       5.998
    6    18   1903.562       3.82057       6.106
    6    19   1859.908       3.80651       7.763
    6    20   1945.376       3.80654       7.681
    6    21   1861.639       3.81141       5.592
    6    22   1887.946       3.82138       5.153
    6    23   1837.628       3.80844       6.486
    6    24   1919.063       3.81912       3.271
    6    25   1868.736       3.80854       5.071
    6    26   1934.420       3.81188       4.189
    6    27   1871.991       3.79856       7.007
    6    28   1940.143       3.79835       7.392
    6    29   1877.271       3.80036       5.399
    6    30   1907.316       3.80989       5.555
    6    31   1901.197       3.81035       3.551
    6    32   1921.865       3.81582       6.532
    6    33   1861.441       3.81210       3.836
    6    34   1929.623       3.81504       6.344
    6    35   1916.196       3.79724       7.847
    6    36   1871.644       3.82349       3.762
    6    37   1862.725       3.81437       6.561
    6    38   1949.170       3.82222       4.078
    6    39   1852.202       3.81039       4.404
    6    40   1948.256       3.81013       4.909
    6    41   1869.762       3.80354       4.571
    6    42   1943.570       3.81088       3.461
    6    43   1856.533       3.79361       5.976
    6    44   1945.273       3.80659       5.504
    6    45   1882.173       3.79751       7.287
    6    46   1931.151       3.80677       5.824
    6    47   1862.483       3.80794       6.176
    6    48   1935.864       3.82302       3.532
    6    49   1885.130       3.80667       6.777
    6    50   1936.058       3.81478       5.245
    6    51   1863.611       3.80606       4.262
    6    52   1913.378       3.80954       3.253
    6    53   1886.663       3.78946       4.409
    6    54   1928.821       3.79737       5.918
    6    55   1886.689       3.79261       7.125
    6    56   1928.156       3.81916       5.563
    6    57   1862.505       3.79578       7.916
    6    58   1901.214       3.81438       6.565
    6    59   1875.201       3.80144       6.640
    6    60   1909.175       3.82111       3.685
    6    61   1885.766       3.81198       5.299
    6    62   1915.318       3.80875       6.026
    6    63   1878.237       3.79596       5.556
    6    64   1906.802       3.81132       6.881
    6    65   1807.336       3.80886       6.247
    6    66   1919.814       3.81698       5.184
    6    67   1880.029       3.79699       5.848
    6    68   1908.852       3.80912       5.031
    6    69   1890.391       3.80129       5.753
    6    70   1921.191       3.80735       5.931
    6    71   1856.075       3.80261       6.769
    6    72   1930.884       3.81846       3.870
    6    73   1885.073       3.79135       8.956
    6    74   1938.650       3.80526       3.294
    6    75   1891.479       3.79798       7.237
    6    76   1932.568       3.82026       4.404
    6    77   1860.887       3.80752       5.221
    6    78   1912.144       3.81546       3.577
    6    79   1825.441       3.81067       6.308
    6    80   1925.965       3.81685       3.904
    6    81   1887.426       3.80722       7.779
    6    82   1920.058       3.82039       2.860
    6    83   1883.899       3.80548       5.655
    6    84   1935.229       3.81316       5.071
    6    85   1883.281       3.82144       6.653
    6    86   1939.096       3.81042       3.842
    6    87   1861.734       3.79847       5.132
    6    88   1933.264       3.80622       3.346
    6    89   1876.920       3.79689       5.630
    6    90   1930.087       3.80982       4.784
    6    91   1859.958       3.80240       5.130
    6    92   1901.247       3.81859       5.899
    6    93   1877.024       3.80942       5.223
    6    94   1930.190       3.81674       4.712
    6    95   1836.327       3.82102       4.781
    6    96   1929.732       3.81333       5.053
    6    97   1902.455       3.80102       6.228
    6    98   1922.282       3.81203       4.034
    6    99   1864.804       3.80192       6.468
    6   100   1916.885       3.80213       4.451
    6   101   1852.263       3.79252       7.544
    6   102   1939.695       3.80200       4.125
    6   103   1888.609       3.79780       4.605
    6   104   1959.131       3.80365       6.042
    6   105   1889.816       3.80467       4.850
    6   106   1896.679       3.81630       3.877
    6   107   1840.386       3.80022       7.035
    6   108   1944.142       3.81069       4.268
    6   109   1887.305       3.79619       7.933
    6   110   1914.810       3.81557       5.934
    6   111   1863.239       3.81482       7.522
    6   112   1942.774       3.80890       4.537
    6   113   1861.308       3.81015       5.588
    6   114   1945.630       3.80737       5.429
    6   115   1816.367       3.80156       6.097
    6   116   1922.474       3.80861       5.538
    6   117   1823.727       3.80531       4.988
    6   118   1908.786       3.81148       5.261
    6   119   1871.539       3.80018       5.481
    6   120   1935.848       3.81237       3.918
    6   121   1856.196       3.80015       7.030
    6   122   1924.043       3.82016       2.873
    6   123   1874.411       3.80618       5.589
    6   124   1880.630       3.81834       5.122
    6   125   1859.983       3.82328       5.693
    6   126   1896.569       3.82247       4.283
    6   127   1834.316       3.81867       5.396
    6   128   1909.424       3.81442       6.276
    6   129   1846.563       3.81173       6.803
    6   130   1931.263       3.81138       3.241
    6   131   1866.998       3.80289       4.729
    6   132   1930.926       3.81596       5.339
    6   133   1893.252       3.79281       6.185
    6   134   1923.377       3.81735       4.476
    6   135   1854.743       3.78798       5.562
    6   136   1920.621       3.80260       6.915
    6   137   1885.635       3.80176       5.949
    6   138   1878.657       3.80735       4.852
    6   139   1850.344       3.79847       8.321
    6   140   1898.563       3.80536       8.199
    6   141   1888.703       3.79909       6.054
    6   142   1897.450       3.80693       3.974
    6   143   1826.255       3.80243       5.196
    6   144   1930.129       3.80895       5.724
    6   145   1849.095       3.80769       5.396
    6   146   1966.725       3.79919       3.728
    6   147   1842.159       3.80227       6.816
    6   148   1925.633       3.82012       3.141
    6   149   1880.556       3.80773       5.231
    6   150   1918.350       3.80446       4.233
    6   151   1849.521       3.80317       2.679
    6   152   1950.966       3.81165       3.371
    6   153   1862.820       3.80521       4.337
    6   154   1921.708       3.81161       4.404
    6   155   1854.375       3.79259       5.878
    6   156   1879.239       3.82286       4.394
    6   157   1861.692       3.80288       6.122
    6   158   1914.253       3.81287       5.480
    6   159   1891.786       3.80469       4.547
    6   160   1894.121       3.82237       5.198
    6   161   1843.469       3.81438       4.584
    6   162   1926.980       3.81436       6.172
    6   163   1824.697       3.81273       4.376
    6   164   1942.121       3.81703       2.328
    6   165   1832.791       3.81182       5.017
    6   166   1935.189       3.80262       5.672
    6   167   1896.217       3.80094       3.133
    6   168   1925.759       3.80603       4.209
    6   169   1864.886       3.80554       4.764
    6   170   1914.007       3.81709       4.701
    6   171   1858.137       3.80355       5.418
    6   172   1919.188       3.81858       6.039
    6   173   1856.775       3.80960       6.134
    6   174   1948.604       3.82442       4.318
    6   175   1879.698       3.80044       7.464
    6   176   1925.919       3.81277       5.582
    6   177   1873.133       3.80111       5.674
    6   178   1930.567       3.81858       2.132
    6   179   1843.325       3.80623       4.432
    6   180   1911.535       3.81175       3.490
    6   181   1813.305       3.80250       4.366
    6   182   1909.455       3.80498       3.853
    6   183   1894.878       3.78617       4.403
    6   184   1909.952       3.81776       5.117
    6   185   1874.353       3.80937       7.516
    6   186   1928.546       3.81340       5.056
    6   187   1849.458       3.81117       4.790
    6   188   1911.919       3.81857       3.530
    6   189   1828.329       3.81140       5.476
    6   190   1899.202       3.81890       4.568
    6   191   1832.377       3.81122       4.271
    6   192   1919.620       3.81108       4.644
    6   193   1889.578       3.79785       4.183
    6   194   1878.027       3.80648       7.271
    6   195   1874.018       3.80190       5.556
    6   196   1867.932       3.80972       4.711
    6   197   1874.119       3.80288       4.682
    6   198   1876.556       3.81669       3.707
    6   199   1855.177       3.80840       5.330
    6   200   1896.751       3.82411       5.012
    6   201   1835.974       3.81314       6.916
    6   202   1939.796       3.81073       3.296
    6   203   1885.493       3.79478       6.704
    6   204   1946.806       3.80316       3.721
    6   205   1895.488       3.79437       6.638
    6   206   1943.663       3.81227       4.289
    6   207   1861.925       3.80095       6.273
    6   208   1912.705       3.81120       6.646
    6   209   1895.722       3.79293       7.119
    6   210   1927.228       3.81460       6.487
    6   211   1858.015       3.81388       6.302
    6   212   1911.301       3.82175       4.445
    6   213   1897.920       3.81346       3.996
    6   214   1964.439       3.80924       3.005
    6   215   1872.234       3.80361       2.829
    6   216   1944.587       3.80208       3.521
    6   217   1840.791       3.80530       3.663
    6   218   1876.467       3.81374       4.001
    6   219   1868.042       3.79557       6.791
    6   220   1960.577       3.81698       4.086
    6   221   1838.025       3.81412       6.953
    6   222   1875.948       3.81564       5.199
    6   223   1879.014       3.80071       5.273
    6   224   1924.036       3.81101       2.815
    6   225   1878.180       3.80103       5.672
    6   226   1900.157       3.79885       5.441
    6   227   1876.528       3.80925       5.486
    6   228   1917.910       3.81650       6.706
    6   229   1867.559       3.80812       9.324
    6   230   1951.034       3.82014       4.982
    6   231   1868.730       3.80289       5.895
    6   232   1924.381       3.80778       4.461
    6   233   1876.340       3.80514       4.262
    6   234   1950.236       3.79865       3.115
    6   235   1857.044       3.79261       6.156
    6   236   1925.879       3.80265       3.970
    6   237   1860.265       3.79630       7.215
    6   238   1903.476       3.81628       3.941
    6   239   1839.138       3.80882       4.366
    6   240   1883.763       3.81125       6.193
    6   241   1917.147       3.80088       4.167
    6   242   1953.040       3.81679       5.120
    6   243   1847.161       3.79890       7.300
    6   244   1924.794       3.81879       4.915
    6   245   1860.493       3.81019       4.083
    6   246   1909.314       3.80471       6.712
    6   247   1861.440       3.80118       6.502
    6   248   1906.119       3.80581       4.622
    6   249   1855.772       3.80046       6.856
    6   250   1912.165       3.80631       5.091
    6   251   1860.144       3.80463       4.335
    6   252   1927.616       3.79360       5.749
    6   253   1872.967       3.79742       5.794
    6   254   1929.112       3.81019       3.700
    6   255   1829.667       3.81181       5.090
    6   256   1910.434       3.81511       4.202
    6   257   1876.079       3.80311       5.896
    6   258   1932.684       3.81126       3.780
    6   259   1865.118       3.79777       5.401
    6   260   1903.063       3.81137       2.966
    6   261   1847.888       3.80446       4.320
    6   262   1926.013       3.80427       6.142
    6   263   1857.335       3.81461       4.907
    6   264   1918.955       3.81125       6.523
    6   265   1881.903       3.79818       6.215
    6   266   1894.930       3.81561       4.021
    6   267   1880.668       3.79353       6.934
    6   268   1894.840       3.81303       4.071
    6   269   1862.423       3.79604       4.791
    6   270   1892.902       3.80528       5.350
    6   271   1884.211       3.79338       6.985
    6   272   1916.050       3.80284       6.010
    6   273   1870.075       3.79541       6.085
    6   274   1927.794       3.80120       5.120
    6   275   1874.608       3.79440       7.257
    6   276   1903.389       3.80513       4.501
    6   277   1881.951       3.80085       5.720
    6   278   1974.941       3.79209       5.146
    6   279   1875.839       3.79213       5.481
    6   280   1929.032       3.79775       4.853
    6   281   1871.007       3.79215       5.183
    6   282   1906.468       3.80455       5.312
    6   283   1852.807       3.79140       8.309
    6   284   1888.875       3.81878       6.135
    6   285   1817.949       3.80765       7.933
    6   286   1900.013       3.81029       6.661
    6   287   1857.772       3.80547       4.819
    6   288   1910.574       3.80534       3.944
    6   289   1850.790       3.80174       5.814
    6   290   1894.549       3.80829       3.953
    6   291   1857.137       3.80441       5.498
    6   292   1907.818       3.81476       3.925
    6   293   1881.262       3.79744       4.404
    6   294   1936.274       3.80678       3.983
    6   295   1839.738       3.79647       6.339
    6   296   1911.821       3.80830       2.787
    6   297   1892.708       3.79063       5.201
    6   298   1954.611       3.80576       4.643
    6   299   1864.881       3.79885       4.651
    6   300   1884.606       3.80780       4.469
    6   301   1882.297       3.79679       6.096
    6   302   1914.477       3.80241       5.036
    6   303   1843.112       3.79559       6.525
    6   304   1952.629       3.80864       5.169
    6   305   1881.042       3.79658       8.388
    6   306   1924.049       3.81298       6.425
    6   307   1868.354       3.80956       5.258
    6   308   1961.160       3.80881       2.700
    6   309   1877.399       3.80239       5.796
    6   310   1923.499       3.80803       4.714
    6   311   1879.174       3.79499       4.768
    6   312   1939.068       3.80151       3.691
    6   313   1862.984       3.81127       7.447
    6   314   1927.446       3.81005       6.262
    6   315   1871.495       3.80804       6.121
    6   316   1934.549       3.81529       5.919
    6   317   1889.884       3.79905       5.917
    6   318   1936.875       3.80093       4.876
    6   319   1848.577       3.79085       3.386
    6   320   1914.086       3.80918       4.514
    6   321   1825.201       3.79303       6.214
    6   322   1881.847       3.80051       8.642
    6   323   1888.993       3.78464       6.674
    6   324   1884.432       3.80730       5.454
    6   325   1853.668       3.79892       6.326
    6   326   1879.483       3.80128       7.422
    6   327   1836.339       3.79639       6.883
    6   328   1936.890       3.81154       4.725
    6   329   1848.962       3.80262       5.991
    6   330   1912.531       3.80749       4.552
    6   331   1861.999       3.79487       7.574
    6   332   1887.437       3.82181       6.459
    6   333   1856.913       3.81345       5.689
    6   334   1920.641       3.80881       4.111
    6   335   1886.706       3.78557       7.582
    6   336   1956.334       3.79773       4.073
    6   337   1887.206       3.80139       4.511
    6   338   1939.654       3.79995       5.381
    6   339   1867.822       3.79491       5.212
    6   340   1906.745       3.80150       4.689
    6   341   1888.640       3.78847       6.837
    6   342   1899.328       3.81305       5.641
    6   343   1866.078       3.78804       6.168
    6   344   1928.791       3.80759       3.843
    6   345   1894.448       3.79226       5.692
    6   346   1918.980       3.80794       5.366
    6   347   1858.106       3.80373       6.612
    6   348   1952.207       3.80970       5.446
    6   349   1862.879       3.81616       5.772
    6   350   1891.021       3.82029       5.172
    6   351   1864.029       3.80366       6.203
    6   352   1976.732       3.79299       5.150
    6   353   1880.967       3.79675       5.849
    6   354   1907.640       3.80598       4.982
    6   355   1872.616       3.79385       7.217
    6   356   1930.846       3.80525       4.928
    6   357   1899.601       3.79252       8.407
    6   358   1916.576       3.80325       4.770
    6   359   1850.311       3.78559       7.364
    6   360   1937.350       3.80224       4.924
    6   361   1894.414       3.79379       6.106
    6   362   1918.609       3.79717       5.636
    6   363   1857.983       3.78566       8.659
    6   364   1936.843       3.80024       6.093
    6   365   1864.271       3.80414       5.924
    6   366   1932.974       3.80493       6.445
    6   367   1860.819       3.78784       6.589
    6   368   1892.483       3.80777       5.014
    6   369   1868.228       3.79076       7.490
    6   370   1916.398       3.80370       6.902
    6   371   1878.103       3.80836       5.299
    6   372   1947.951       3.79419       4.266
    6   373   1870.853       3.79494       5.376
    6   374   1926.889       3.79725       6.524
    6   375   1838.902       3.79694       4.238
    6   376   1918.739       3.79765       5.259
    6   377   1881.426       3.78721       6.419
    6   378   1943.571       3.80299       6.922
    6   379   1869.123       3.78811       7.581
    6   380   1918.234       3.80511       6.180
    6   381   1811.993       3.81133       6.347
    6   382   1932.718       3.80792       5.774
    6   383   1888.063       3.80436       5.704
    6   384   1914.637       3.80799       4.669
    6   385   1890.682       3.79591       5.607
    6   386   1912.694       3.80300       4.362
    6   387   1878.339       3.79065       5.088
    6   388   1963.632       3.79095       3.486
    6   389   1849.764       3.78760       7.433
    6   390   1965.008       3.79147       4.850
    6   391   1882.442       3.77766       9.655
    6   392   1898.697       3.81855       5.684
    6   393   1865.066       3.80336       6.582
    6   394   1910.652       3.81219       6.563
    6   395   1852.917       3.80562       5.836
    6   396   1942.510       3.81298       4.595
    6   397   1878.105       3.80246       5.744
    6   398   1965.232       3.80507       4.583
    6   399   1834.987       3.79467       6.912
    6   400   1968.935       3.79409       5.243
    6   401   1871.693       3.79137       7.555
    6   402   1915.302       3.79876       6.917
    6   403   1852.945       3.79304       8.351
    6   404   1946.403       3.80743       6.723
    6   405   1910.966       3.80298       5.670
    6   406   1881.957       3.80615       4.902
    6   407   1847.925       3.79863       5.552
    6   408   1943.144       3.81068       3.476
    6   409   1844.209       3.80422       3.798
    6   410   1929.217       3.81106       4.100
    6   411   1868.642       3.79634       4.893
    6   412   1942.401       3.81647       4.163
    6   413   1913.902       3.80304       6.373
    6   414   1928.176       3.79950       5.537
    6   415   1824.982       3.80023       4.210
    6   416   1914.167       3.80925       3.903
    6   417   1825.153       3.79790       4.486
    6   418   1912.679       3.79225       4.580
    6   419   1845.117       3.79107       4.064
    6   420   1941.797       3.78613       5.366
    6   421   1900.002       3.78705       5.613
    6   422   1910.138       3.78792       6.917
    6   423   1852.412       3.78630       9.158
    6   424   1887.296       3.80887       5.062
    6   425   1880.960       3.79039       6.890
    6   426   1937.825       3.79909       4.880
    6   427   1882.016       3.79768       5.989
    6   428   1930.010       3.80874       4.650
    6   429   1902.199       3.79245       4.951
    6   430   1934.041       3.79433       4.810
    6   431   1864.400       3.79684       5.541
    6   432   1924.014       3.79753       5.101
    6   433   1904.506       3.78432       5.799
    6   434   1915.680       3.80627       6.384
    6   435   1836.051       3.80172       6.661
    6   436   1892.632       3.80263       5.914
    6   437   1874.732       3.79621       5.209
    6   438   1892.520       3.80496       4.489
    6   439   1868.931       3.79058       7.340
    6   440   1935.474       3.80199       5.704
    6   441   1848.455       3.80387       6.005
    6   442   1916.300       3.81348       3.888
    6   443   1866.674       3.79047       3.842
    6   444   1895.601       3.79846       4.657
    6   445   1887.192       3.79086       6.699
    6   446   1944.923       3.79776       5.563
    6   447   1831.932       3.79449       4.766
    6   448   1872.574       3.80043       5.930
    6   449   1881.743       3.78305       6.980
    6   450   1916.824       3.79485       5.273
    6   451   1863.111       3.79584       6.221
    6   452   1897.578       3.80273       7.904
    6   453   1875.583       3.78624       7.846
    6   454   1917.429       3.82139       4.553
    6   455   1874.132       3.78991       8.085
    6   456   1906.851       3.81631       3.882
    6   457   1864.877       3.80728       5.910
    6   458   1940.110       3.80448       4.221
    6   459   1906.431       3.79313       4.733
    6   460   1899.220       3.80220       5.937
    6   461   1865.783       3.79420       5.434
    6   462   1939.548       3.79312       4.098
    6   463   1895.991       3.79469       4.413
    6   464   1884.141       3.80508       5.395
    6   465   1880.152       3.79756       5.270
    6   466   1940.784       3.79041       6.639
    6   467   1873.332       3.79647       5.858
    6   468   1939.384       3.81573       4.326
    6   469   1868.848       3.79784       5.295
    6   470   1956.707       3.78759       4.406
    6   471   1874.322       3.78543       4.714
    6   472   1933.680       3.81123       3.708
    6   473   1859.096       3.78786       6.078
    6   474   1959.928       3.79419       6.964
    6   475   1870.911       3.79435       5.041
    6   476   1940.729       3.79534       5.919
    6   477   1848.087       3.79522       5.625
    6   478   1952.931       3.80150       5.011
    6   479   1867.288       3.78930       8.215
    6   480   1945.441       3.80936       5.958
    6   481   1862.165       3.80976       7.243
    6   482   1906.966       3.80724       6.208
    6   483   1883.303       3.79163       7.400
    6   484   1917.902       3.79828       4.047
    6   485   1840.201       3.79335       2.273
    6   486   1923.400       3.79861       6.103
    6   487   1845.678       3.79851       7.055
    6   488   1885.949       3.80417       7.321
    6   489   1876.874       3.79774       4.683
    6   490   1896.547       3.81808       4.516
    6   491   1848.438       3.79691       8.743
    6   492   1910.220       3.81545       5.006
    6   493   1922.262       3.79645       7.811
    6   494   1950.287       3.80512       4.664
    6   495   1868.994       3.80445       6.296
    6   496   1957.715       3.79376       4.574
    6   497   1868.314       3.78650       6.434
    6   498   1823.132       3.76580       5.903
    6   499   1792.749       3.75067       6.437
    6   500   1847.840       3.79365       4.245
    6   501   1767.962       3.77884       6.565
    6   502   1802.461       3.79967       5.545
    6   503   1840.655       3.78952       8.355
    6   504   1929.318       3.82658       5.252
    6   505   1850.430       3.80235       4.507
    6   506   1911.777       3.79986       4.292
    6   507   1862.411       3.78732       7.816
    6   508   1945.002       3.81107       6.040
    6   509   1890.269       3.79921       6.745
    6   510   1915.752       3.81959       5.489
    6   511   1867.520       3.80642       5.820
    6   512   1892.212       3.79216       7.247
    6   513   1872.146       3.79985       5.762
    6   514   1877.160       3.80454       4.005
    6   515   1854.267       3.79094       5.031
    6   516   1866.174       3.79028       6.075
    6   517   1856.327       3.79086       6.750
    6   518   1861.247       3.79974       6.608
    6   519   1807.627       3.78771       8.006
    6   520   1886.086       3.78645       7.284
    6   521   1853.171       3.78887       6.225
    6   522   1854.266       3.79601       4.387
    6   523   1893.615       3.78265       6.013
    6   524   1872.762       3.79807       5.266
    6   525   1820.736       3.78051       5.676
    6   526   1881.043       3.79035       6.126
    6   527   1841.844       3.78665       4.810
    6   528   1905.146       3.78875       5.180
    6   529   1881.213       3.77593       4.996
    6   530   1869.277       3.79803       5.152
    6   531   1854.804       3.79126       6.637
    6   532   1845.179       3.80308       5.701
    6   533   1859.769       3.78592       7.599
    6   534   1840.340       3.80376       4.051
    6   535   1853.092       3.79251       5.991
    6   536   1816.835       3.81165       5.561
    6   537   1867.275       3.78396       6.108
    6   538   1821.994       3.81102       4.202
    6   539   1878.756       3.78689       5.735
    6   540   1886.361       3.79221       4.111
    6   541   1854.592       3.78731       5.838
    6   542   1874.180       3.79933       3.772
    6   543   1839.077       3.78419       4.382
    6   544   1908.081       3.78700       6.752
    6   545   1903.452       3.78928       7.291
    6   546   1838.472       3.79911       4.621
    6   547   1869.969       3.79197       5.824
    6   548   1848.611       3.80248       3.665
    6   549   1878.933       3.77793       6.931
    6   550   1819.630       3.80465       3.507
    6   551   1814.187       3.79270       5.786
    6   552   1877.488       3.79118       6.297
    6   553   1826.893       3.78995       5.765
    6   554   1878.925       3.79003       8.909
    6   555   1880.452       3.79094       6.201
    6   556   1857.766       3.80480       4.647
    6   557   1895.239       3.78501       5.623
    6   558   1859.964       3.79911       6.458
    6   559   1839.643       3.79385       4.465
    6   560   1898.999       3.78799       5.012
    6   561   1800.723       3.79964       4.012
    6   562   1841.559       3.80158       2.976
    6   563   1819.247       3.79638       4.617
    6   564   1862.600       3.80087       7.820
    6   565   1873.269       3.79313       5.129
    6   566   1879.077       3.80192       4.949
    6   567   1866.732       3.79270       4.641
    6   568   1861.016       3.77902       6.207
    6   569   1866.751       3.79340       4.877
    6   570   1869.541       3.79612       5.174
    6   571   1878.717       3.78671       5.618
    6   572   1860.614       3.79154       6.477
    6   573   1858.228       3.78333       5.661
    6   574   1862.045       3.78962       7.583
    6   575   1878.329       3.77613       6.972
    6   576   1848.633       3.79435       6.082
    6   577   1827.592       3.79047       5.712
    6   578   1891.570       3.79450       4.535
    6   579   1861.815       3.78692       7.707
    6   580   1861.265       3.79084       5.929
    6   581   1838.669       3.79117       4.639
    6   582   1858.541       3.80381       5.468
    6   583   1861.852       3.79268       8.800
    6   584   1835.602       3.80885       6.373
    6   585   1900.249       3.79123       4.611
    6   586   1860.110       3.80985       1.204
    6   587   1860.341       3.79979       6.274
    6   588   1886.883       3.78914       3.097
    6   589   1827.461       3.78575       4.480
    6   590   1831.629       3.78600       4.525
    6   591   1862.343       3.77985       4.363
    6   592   1880.336       3.77220       7.015
    6   593   1886.588       3.76131       7.345
    6   594   1836.409       3.78915       7.101
    6   595   1857.513       3.78017       8.732
    6   596   1832.863       3.79588       5.982
    6   597   1862.015       3.77787       6.021
    6   598   1877.627       3.79841       6.200
    6   599   1849.094       3.78283       5.888
    6   600   1861.033       3.80253       4.960
    6   601   1864.119       3.79342       5.738
    6   602   1867.479       3.80101       4.241
    6   603   1849.111       3.78513       4.965
    6   604   1892.995       3.79245       5.712
    6   605   1862.077       3.77958       4.793
    6   606   1838.048       3.79081       6.495
    6   607   1858.828       3.79328       3.980
    6   608   1848.641       3.80399       6.564
    6   609   1847.798       3.79804       4.194
    6   610   1850.528       3.79554       6.088
    6   611   1858.643       3.78202       7.523
    6   612   1895.294       3.79680       5.123
    6   613   1842.945       3.79682       6.264
    6   614   1861.571       3.79677       6.488
    6   615   1875.353       3.78949       6.069
    6   616   1861.272       3.79112       6.923
    6   617   1853.654       3.77805       6.328
    6   618   1857.348       3.78261       6.258
    6   619   1854.433       3.78057       6.766
    6   620   1873.230       3.79133       5.770
    6   621   1857.332       3.78433       6.990
    6   622   1853.643       3.80090       6.633
    6   623   1863.031       3.78542       7.934
    6   624   1851.131       3.81101       3.719
    6   625   1838.806       3.80503       5.172
    6   626   1836.533       3.81191       5.321
    6   627   1896.801       3.80523       4.824
    6   628   1865.925       3.79647       5.397
    6   629   1865.299       3.78993       3.638
    6   630   1890.963       3.79613       4.152
    6   631   1883.239       3.77318       3.714
    6   632   1878.395       3.79335       3.471
    6   633   1892.288       3.76859       6.703
    6   634   1853.715       3.78972       7.491
    6   635   1855.434       3.78161       6.674
    6   636   1892.100       3.79083       5.828
    6   637   1847.983       3.78795       6.708
    6   638   1832.273       3.80224       6.279
    6   639   1834.209       3.79527       6.994
    6   640   1853.271       3.79426       6.041
    6   641   1867.026       3.78495       5.365
    6   642   1858.636       3.79114       6.851
    6   643   1841.178       3.78348       6.242
    6   644   1893.724       3.79532       5.214
    6   645   1875.123       3.79170       5.661
    6   646   1826.304       3.79865       6.386
    6   647   1903.884       3.77496       6.645
    6   648   1861.416       3.79796       7.540
    6   649   1840.479       3.78612       6.217
    6   650   1815.692       3.80026       4.764
    6   651   1866.284       3.77332       9.517
    6   652   1859.030       3.79390       6.474
    6   653   1853.616       3.78549       5.660
    6   654   1839.266       3.79166       7.447
    6   655   1870.384       3.78397       7.723
    6   656   1881.670       3.80873       6.290
    6   657   1843.324       3.78097       8.340
    6   658   1866.495       3.79744       6.561
    6   659   1896.691       3.78573       3.400
    6   660   1849.250       3.80142       4.368
    6   661   1873.431       3.78491       3.471
    6   662   1869.347       3.80046       5.018
    6   663   1879.785       3.77611       6.573
    6   664   1862.185       3.79477       6.376
    6   665   1834.228       3.79577       5.838
    6   666   1836.518       3.80722       5.927
    6   667   1908.540       3.78300       6.686
    6   668   1855.868       3.80462       4.531
    6   669   1883.610       3.79384       4.361
    6   670   1866.609       3.80127       4.946
    6   671   1869.696       3.79444       4.425
    6   672   1858.852       3.81224       3.752
    6   673   1889.291       3.79373       3.996
    6   674   1879.099       3.79872       4.394
    6   675   1883.918       3.79922       6.150
    6   676   1859.439       3.80913       3.902
    6   677   1844.088       3.78946       5.824
    6   678   1852.718       3.79650       5.872
    6   679   1828.855       3.78593       5.696
    6   680   1830.694       3.79896       5.087
    6   681   1881.151       3.79092       2.784
    6   682   1810.463       3.79957       7.778
    6   683   1851.988       3.79608       4.827
    6   684   1890.686       3.79255       5.208
    6   685   1881.638       3.78721       6.208
    6   686   1864.484       3.80393       3.912
    6   687   1818.926       3.79943       5.706
    6   688   1853.632       3.79791       5.068
    6   689   1856.929       3.79129       4.340
    6   690   1842.413       3.80306       3.532
    6   691   1902.942       3.78842       5.934
    6   692   1876.971       3.78527       5.863
    6   693   1846.252       3.78572       5.787
    6   694   1859.462       3.78821       7.331
    6   695   1812.255       3.79534       6.272
    6   696   1847.101       3.80074       4.933
    6   697   1844.486       3.78368       4.463
    6   698   1862.626       3.80702       4.825
    6   699   1862.493       3.79970       7.246
    6   700   1845.975       3.80464       5.211
    6   701   1857.838       3.79837       5.229
    6   702   1837.941       3.81280       3.736
    6   703   1840.352       3.79447       4.585
    6   704   1879.223       3.78685       6.055
    6   705   1861.498       3.79506       5.547
    6   706   1891.589       3.78737       6.297
    6   707   1852.089       3.79616       4.696
    6   708   1803.557       3.79261       5.538
    6   709   1889.051       3.77472       7.335
    6   710   1848.188       3.79461       5.045
    6   711   1824.421       3.78858       6.489
    6   712   1868.431       3.79161       6.973
    6   713   1906.701       3.77260       6.313
    6   714   1847.543       3.80375       3.028
    6   715   1863.559       3.77588       8.839
    6   716   1893.177       3.80185       6.240
    6   717   1855.978       3.80719       3.778
    6   718   1889.312       3.80796       4.441
    6   719   1864.844       3.79516       7.017
    6   720   1879.569       3.80182       4.264
    6   721   1874.708       3.79562       2.272
    6   722   1861.658       3.80459       4.644
    6   723   1863.555       3.78561       6.515
    6   724   1846.674       3.80234       3.732
    6   725   1881.674       3.77616       5.636
    6   726   1892.882       3.79216       5.187
    6   727   1868.055       3.78176       8.239
    6   728   1866.270       3.79611       5.459
    6   729   1895.428       3.78802       5.923
    6   730   1877.716       3.80179       6.140
    6   731   1891.102       3.79034       3.812
    6   732   1871.595       3.80112       5.472
    6   733   1850.267       3.79115       7.518
    6   734   1894.645       3.80741       4.722
    6   735   1869.690       3.79846       5.556
    6   736   1873.042       3.79338       4.244
    6   737   1871.204       3.78604       5.015
    6   738   1857.266       3.80885       5.547
    6   739   1891.168       3.79068       4.701
    6   740   1868.737       3.78946       5.531
    6   741   1859.503       3.78620       5.575
    6   742   1834.888       3.81073       4.644
    6   743   1855.894       3.78910       8.784
    6   744   1846.534       3.80276       5.766
    6   745   1888.346       3.78263       7.134
    6   746   1875.251       3.79976       5.913
    6   747   1830.369       3.80163       4.981
    6   748   1861.773       3.79699       4.567
    6   749   1878.616       3.78387       4.994
    6   750   1895.125       3.78337       6.148
    6   751   1883.471       3.76493       7.393
    6   752   1847.112       3.80099       4.838
    6   753   1858.308       3.79147       5.554
    6   754   1872.323       3.80380       5.062
    6   755   1815.819       3.79773       6.542
    6   756   1871.535       3.79710       8.032
    6   757   1828.186       3.79130       6.345
    6   758   1859.074       3.80256       6.438
    6   759   1880.287       3.79904       5.237
    6   760   1871.351       3.80675       3.272
    6   761   1831.840       3.80063       4.756
    6   762   1837.359       3.79481       3.514
    6   763   1867.546       3.78962       4.913
    6   764   1825.811       3.79528       5.713
    6   765   1874.892       3.78192       5.407
    6   766   1849.381       3.80314       6.093
    6   767   1825.590       3.79565       7.495
    6   768   1867.701       3.80891       6.327
    6   769   1855.494       3.79989       5.490
    6   770   1852.501       3.81537       2.899
    6   771   1837.126       3.78722       4.674
    6   772   1888.412       3.79482       3.309
    6   773   1855.800       3.79582       3.871
    6   774   1835.186       3.80618       4.874
    6   775   1893.730       3.78767       4.784
    6   776   1864.070       3.80130       6.540
    6   777   1855.637       3.78553       8.268
    6   778   1909.286       3.79680       3.348
    6   779   1866.377       3.78646       6.051
    6   780   1863.894       3.80006       4.240
    6   781   1854.512       3.78240       6.214
    6   782   1880.149       3.78042       5.953
    6   783   1876.504       3.77744       5.958
    6   784   1878.477       3.79267       5.665
    6   785   1847.434       3.79020       6.024
    6   786   1869.423       3.79916       3.598
    6   787   1839.547       3.78239       5.885
    6   788   1905.407       3.79092       4.199
    6   789   1881.459       3.78893       6.009
    6   790   1885.896       3.79511       6.528
    6   791   1848.456       3.80557       3.420
    6   792   1869.821       3.80536       4.654
    6   793   1869.696       3.79071       4.702
    6   794   1906.002       3.78983       6.971
    6   795   1848.349       3.78717       6.567
    6   796   1872.671       3.80102       3.668
    6   797   1836.660       3.78692       6.284
    6   798   1873.177       3.79933       5.012
    6   799   1865.703       3.78918       7.365
    6   800   1824.097       3.81554       4.000
    6   801   1877.883       3.79980       5.939
    6   802   1845.365       3.81054       3.963
    6   803   1839.507       3.79530       8.471
    6   804   1829.504       3.80525       4.050
    6   805   1846.221       3.79372       5.264
    6   806   1857.903       3.80347       4.360
    6   807   1869.234       3.78069       6.884
    6   808   1874.913       3.79872       3.410
    6   809   1871.000       3.78107       5.619
    6   810   1872.217       3.79604       4.894
    6   811   1910.792       3.79039       4.667
    6   812   1842.874       3.79934       5.276
    6   813   1861.855       3.78529       5.857
    6   814   1855.197       3.81896       5.063
    6   815   1881.850       3.79197       4.878
    6   816   1864.181       3.81298       3.041
    6   817   1858.559       3.78288       5.243
    6   818   1866.660       3.80018       3.973
    6   819   1863.401       3.78639       6.345
    6   820   1878.868       3.78761       6.540
    6   821   1880.873       3.78521       5.362
    6   822   1878.532       3.79427       6.211
    6   823   1839.303       3.79134       5.941
    6   824   1867.477       3.79376       5.798
    6   825   1853.918       3.79129       6.354
    6   826   1866.466       3.79620       8.019
    6   827   1832.503       3.79753       4.511
    6   828   1898.522       3.79329       4.880
    6   829   1863.492       3.78956       8.123
    6   830   1858.927       3.80218       5.709
    6   831   1868.665       3.80341       5.077
    6   832   1852.374       3.81433       5.271
    6   833   1857.688       3.79763       3.882
    6   834   1900.467       3.79210       4.955
    6   835   1867.182       3.79852       3.498
    6   836   1850.180       3.79417       6.836
    6   837   1846.622       3.79464       4.195
    6   838   1847.635       3.80122       4.960
    6   839   1835.445       3.79690       4.962
    6   840   1848.006       3.79885       3.816
    6   841   1850.682       3.78674       6.073
    6   842   1910.349       3.78960       4.476
    6   843   1874.602       3.79123       7.243
    6   844   1879.224       3.80199       6.198
    6   845   1848.780       3.79691       5.177
    6   846   1870.810       3.79883       4.111
    6   847   1843.228       3.78453       6.073
    6   848   1832.752       3.81106       3.207
    6   849   1840.345       3.78507       5.321
    6   850   1852.916       3.81279       2.986
    6   851   1881.953       3.79221       5.567
    6   852   1855.652       3.80216       6.800
    6   853   1854.693       3.78759       7.345
    6   854   1855.903       3.80233       4.154
    6   855   1870.151       3.79228       4.008
    6   856   1849.491       3.79355       4.029
    6   857   1836.001       3.78312       5.647
    6   858   1851.125       3.79987       5.059
    6   859   1879.832       3.77840       5.680
    6   860   1876.528       3.79531       5.848
    6   861   1805.416       3.79230       6.807
    6   862   1866.921       3.80331       4.518
    6   863   1856.869       3.79583       6.276
    6   864   1889.336       3.80377       4.322
    6   865   1847.294       3.79389       6.396
    6   866   1853.213       3.82435       4.305
    6   867   1851.589       3.80383       4.241
    6   868   1836.346       3.80464       4.306
    6   869   1838.824       3.79584       4.460
    6   870   1854.558       3.80626       4.549
    6   871   1821.285       3.80656       5.580
    6   872   1827.765       3.81490       4.708
    6   873   1849.871       3.80650       4.674
    6   874   1905.678       3.80587       5.239
    6   875   1844.486       3.80792       2.954
    6   876   1851.630       3.80117       4.430
    6   877   1839.394       3.78962       4.515
    6   878   1905.706       3.78910       4.844
    6   879   1861.626       3.79264       4.376
    6   880   1867.093       3.80017       5.365
    6   881   1854.192       3.77689       9.291
    6   882   1865.226       3.79914       8.296
    6   883   1845.905       3.79299       5.837
    6   884   1854.787       3.80907       5.202
    6   885   1891.395       3.79434       5.590
    6   886   1840.925       3.80452       5.790
    6   887   1846.692       3.78996       8.165
    6   888   1866.662       3.80426       1.882
    6   889   1809.581       3.78934       3.939
    6   890   1875.173       3.78560       6.154
    6   891   1868.642       3.77847       8.703
    6   892   1853.029       3.81370       4.879
    6   893   1870.478       3.79169       6.234
    6   894   1841.473       3.79568       7.293
    6   895   1865.122       3.79164       6.893
    6   896   1870.751       3.80895       3.685
    6   897   1858.570       3.79206       4.989
    6   898   1861.374       3.80028       6.131
    6   899   1919.613       3.78948       5.298
    6   900   1881.126       3.78699       2.769
    6   901   1882.956       3.77918       5.768
    6   902   1837.366       3.80144       4.443
    6   903   1909.715       3.78108       4.413
    6   904   1858.515       3.79367       7.928
    6   905   1876.278       3.79110       4.819
    6   906   1853.048       3.80628       6.079
    6   907   1876.048       3.78959       8.676
    6   908   1849.819       3.80271       5.775
    6   909   1818.427       3.79534       5.987
    6   910   1894.958       3.80307       4.306
    6   911   1859.085       3.79982       5.716
    6   912   1855.139       3.80775       5.772
    6   913   1875.086       3.79948       4.733
    6   914   1871.583       3.80588       5.934
    6   915   1866.082       3.79544       4.715
    6   916   1875.344       3.78982       6.701
    6   917   1866.274       3.79851       3.372
    6   918   1875.627       3.79309       5.420
    6   919   1848.609       3.79273       5.757
    6   920   1874.801       3.80910       5.054
    6   921   1868.945       3.80580       4.929
    6   922   1830.503       3.81253       4.522
    6   923   1884.026       3.79667       4.190
    6   924   1865.368       3.80154       5.580
    6   925   1870.791       3.79267       3.749
    6   926   1844.259       3.81176       3.978
    6   927   1840.776       3.79274       4.585
    6   928   1885.307       3.79809       5.649
    6   929   1854.363       3.78470       6.776
    6   930   1856.959       3.81468       5.748
    6   931   1897.382       3.78940       7.819
    6   932   1877.791       3.80704       3.545
    6   933   1838.194       3.79303       4.699
    6   934   1877.325       3.80227       4.108
    6   935   1862.342       3.78622       9.180
    6   936   1889.685       3.80468       4.315
    6   937   1895.500       3.80013       3.557
    6   938   1843.362       3.79381       5.605
    6   939   1839.991       3.78641       3.888
    6   940   1871.189       3.80824       3.924
    6   941   1861.019       3.79285       6.132
    6   942   1855.966       3.80414       4.029
    6   943   1885.849       3.79698       3.678
    6   944   1859.944       3.79566       6.614
    6   945   1870.348       3.78565       7.522
    6   946   1887.441       3.81174       5.259
    6   947   1848.238       3.80116       4.178
    6   948   1888.269       3.79490       4.706
    6   949   1879.036       3.78925       5.063
    6   950   1859.254       3.79973       5.993
    6   951   1869.131       3.79012       6.635
    6   952   1888.119       3.79588       3.977
    6   953   1860.659       3.80101       5.263
    6   954   1837.082       3.80301       6.695
    6   955   1801.951       3.80788       5.679
    6   956   1872.995       3.79333       5.644
    6   957   1879.044       3.79316       6.089
    6   958   1862.501       3.80684       6.330
    6   959   1856.519       3.79268       5.251
    6   960   1842.313       3.80393       5.478
    6   961   1829.778       3.79198       4.333
    6   962   1825.373       3.80408       5.455
    6   963   1866.846       3.79291       5.472
    6   964   1868.923       3.79206       7.510
    6   965   1837.169       3.79202       4.843
    6   966   1836.938       3.81208       5.828
    6   967   1854.139       3.79665       8.735
    6   968   1863.613       3.81801       6.176
    6   969   1866.464       3.80282       4.093
    6   970   1842.118       3.79860       5.373
    6   971   1844.330       3.79733       4.659
    6   972   1842.751       3.79113       3.654
    6   973   1870.887       3.78760       4.650
    6   974   1849.508       3.80257       3.708
    6   975   1854.940       3.77755       6.042
    6   976   1881.762       3.79511       7.405
    6   977   1832.909       3.79275       7.409
    6   978   1870.524       3.81143       6.226
    6   979   1867.693       3.80216       5.346
    6   980   1897.058       3.81849       2.810
    6   981   1852.817       3.80545       4.913
    6   982   1851.868       3.80758       3.269
    6   983   1833.237       3.79066       3.782
    6   984   1841.032       3.80215       3.971
    6   985   1832.580       3.79444       4.768
    6   986   1863.216       3.79257       5.056
    6   987   1839.589       3.78794       5.322
    6   988   1859.612       3.79444       7.486
    6   989   1855.658       3.78587       6.147
    6   990   1859.998       3.80258       5.709
    6   991   1835.245       3.81130       3.422
    6   992   1846.543       3.81897       4.171
    6   993   1834.012       3.80645       4.798
    6   994   1863.443       3.80647       6.461
    6   995   1829.082       3.81440       4.411
    6   996   1867.958       3.81232       7.170
    6   997   1867.320       3.79374       5.756
    6   998   1866.591       3.80427       5.972
    6   999   1838.256       3.80142       6.641
    6  1000   1855.378       3.81207       3.629
    6  1001   1848.591       3.79744       4.190
    6  1002   1861.774       3.80109       6.349
    6  1003   1904.827       3.79395       4.363
    6  1004   1883.603       3.81557       3.925
    6  1005   1855.415       3.80114       5.737
    6  1006   1854.018       3.80556       6.323
    6  1007   1836.346       3.79553       4.414
    6  1008   1824.961       3.81727       4.657
    6  1009   1889.243       3.78897       5.904
    6  1010   1826.646       3.80020       3.939
    6  1011   1866.119       3.79232       4.742
    6  1012   1853.095       3.79739       4.327
    6  1013   1892.931       3.77257       4.744
    6  1014   1864.249       3.79018       4.965
    6  1015   1881.547       3.78702       5.818
    6  1016   1838.074       3.80669       3.248
    6  1017   1898.903       3.76914       5.035
    6  1018   1865.992       3.77972       4.179
    6  1019   1830.168       3.78783       4.486
    6  1020   1828.700       3.81655       5.481
    6  1021   1811.879       3.80874       7.756
    6  1022   1864.259       3.81558       4.150
    6  1023   1862.553       3.82391       4.612
