   17     0   1861.757       3.80991       7.362
   17     1   1809.894       3.81962       7.157
   17     2   1845.738       3.80447       6.970
   17     3   1784.225       3.79137      10.219
   17     4   1886.628       3.80093      10.468
   17     5   1821.349       3.80368      10.145
   17     6   1862.431       3.80214       8.373
   17     7   1770.249       3.80772       7.885
   17     8   1858.416       3.79307       3.345
   17     9   1819.705       3.79266       9.002
   17    10   1831.216       3.80128      11.103
   17    11   1780.630       3.80857       9.117
   17    12   1870.203       3.80488       7.977
   17    13   1803.165       3.80627       8.160
   17    14   1840.795       3.80025       9.912
   17    15   1812.465       3.79252      10.577
   17    16   1833.078       3.80129       8.756
   17    17   1790.175       3.79543       8.685
   17    18   1815.032       3.81205       9.971
   17    19   1799.023       3.80943       8.396
   17    20   1885.140       3.80569      10.301
   17    21   1845.564       3.81456       8.906
   17    22   1840.886       3.81808       6.772
   17    23   1802.305       3.82126       9.798
   17    24   1847.700       3.81732       8.757
   17    25   1814.049       3.80400       6.270
   17    26   1867.266       3.79975       8.947
   17    27   1797.107       3.80865       9.319
   17    28   1841.325       3.81182       8.425
   17    29   1815.635       3.79112      10.021
   17    30   1827.245       3.80158      10.092
   17    31   1784.578       3.80403       9.332
   17    32   1893.185       3.80811       9.431
   17    33   1798.701       3.79467       9.369
   17    34   1856.931       3.81045       8.573
   17    35   1809.742       3.79693      11.049
   17    36   1836.424       3.81031       8.606
   17    37   1805.064       3.79882       6.660
   17    38   1865.755       3.80138       8.375
   17    39   1793.382       3.80658       9.262
   17    40   1861.724       3.82310       7.225
   17    41   1776.201       3.81076       9.452
   17    42   1838.157       3.80374       8.094
   17    43   1769.108       3.80289       9.459
   17    44   1831.954       3.80117       8.903
   17    45   1766.682       3.79349       7.860
   17    46   1826.987       3.80620       6.261
   17    47   1799.695       3.79561       8.390
   17    48   1823.917       3.81716       7.169
   17    49   1787.335       3.79999      10.321
   17    50   1859.906       3.81105      11.845
   17    51   1778.436       3.81184       8.688
   17    52   1859.922       3.80942      10.900
   17    53   1780.810       3.80196       8.039
   17    54   1829.822       3.80210      10.543
   17    55   1826.121       3.80275      10.928
   17    56   1831.381       3.80643       8.014
   17    57   1826.225       3.80154       7.562
   17    58   1872.727       3.81395       7.834
   17    59   1787.594       3.78335      11.600
   17    60   1875.988       3.79483       9.131
   17    61   1831.218       3.79116       7.487
   17    62   1866.090       3.80951       7.924
   17    63   1798.349       3.79986       7.857
   17    64   1829.542       3.79882       8.515
   17    65   1791.535       3.79283      10.688
   17    66   1826.715       3.80533       8.608
   17    67   1789.550       3.80146       8.106
   17    68   1830.665       3.82716       9.510
   17    69   1776.887       3.82072       7.245
   17    70   1847.804       3.81531       8.442
   17    71   1800.388       3.80116      11.034
   17    72   1840.486       3.80491       6.338
   17    73   1808.456       3.80128       7.529
   17    74   1831.560       3.80547       6.762
   17    75   1769.550       3.80243       5.294
   17    76   1836.234       3.80401       8.829
   17    77   1801.077       3.79302      11.675
   17    78   1866.137       3.80078       7.750
   17    79   1817.321       3.78037      12.958
   17    80   1816.199       3.81180      12.063
   17    81   1865.787       3.78194      10.303
   17    82   1866.166       3.79789      10.268
   17    83   1819.020       3.80468      11.146
   17    84   1820.996       3.81666       9.217
   17    85   1781.327       3.81138       8.351
   17    86   1802.769       3.82200       8.860
   17    87   1793.600       3.79958       8.940
   17    88   1856.267       3.80053       7.316
   17    89   1860.630       3.79297       8.337
   17    90   1840.942       3.81351       9.850
   17    91   1804.102       3.79890       8.704
   17    92   1828.155       3.79803       9.843
   17    93   1814.603       3.80502       7.318
   17    94   1852.735       3.80163       8.301
   17    95   1810.112       3.81546       8.815
   17    96   1836.690       3.81276      10.842
   17    97   1780.867       3.80985       7.387
   17    98   1876.092       3.79543      10.374
   17    99   1795.505       3.80301      14.394
   17   100   1861.130       3.80914       9.655
   17   101   1797.946       3.80282       9.599
   17   102   1856.984       3.80856      10.053
   17   103   1791.356       3.80084       8.549
   17   104   1833.065       3.80980       9.005
   17   105   1781.548       3.79782      11.585
   17   106   1847.603       3.80297      10.945
   17   107   1796.408       3.81164      10.155
   17   108   1846.320       3.81739      11.289
   17   109   1792.472       3.81381       9.837
   17   110   1880.250       3.80652       8.253
   17   111   1829.199       3.79813       8.127
   17   112   1831.530       3.80807       7.867
   17   113   1820.966       3.79181       6.283
   17   114   1859.097       3.80068       9.767
   17   115   1826.598       3.79413      11.315
   17   116   1862.386       3.80695       9.550
   17   117   1797.729       3.78860      10.521
   17   118   1841.207       3.80996       7.746
   17   119   1798.844       3.80885       9.046
   17   120   1867.697       3.81228       9.745
   17   121   1802.086       3.80254       9.392
   17   122   1848.017       3.82192       7.278
   17   123   1749.694       3.81757       6.565
   17   124   1823.157       3.80957       8.016
   17   125   1779.527       3.81294       8.831
   17   126   1839.275       3.80465       5.914
   17   127   1831.218       3.79348       9.699
   17   128   1866.148       3.80568      10.830
   17   129   1795.300       3.80901      11.859
   17   130   1864.477       3.79230      11.005
   17   131   1797.762       3.79878      11.135
   17   132   1851.084       3.80987       9.071
   17   133   1804.742       3.79732      11.236
   17   134   1836.661       3.81796       9.644
   17   135   1805.419       3.82062       8.550
   17   136   1873.657       3.80643       8.165
   17   137   1813.891       3.81388       7.595
   17   138   1874.812       3.79768       8.433
   17   139   1776.364       3.78873       8.024
   17   140   1870.789       3.79619       8.060
   17   141   1856.212       3.78967      10.402
   17   142   1888.179       3.78375      10.644
   17   143   1818.259       3.79536      11.319
   17   144   1876.888       3.78977      12.021
   17   145   1810.334       3.79874      10.216
   17   146   1880.093       3.80535      11.207
   17   147   1831.225       3.78917      11.457
   17   148   1846.796       3.80450       7.651
   17   149   1819.703       3.80519       8.903
   17   150   1849.624       3.80437       9.721
   17   151   1822.117       3.79670       8.974
   17   152   1865.627       3.81161       9.703
   17   153   1773.314       3.79936       9.581
   17   154   1854.349       3.80521      10.450
   17   155   1814.314       3.80045       7.459
   17   156   1891.643       3.81071       8.778
   17   157   1780.161       3.81033       8.422
   17   158   1869.020       3.80229       8.162
   17   159   1782.917       3.80291       6.882
   17   160   1849.833       3.80229      10.420
   17   161   1802.996       3.78902      11.365
   17   162   1828.379       3.81183      11.492
   17   163   1800.053       3.80472       9.736
   17   164   1843.577       3.81821      10.281
   17   165   1837.720       3.79859      10.469
   17   166   1849.502       3.80527      10.178
   17   167   1806.133       3.80772       7.752
   17   168   1851.777       3.81050       8.318
   17   169   1774.171       3.80956       9.581
   17   170   1861.332       3.81158       9.725
   17   171   1793.181       3.79925       7.816
   17   172   1815.002       3.81178       9.932
   17   173   1811.524       3.80098       8.196
   17   174   1862.744       3.80218       9.759
   17   175   1818.108       3.81254       9.370
   17   176   1830.520       3.81139       9.721
   17   177   1776.240       3.80844       7.447
   17   178   1859.688       3.81188       6.985
   17   179   1818.885       3.79181       9.889
   17   180   1867.626       3.80200       7.867
   17   181   1790.468       3.79574       9.326
   17   182   1884.673       3.81051       7.057
   17   183   1836.141       3.79521       9.807
   17   184   1876.733       3.80318      13.457
   17   185   1778.534       3.81683      10.343
   17   186   1880.043       3.81034       8.118
   17   187   1834.727       3.79544      12.006
   17   188   1845.616       3.79842       9.015
   17   189   1835.857       3.78919       5.828
   17   190   1853.046       3.79911       7.988
   17   191   1815.723       3.79639       8.411
   17   192   1833.759       3.80493       7.998
   17   193   1815.927       3.79658       7.534
   17   194   1833.354       3.81945       9.212
   17   195   1767.286       3.81048       8.010
   17   196   1828.569       3.81235      11.316
   17   197   1783.923       3.80566      11.153
   17   198   1864.276       3.81105       6.722
   17   199   1770.217       3.80876       8.980
   17   200   1892.470       3.80674       8.579
   17   201   1793.674       3.80495      10.461
   17   202   1862.565       3.79716      10.887
   17   203   1768.426       3.80045       9.635
   17   204   1866.459       3.80446       8.992
   17   205   1801.186       3.81203       9.723
   17   206   1878.697       3.80526      11.125
   17   207   1823.576       3.80618      11.530
   17   208   1826.851       3.80930       9.962
   17   209   1799.117       3.79759      13.184
   17   210   1880.812       3.80272       8.605
   17   211   1863.321       3.79798       9.412
   17   212   1852.748       3.80826       9.726
   17   213   1801.440       3.80129       8.713
   17   214   1843.781       3.80371      11.846
   17   215   1847.620       3.78915      10.234
   17   216   1817.421       3.80343      10.525
   17   217   1783.577       3.80030       8.063
   17   218   1869.213       3.80866       8.039
   17   219   1849.876       3.79600       9.847
   17   220   1882.468       3.80612      10.464
   17   221   1832.689       3.79698       9.638
   17   222   1871.822       3.80960       7.272
   17   223   1781.532       3.81237       8.821
   17   224   1816.493       3.81943       8.740
   17   225   1843.254       3.78526       9.824
   17   226   1818.391       3.80823       8.014
   17   227   1830.336       3.79765      10.172
   17   228   1819.608       3.80593       9.022
   17   229   1793.929       3.79416      13.577
   17   230   1863.240       3.81270      10.793
   17   231   1794.797       3.80019      11.062
   17   232   1847.009       3.81283       8.615
   17   233   1815.395       3.79572       9.273
   17   234   1872.006       3.79977       8.501
   17   235   1801.428       3.80278       7.721
   17   236   1818.589       3.80012       7.965
   17   237   1797.631       3.79606       9.560
   17   238   1850.536       3.80082      10.441
   17   239   1817.559       3.79353      10.930
   17   240   1862.422       3.80513      10.430
   17   241   1822.820       3.80006      11.004
   17   242   1860.357       3.80679      11.943
   17   243   1804.623       3.80097      12.099
   17   244   1874.349       3.80680      11.003
   17   245   1825.821       3.80445       8.169
   17   246   1868.794       3.79357       7.440
   17   247   1833.259       3.79259      12.675
   17   248   1878.138       3.78830      10.953
   17   249   1790.594       3.79196       9.946
   17   250   1854.674       3.80633      10.440
   17   251   1820.261       3.80065      11.671
   17   252   1833.821       3.79910       9.575
   17   253   1851.672       3.79254       9.161
   17   254   1895.420       3.81696       7.558
   17   255   1845.545       3.78717       8.694
   17   256   1841.082       3.81344       6.734
   17   257   1779.668       3.81255       7.115
   17   258   1820.658       3.81844      10.589
   17   259   1768.613       3.81293      11.293
   17   260   1832.358       3.81764       8.075
   17   261   1810.476       3.80163      10.091
   17   262   1800.539       3.81618       8.501
   17   263   1828.364       3.80055       9.943
   17   264   1818.258       3.80475       8.159
   17   265   1775.443       3.81133       6.039
   17   266   1848.927       3.79254       9.692
   17   267   1814.614       3.79380      10.327
   17   268   1852.419       3.78502      11.016
   17   269   1797.396       3.79034      11.467
   17   270   1833.596       3.80287      10.798
   17   271   1790.107       3.80046       9.719
   17   272   1872.142       3.79600      11.438
   17   273   1824.037       3.80265       6.957
   17   274   1825.578       3.82474       7.291
   17   275   1799.092       3.79743      10.230
   17   276   1848.900       3.81162      10.596
   17   277   1794.335       3.79900       8.154
   17   278   1799.048       3.80177       5.170
   17   279   1778.801       3.80432       7.247
   17   280   1856.840       3.79247      10.559
   17   281   1762.632       3.79953      10.961
   17   282   1856.347       3.80634      11.460
   17   283   1773.411       3.81497       7.578
   17   284   1869.195       3.80416      11.451
   17   285   1742.685       3.81665       8.774
   17   286   1868.796       3.81351       7.523
   17   287   1785.108       3.81147       7.371
   17   288   1899.229       3.79522       7.736
   17   289   1759.891       3.79942       8.195
   17   290   1838.665       3.78948       7.840
   17   291   1807.142       3.80279       9.213
   17   292   1877.837       3.81119       8.369
   17   293   1809.586       3.81062      11.775
   17   294   1870.304       3.81726       8.195
   17   295   1796.202       3.80153       8.999
   17   296   1793.800       3.81720       8.007
   17   297   1820.713       3.80050       8.433
   17   298   1847.888       3.80595       8.659
   17   299   1816.239       3.79011       8.980
   17   300   1839.416       3.79336       7.493
   17   301   1777.477       3.80164       9.483
   17   302   1831.166       3.79812      10.975
   17   303   1794.409       3.79817      10.288
   17   304   1858.711       3.80170       8.633
   17   305   1770.472       3.81829       8.085
   17   306   1861.757       3.80691       5.966
   17   307   1827.960       3.79873      11.004
   17   308   1919.398       3.81765       5.703
   17   309   1863.716       3.79326      10.552
   17   310   1859.661       3.79901       8.339
   17   311   1821.493       3.80211       5.163
   17   312   1853.472       3.81309      10.870
   17   313   1783.722       3.80475      10.669
   17   314   1856.044       3.81604       9.970
   17   315   1785.145       3.80616      10.767
   17   316   1857.288       3.81564      10.248
   17   317   1804.742       3.80653       7.781
   17   318   1848.356       3.80669       7.883
   17   319   1794.526       3.79853       8.872
   17   320   1865.460       3.80594       8.538
   17   321   1796.352       3.79560       7.678
   17   322   1910.493       3.79784      11.009
   17   323   1788.998       3.80373       7.935
   17   324   1856.508       3.80153       9.954
   17   325   1799.835       3.80136       7.200
   17   326   1843.064       3.81024       9.484
   17   327   1792.351       3.80821      12.173
   17   328   1845.281       3.81285       9.139
   17   329   1784.557       3.80964      10.715
   17   330   1851.468       3.79812      10.007
   17   331   1795.431       3.80561      11.490
   17   332   1822.803       3.80934      11.357
   17   333   1804.791       3.80504       6.937
   17   334   1886.203       3.80629       8.184
   17   335   1803.670       3.80730       6.772
   17   336   1806.820       3.81597      10.512
   17   337   1818.329       3.79325      11.446
   17   338   1882.573       3.80066       6.843
   17   339   1807.194       3.79360      11.033
   17   340   1831.183       3.82524       7.359
   17   341   1832.090       3.81033      11.425
   17   342   1900.727       3.79778       9.617
   17   343   1806.684       3.80360      12.987
   17   344   1864.689       3.80601      10.502
   17   345   1837.544       3.80253       7.496
   17   346   1897.309       3.79028       9.191
   17   347   1828.259       3.78929      10.720
   17   348   1885.750       3.80474       6.211
   17   349   1811.764       3.78827       8.581
   17   350   1817.168       3.80614      11.772
   17   351   1793.141       3.81101       7.170
   17   352   1891.432       3.79973       9.396
   17   353   1800.290       3.81604       8.651
   17   354   1912.902       3.80230      11.721
   17   355   1845.169       3.79306      11.271
   17   356   1837.858       3.81069      11.250
   17   357   1782.906       3.80740      12.686
   17   358   1827.464       3.80396       9.490
   17   359   1815.212       3.79752      12.229
   17   360   1820.311       3.80812      14.707
   17   361   1825.579       3.80561       9.344
   17   362   1839.967       3.81607       5.908
   17   363   1797.411       3.79553       9.949
   17   364   1837.836       3.81308       9.476
   17   365   1802.530       3.79564      10.855
   17   366   1834.936       3.79951      10.546
   17   367   1831.654       3.80173       8.080
   17   368   1867.170       3.80837      10.294
   17   369   1786.475       3.80322       9.639
   17   370   1877.297       3.79754      10.377
   17   371   1842.982       3.79469       6.985
   17   372   1843.197       3.80560       9.646
   17   373   1781.609       3.80281      10.863
   17   374   1819.883       3.80597       9.599
   17   375   1808.113       3.79406      10.322
   17   376   1795.061       3.82049       8.506
   17   377   1816.762       3.80137       8.702
   17   378   1818.815       3.81805       7.013
   17   379   1815.744       3.80887       8.821
   17   380   1840.170       3.81584       8.873
   17   381   1838.158       3.80355       7.184
   17   382   1884.288       3.80619       7.950
   17   383   1812.952       3.80902       8.471
   17   384   1886.180       3.79443      10.722
   17   385   1800.906       3.81191       6.143
   17   386   1916.076       3.79811      10.153
   17   387   1773.268       3.79711       9.810
   17   388   1827.842       3.80566       8.498
   17   389   1801.008       3.79694      10.075
   17   390   1862.980       3.79035      12.412
   17   391   1780.725       3.80129       8.507
   17   392   1832.614       3.81039       9.929
   17   393   1826.880       3.79005      12.626
   17   394   1846.726       3.80270      14.137
   17   395   1837.800       3.80272       9.691
   17   396   1867.120       3.81543      11.637
   17   397   1809.869       3.81640       7.215
   17   398   1845.545       3.81970       8.266
   17   399   1794.827       3.79526      11.949
   17   400   1871.063       3.80853       7.697
   17   401   1829.639       3.79558       7.425
   17   402   1905.788       3.78821       8.373
   17   403   1787.400       3.80336       7.257
   17   404   1843.772       3.79710      11.825
   17   405   1813.255       3.79412      14.389
   17   406   1841.134       3.80924       7.536
   17   407   1816.034       3.81255       8.893
   17   408   1856.225       3.81489      10.560
   17   409   1816.455       3.80424       9.313
   17   410   1836.167       3.80421       9.205
   17   411   1785.212       3.81323       9.728
   17   412   1842.881       3.80941       8.139
   17   413   1800.873       3.80948       8.588
   17   414   1807.436       3.81441       8.596
   17   415   1791.300       3.79731       9.470
   17   416   1847.670       3.80024       9.860
   17   417   1795.158       3.80245      10.429
   17   418   1819.246       3.80947       7.450
   17   419   1833.990       3.80177      10.764
   17   420   1838.310       3.81834      10.167
   17   421   1795.651       3.81503       9.541
   17   422   1878.397       3.80690      10.987
   17   423   1756.304       3.81888       6.039
   17   424   1864.589       3.80576       7.637
   17   425   1777.471       3.79325       9.724
   17   426   1841.568       3.81802       9.105
   17   427   1816.896       3.79425       9.390
   17   428   1879.633       3.79558      14.819
   17   429   1805.900       3.80854      10.462
   17   430   1865.892       3.80437      10.190
   17   431   1805.694       3.80198       6.830
   17   432   1854.010       3.80359       8.352
   17   433   1829.560       3.79009      10.033
   17   434   1859.678       3.80374       8.079
   17   435   1815.366       3.80035       6.719
   17   436   1872.869       3.80694       9.271
   17   437   1849.289       3.79273       9.501
   17   438   1843.016       3.81440       6.751
   17   439   1804.848       3.80095       9.331
   17   440   1867.376       3.79955       9.299
   17   441   1812.186       3.81069       7.694
   17   442   1844.958       3.81282       9.084
   17   443   1812.294       3.80578      10.451
   17   444   1820.692       3.81619      11.305
   17   445   1837.535       3.80043      10.264
   17   446   1854.343       3.80628       9.589
   17   447   1809.885       3.80265      11.521
   17   448   1844.670       3.80962      10.751
   17   449   1777.471       3.80905       9.818
   17   450   1816.851       3.81275       9.301
   17   451   1802.134       3.80520      11.360
   17   452   1821.777       3.79918      10.874
   17   453   1844.787       3.79837       8.794
   17   454   1831.725       3.81707      11.092
   17   455   1786.819       3.80747      11.875
   17   456   1869.998       3.80705       9.102
   17   457   1799.812       3.80017       8.457
   17   458   1836.059       3.81128       9.047
   17   459   1807.987       3.80168       7.444
   17   460   1860.743       3.82221       8.644
   17   461   1834.693       3.79663      11.315
   17   462   1882.386       3.81181       8.078
   17   463   1838.230       3.80356       9.942
   17   464   1836.597       3.81493      11.231
   17   465   1774.829       3.80663       9.205
   17   466   1829.494       3.81509      11.817
   17   467   1830.439       3.79617      11.470
   17   468   1876.847       3.81083      10.034
   17   469   1808.572       3.80878       7.284
   17   470   1820.707       3.80454       9.853
   17   471   1815.069       3.79159       7.561
   17   472   1835.452       3.80852       9.894
   17   473   1812.354       3.80133       8.042
   17   474   1825.212       3.80826       7.857
   17   475   1856.578       3.78794      11.343
   17   476   1849.523       3.79709      12.834
   17   477   1790.011       3.79082       9.784
   17   478   1846.928       3.81026       8.804
   17   479   1816.248       3.79812      13.446
   17   480   1822.225       3.81408      11.662
   17   481   1804.590       3.81036       7.816
   17   482   1905.822       3.79467      11.065
   17   483   1802.597       3.81145      10.399
   17   484   1842.891       3.80571      10.825
   17   485   1832.475       3.79096       8.975
   17   486   1809.158       3.80522       9.851
   17   487   1777.896       3.80845      13.234
   17   488   1858.253       3.79787       8.979
   17   489   1817.445       3.79869       8.507
   17   490   1854.416       3.79611       9.730
   17   491   1777.916       3.79530       9.126
   17   492   1824.346       3.80079       9.696
   17   493   1794.150       3.80348       8.541
   17   494   1842.547       3.81537       6.842
   17   495   1797.392       3.79916      11.791
   17   496   1856.237       3.80842      11.270
   17   497   1806.685       3.80261       8.045
   17   498   1773.761       3.77215       6.719
   17   499   1773.221       3.76190      11.196
   17   500   1824.816       3.79200       9.935
   17   501   1704.058       3.80523       9.108
   17   502   1775.149       3.81449       7.622
   17   503   1673.343       3.79946       7.293
   17   504   1844.865       3.84435       7.418
   17   505   1821.471       3.81373      10.649
   17   506   1857.333       3.80475       8.364
   17   507   1776.647       3.81092       8.388
   17   508   1839.806       3.80666      10.995
   17   509   1842.043       3.80170       7.735
   17   510   1848.114       3.81019      10.355
   17   511   1816.858       3.79762       9.370
   17   512   1783.071       3.80225       8.753
   17   513   1814.397       3.79474      10.432
   17   514   1780.356       3.79937       6.844
   17   515   1734.074       3.80288       8.715
   17   516   1793.278       3.78874       8.924
   17   517   1767.916       3.78365      11.660
   17   518   1745.358       3.80018      11.551
   17   519   1783.486       3.78781      14.113
   17   520   1804.216       3.80813       9.874
   17   521   1788.850       3.80939      11.918
   17   522   1804.889       3.79389      10.188
   17   523   1785.062       3.79528       8.685
   17   524   1838.024       3.79169       8.804
   17   525   1751.584       3.80793       8.628
   17   526   1771.896       3.79909       9.591
   17   527   1763.168       3.79892      10.026
   17   528   1776.371       3.79418       9.387
   17   529   1783.970       3.79019      10.410
   17   530   1771.649       3.80580       7.656
   17   531   1847.914       3.77693      10.552
   17   532   1783.375       3.80992       6.685
   17   533   1784.141       3.79475      15.003
   17   534   1759.494       3.80601      12.521
   17   535   1769.393       3.80308       8.476
   17   536   1828.972       3.79936       9.840
   17   537   1760.147       3.80443       9.984
   17   538   1773.306       3.80929       8.652
   17   539   1808.893       3.78468       9.426
   17   540   1792.738       3.79873       9.113
   17   541   1803.935       3.79136       8.192
   17   542   1804.229       3.78689      11.266
   17   543   1785.247       3.79118       9.657
   17   544   1811.559       3.79200      10.437
   17   545   1784.778       3.80067       8.121
   17   546   1816.659       3.79899       6.343
   17   547   1772.463       3.80153       7.230
   17   548   1771.750       3.80625       8.199
   17   549   1794.220       3.78757       9.560
   17   550   1746.708       3.80040      10.025
   17   551   1794.594       3.80218       6.716
   17   552   1758.322       3.81191       8.846
   17   553   1809.458       3.79289       9.024
   17   554   1800.780       3.79513      10.813
   17   555   1814.543       3.79553      11.288
   17   556   1794.593       3.80038      12.146
   17   557   1761.341       3.80275       8.632
   17   558   1789.758       3.79590      10.414
   17   559   1792.181       3.79800       7.932
   17   560   1790.081       3.80772       5.868
   17   561   1794.935       3.78746       7.436
   17   562   1774.637       3.78892      10.590
   17   563   1775.375       3.78998       9.154
   17   564   1796.439       3.78864       9.800
   17   565   1810.446       3.78505      11.841
   17   566   1773.087       3.78759      10.875
   17   567   1791.300       3.80155       5.616
   17   568   1743.554       3.79816       9.594
   17   569   1805.732       3.78819       9.774
   17   570   1793.815       3.80085      10.485
   17   571   1799.733       3.80017       8.553
   17   572   1784.012       3.80325       8.541
   17   573   1829.492       3.79432      11.221
   17   574   1742.399       3.80830       9.878
   17   575   1794.370       3.79746      10.012
   17   576   1752.171       3.81086       9.276
   17   577   1784.123       3.80435       8.026
   17   578   1802.526       3.79495      11.852
   17   579   1799.610       3.79795      11.403
   17   580   1757.740       3.79013       8.898
   17   581   1775.079       3.78757      10.687
   17   582   1785.919       3.78270      12.388
   17   583   1800.946       3.79076       7.947
   17   584   1825.777       3.78739      13.218
   17   585   1771.688       3.78723      11.614
   17   586   1802.612       3.77641      12.674
   17   587   1796.190       3.78676      10.065
   17   588   1774.021       3.79576       8.870
   17   589   1807.395       3.78850      12.621
   17   590   1783.095       3.79947      10.666
   17   591   1775.481       3.80627       8.051
   17   592   1772.853       3.81046       9.389
   17   593   1753.411       3.79088      13.014
   17   594   1811.692       3.78339      10.614
   17   595   1770.305       3.80370       7.251
   17   596   1788.352       3.78816      12.068
   17   597   1780.954       3.77893      10.811
   17   598   1814.544       3.78079      10.974
   17   599   1810.659       3.78960       8.740
   17   600   1762.675       3.80399      11.081
   17   601   1774.523       3.78851      11.506
   17   602   1788.588       3.80558       9.413
   17   603   1789.301       3.80329       6.639
   17   604   1802.439       3.80313       7.281
   17   605   1742.756       3.79786       8.544
   17   606   1777.944       3.81211       9.853
   17   607   1785.307       3.79151       9.819
   17   608   1770.474       3.81329       8.248
   17   609   1825.026       3.80089      10.913
   17   610   1826.165       3.79110      12.879
   17   611   1805.308       3.78411       8.641
   17   612   1832.854       3.77865      11.736
   17   613   1820.781       3.79160       6.929
   17   614   1788.676       3.78267      12.619
   17   615   1820.416       3.77404      11.974
   17   616   1772.827       3.79562       8.919
   17   617   1799.784       3.78162      11.787
   17   618   1794.514       3.79233      12.958
   17   619   1785.720       3.79194      10.773
   17   620   1814.014       3.80016      10.093
   17   621   1782.616       3.79697      10.081
   17   622   1818.334       3.79015      11.455
   17   623   1812.451       3.78240       9.740
   17   624   1803.608       3.78049       9.507
   17   625   1818.450       3.79156       9.633
   17   626   1785.172       3.79486       8.972
   17   627   1760.555       3.79312       9.760
   17   628   1834.210       3.78507       9.862
   17   629   1835.425       3.79271       7.582
   17   630   1802.819       3.79489      10.764
   17   631   1833.309       3.78630       8.894
   17   632   1783.026       3.78492      10.405
   17   633   1790.712       3.79236       8.909
   17   634   1795.328       3.80122       9.094
   17   635   1776.848       3.81028       7.783
   17   636   1793.778       3.80251      11.200
   17   637   1807.114       3.80291       9.397
   17   638   1821.651       3.79848       8.666
   17   639   1829.197       3.80152       6.026
   17   640   1802.614       3.79757       8.475
   17   641   1790.112       3.79940       6.968
   17   642   1759.384       3.79458      11.174
   17   643   1786.430       3.78051      11.992
   17   644   1793.253       3.79475       8.149
   17   645   1749.152       3.78998       9.275
   17   646   1787.580       3.78288      13.201
   17   647   1763.538       3.79555      11.845
   17   648   1796.778       3.80584       9.738
   17   649   1805.371       3.80732      10.335
   17   650   1744.750       3.79795      11.320
   17   651   1785.826       3.77793      13.113
   17   652   1797.080       3.80211      10.411
   17   653   1824.757       3.79373      10.728
   17   654   1820.344       3.79076       9.949
   17   655   1782.302       3.78832      10.294
   17   656   1799.943       3.79383      10.391
   17   657   1822.752       3.80056       8.340
   17   658   1806.656       3.80202       8.312
   17   659   1786.627       3.79223       8.436
   17   660   1809.740       3.78403       9.601
   17   661   1792.101       3.79561       8.502
   17   662   1808.021       3.78782      11.398
   17   663   1820.393       3.79690      10.130
   17   664   1805.414       3.79284       9.990
   17   665   1809.867       3.79584       8.151
   17   666   1794.680       3.79938      12.265
   17   667   1778.403       3.79315      10.138
   17   668   1807.278       3.79847      10.769
   17   669   1789.945       3.79083      10.877
   17   670   1795.685       3.79635       9.739
   17   671   1762.867       3.80512       5.849
   17   672   1791.279       3.79450       9.775
   17   673   1784.836       3.80239       7.265
   17   674   1832.741       3.79994       9.149
   17   675   1797.146       3.80067      10.687
   17   676   1819.591       3.79478      11.442
   17   677   1812.219       3.78689      10.961
   17   678   1746.605       3.80550      10.554
   17   679   1821.729       3.79288       6.676
   17   680   1783.201       3.79273       9.792
   17   681   1823.777       3.79516       6.125
   17   682   1786.772       3.78647      10.563
   17   683   1791.251       3.79804       6.196
   17   684   1789.922       3.79463       8.919
   17   685   1796.643       3.79542       7.911
   17   686   1773.779       3.79415      10.433
   17   687   1801.692       3.78558       9.159
   17   688   1825.788       3.78413      10.940
   17   689   1797.124       3.79965       6.984
   17   690   1822.197       3.79952       9.242
   17   691   1777.260       3.78406       8.863
   17   692   1794.805       3.80151       8.607
   17   693   1753.836       3.80151       8.594
   17   694   1790.756       3.80218      10.762
   17   695   1839.188       3.79395       9.626
   17   696   1801.651       3.79289       9.603
   17   697   1794.598       3.80262       8.054
   17   698   1797.083       3.79619       9.538
   17   699   1760.253       3.80464       7.580
   17   700   1800.502       3.80197       6.388
   17   701   1787.816       3.81004       7.999
   17   702   1775.653       3.79742       7.688
   17   703   1805.469       3.78793       8.504
   17   704   1756.031       3.80006       6.910
   17   705   1812.402       3.78572      11.958
   17   706   1775.045       3.79612       7.738
   17   707   1781.231       3.79511       9.740
   17   708   1824.147       3.78476       9.627
   17   709   1813.587       3.79198       8.211
   17   710   1808.786       3.77901      10.765
   17   711   1804.971       3.77794      10.133
   17   712   1788.327       3.78753       9.576
   17   713   1810.550       3.77744      13.036
   17   714   1776.115       3.79647      10.665
   17   715   1785.764       3.79606       8.160
   17   716   1758.064       3.80396      10.904
   17   717   1792.235       3.78725      11.040
   17   718   1805.422       3.79285      10.182
   17   719   1798.461       3.79725       8.047
   17   720   1783.561       3.80286      11.940
   17   721   1775.248       3.79761       6.440
   17   722   1794.066       3.78269       7.333
   17   723   1808.985       3.78853       8.671
   17   724   1779.569       3.78975       7.513
   17   725   1769.259       3.80293       6.456
   17   726   1778.794       3.78961      11.597
   17   727   1791.286       3.78558       7.782
   17   728   1788.730       3.79461       8.158
   17   729   1770.077       3.78115      10.838
   17   730   1777.979       3.79813       8.418
   17   731   1734.824       3.80468       6.660
   17   732   1778.536       3.80677       9.789
   17   733   1792.683       3.79507      10.883
   17   734   1772.986       3.79365      10.374
   17   735   1804.575       3.80629      11.055
   17   736   1822.611       3.79983      10.280
   17   737   1766.978       3.80584      11.049
   17   738   1795.243       3.79489      11.376
   17   739   1791.343       3.79269      11.196
   17   740   1795.103       3.79870      12.404
   17   741   1772.834       3.78601       9.303
   17   742   1755.723       3.79087       8.175
   17   743   1757.717       3.79526       6.776
   17   744   1780.137       3.79549       8.511
   17   745   1831.380       3.79370       8.180
   17   746   1791.532       3.78644      11.925
   17   747   1774.908       3.80039       7.742
   17   748   1785.269       3.79547      10.058
   17   749   1819.888       3.77830      10.875
   17   750   1798.023       3.78791      12.701
   17   751   1777.026       3.79406      10.203
   17   752   1758.696       3.80532      12.278
   17   753   1781.512       3.80543       8.481
   17   754   1780.275       3.80730       7.103
   17   755   1820.357       3.80476       5.714
   17   756   1789.549       3.80915       9.278
   17   757   1838.054       3.77736       9.874
   17   758   1788.690       3.79810       8.908
   17   759   1789.398       3.79210      10.506
   17   760   1794.175       3.79215       9.939
   17   761   1800.282       3.79279      10.211
   17   762   1785.059       3.81049      10.247
   17   763   1785.179       3.79344      11.292
   17   764   1811.029       3.80702       9.825
   17   765   1782.262       3.80050      11.483
   17   766   1822.927       3.80581       6.222
   17   767   1776.622       3.79809       8.612
   17   768   1790.817       3.79663       8.226
   17   769   1788.702       3.78462       9.604
   17   770   1769.614       3.78730       9.737
   17   771   1801.359       3.78423       9.208
   17   772   1801.284       3.79357       9.993
   17   773   1751.737       3.79686       9.647
   17   774   1768.729       3.80449      11.542
   17   775   1761.964       3.79069      12.650
   17   776   1784.536       3.79639      10.612
   17   777   1755.404       3.78850      12.470
   17   778   1821.827       3.79198      11.366
   17   779   1781.859       3.79619      11.303
   17   780   1781.112       3.79773      11.835
   17   781   1812.113       3.79128      12.313
   17   782   1811.250       3.79936      10.067
   17   783   1805.353       3.80225      11.305
   17   784   1811.805       3.79920       8.528
   17   785   1808.499       3.79470       8.843
   17   786   1785.976       3.80051      13.020
   17   787   1790.039       3.79321       8.009
   17   788   1785.070       3.78522       8.302
   17   789   1806.100       3.77909      12.642
   17   790   1749.478       3.79046      11.806
   17   791   1734.098       3.80053       8.231
   17   792   1824.452       3.78527       9.602
   17   793   1755.214       3.79909       7.941
   17   794   1791.177       3.78705      16.963
   17   795   1835.144       3.78072       9.252
   17   796   1815.301       3.78764       9.676
   17   797   1766.096       3.80159      10.802
   17   798   1777.313       3.79298       9.789
   17   799   1791.273       3.81108       8.090
   17   800   1812.145       3.80481       8.224
   17   801   1775.654       3.80222       9.591
   17   802   1775.833       3.81145       6.865
   17   803   1778.700       3.80708       6.011
   17   804   1767.595       3.81113       7.913
   17   805   1819.696       3.78286      11.227
   17   806   1770.919       3.79684       7.957
   17   807   1786.231       3.79553      10.807
   17   808   1795.440       3.79743       9.199
   17   809   1758.247       3.78621       9.324
   17   810   1793.900       3.79606       9.018
   17   811   1799.657       3.78782       9.837
   17   812   1810.148       3.79384      10.374
   17   813   1794.051       3.79359       6.626
   17   814   1757.572       3.78798      11.449
   17   815   1827.445       3.78242      10.003
   17   816   1790.649       3.79868       7.672
   17   817   1792.735       3.79191      11.823
   17   818   1790.009       3.80012       9.218
   17   819   1831.399       3.78621      11.412
   17   820   1788.957       3.78856      12.982
   17   821   1841.187       3.78680      10.302
   17   822   1805.757       3.78967      10.918
   17   823   1769.025       3.79166      10.836
   17   824   1831.929       3.79450       9.211
   17   825   1784.941       3.79593       8.329
   17   826   1765.589       3.80039       8.737
   17   827   1786.579       3.79526       7.303
   17   828   1795.150       3.80268       5.958
   17   829   1793.256       3.78694      10.542
   17   830   1741.859       3.79951      10.444
   17   831   1795.657       3.79623       7.136
   17   832   1832.667       3.79511       9.079
   17   833   1810.637       3.79002      11.095
   17   834   1794.801       3.79573      11.625
   17   835   1755.079       3.80448       6.907
   17   836   1754.424       3.80532       7.890
   17   837   1783.380       3.80293      11.573
   17   838   1768.655       3.79466       9.954
   17   839   1805.534       3.79285       6.821
   17   840   1798.992       3.79401       7.695
   17   841   1783.221       3.79425       9.927
   17   842   1773.939       3.78718       8.387
   17   843   1796.597       3.78947       8.072
   17   844   1800.982       3.79850       7.115
   17   845   1829.232       3.78807       9.350
   17   846   1779.025       3.78799      10.914
   17   847   1753.166       3.79270      10.459
   17   848   1768.908       3.80445       7.891
   17   849   1779.201       3.79001       9.708
   17   850   1774.611       3.79509       8.453
   17   851   1799.717       3.78676      11.659
   17   852   1814.517       3.79068       9.129
   17   853   1806.863       3.78651      12.315
   17   854   1823.840       3.79505       7.161
   17   855   1796.165       3.78604      10.988
   17   856   1796.545       3.78308      11.768
   17   857   1810.097       3.78440       8.545
   17   858   1824.479       3.78072      11.643
   17   859   1810.594       3.80202       7.109
   17   860   1782.126       3.79142      12.350
   17   861   1772.386       3.79661       9.265
   17   862   1772.503       3.80926       9.496
   17   863   1780.376       3.79742       8.548
   17   864   1813.439       3.79683       8.387
   17   865   1805.522       3.79577       8.037
   17   866   1769.308       3.79193       8.766
   17   867   1786.416       3.79345       9.631
   17   868   1816.491       3.79858      10.840
   17   869   1810.462       3.80508       7.797
   17   870   1770.436       3.79626      11.129
   17   871   1814.868       3.78862       7.863
   17   872   1777.386       3.79297       9.480
   17   873   1819.441       3.79219      10.089
   17   874   1820.869       3.78914       9.023
   17   875   1763.832       3.79639       7.675
   17   876   1783.208       3.80655      10.444
   17   877   1824.713       3.78571      11.098
   17   878   1796.720       3.79723      13.014
   17   879   1822.029       3.80119       6.701
   17   880   1794.576       3.79448       9.223
   17   881   1731.804       3.80200       8.518
   17   882   1789.108       3.79371      11.394
   17   883   1782.076       3.79223       9.366
   17   884   1745.209       3.81482       5.802
   17   885   1817.469       3.79595      11.884
   17   886   1829.764       3.79077      10.333
   17   887   1795.068       3.80560       6.751
   17   888   1778.552       3.80365       8.972
   17   889   1781.258       3.79424       5.388
   17   890   1811.462       3.79365       9.403
   17   891   1799.605       3.79402       7.661
   17   892   1790.755       3.78286      11.489
   17   893   1785.356       3.79287       8.497
   17   894   1797.402       3.79173       9.281
   17   895   1799.604       3.79164      10.293
   17   896   1793.238       3.80386       8.022
   17   897   1788.281       3.79863       8.467
   17   898   1814.845       3.80344      12.539
   17   899   1790.120       3.80709       8.551
   17   900   1780.755       3.80876       6.674
   17   901   1767.188       3.80559       5.604
   17   902   1819.189       3.78982      10.224
   17   903   1761.385       3.79876       8.397
   17   904   1779.992       3.80027       7.826
   17   905   1787.888       3.79808      10.048
   17   906   1774.344       3.78995      10.919
   17   907   1797.820       3.78111       9.619
   17   908   1807.009       3.79001       8.378
   17   909   1780.989       3.79320      10.572
   17   910   1782.064       3.79759      11.285
   17   911   1852.417       3.77336      10.823
   17   912   1774.704       3.79583       9.962
   17   913   1824.022       3.78001      11.789
   17   914   1799.730       3.79855       9.557
   17   915   1796.157       3.79303      10.303
   17   916   1762.702       3.81243       7.739
   17   917   1804.468       3.80038      10.742
   17   918   1786.223       3.80364       9.114
   17   919   1761.087       3.79288      10.977
   17   920   1771.663       3.80011       7.785
   17   921   1795.888       3.78856       7.997
   17   922   1830.140       3.79245       8.822
   17   923   1798.074       3.78937       5.953
   17   924   1826.755       3.79360       9.269
   17   925   1818.783       3.79135       6.881
   17   926   1796.335       3.78445      10.473
   17   927   1811.555       3.79488       8.191
   17   928   1789.545       3.79016       8.857
   17   929   1769.989       3.80381       7.758
   17   930   1800.195       3.80374       8.219
   17   931   1763.526       3.80162       8.322
   17   932   1799.196       3.79970       9.797
   17   933   1794.094       3.80184       7.347
   17   934   1773.432       3.79146       8.315
   17   935   1786.661       3.78430      10.347
   17   936   1763.592       3.81227       8.274
   17   937   1792.772       3.78755      11.026
   17   938   1782.245       3.79552       9.962
   17   939   1815.823       3.79195      11.074
   17   940   1824.635       3.79592       7.047
   17   941   1804.833       3.79774       8.597
   17   942   1821.403       3.79109       6.964
   17   943   1807.334       3.80034       7.315
   17   944   1814.942       3.79447      11.963
   17   945   1807.278       3.79840       9.676
   17   946   1737.393       3.80284       9.145
   17   947   1818.344       3.79089      11.646
   17   948   1779.699       3.79054      10.178
   17   949   1785.057       3.78422      11.922
   17   950   1801.201       3.79505       9.876
   17   951   1826.787       3.78472       8.608
   17   952   1829.425       3.79056       9.399
   17   953   1799.125       3.79269      11.123
   17   954   1772.153       3.79236       9.566
   17   955   1721.560       3.81050       6.150
   17   956   1803.354       3.80652      10.261
   17   957   1800.323       3.78314       9.569
   17   958   1786.275       3.79333      12.159
   17   959   1781.698       3.79787       7.984
   17   960   1798.451       3.80126       8.076
   17   961   1786.040       3.79745      10.519
   17   962   1805.157       3.80670       7.131
   17   963   1785.726       3.79538       7.680
   17   964   1767.310       3.79509       9.310
   17   965   1792.535       3.79256       8.784
   17   966   1767.154       3.80464      10.354
   17   967   1792.573       3.79385       8.643
   17   968   1764.312       3.81078       9.392
   17   969   1791.915       3.79912      11.008
   17   970   1787.048       3.80248       6.403
   17   971   1794.533       3.79679       8.449
   17   972   1756.465       3.79905       7.721
   17   973   1777.628       3.78006      10.184
   17   974   1756.230       3.79217       9.793
   17   975   1788.268       3.78443       9.692
   17   976   1784.627       3.79151      11.724
   17   977   1780.200       3.79859       7.587
   17   978   1754.105       3.80861       9.448
   17   979   1831.763       3.79936       6.661
   17   980   1803.564       3.79961       8.246
   17   981   1796.346       3.80310       9.530
   17   982   1799.350       3.80273       9.765
   17   983   1809.052       3.79505       8.192
   17   984   1817.553       3.79452       8.677
   17   985   1762.979       3.78610       9.337
   17   986   1758.622       3.79451      10.566
   17   987   1805.319       3.79424       8.470
   17   988   1784.045       3.80601       5.068
   17   989   1811.374       3.78919       9.061
   17   990   1748.814       3.79842       8.895
   17   991   1786.765       3.79077      10.913
   17   992   1804.308       3.80103       9.221
   17   993   1786.013       3.80043       6.973
   17   994   1737.291       3.80268      10.813
   17   995   1823.117       3.80019       7.259
   17   996   1834.877       3.78914       8.234
   17   997   1786.500       3.80769       6.184
   17   998   1779.813       3.80978       6.502
   17   999   1812.950       3.80589       9.187
   17  1000   1782.599       3.79940       9.754
   17  1001   1813.903       3.79945       9.885
   17  1002   1768.255       3.80749       7.035
   17  1003   1764.928       3.79445       8.642
   17  1004   1794.783       3.77408      11.108
   17  1005   1759.580       3.79659       7.044
   17  1006   1811.627       3.79527       8.482
   17  1007   1752.107       3.80343       6.954
   17  1008   1766.248       3.80675       8.316
   17  1009   1784.932       3.79828      10.448
   17  1010   1761.347       3.78676       5.633
   17  1011   1828.249       3.77140       6.878
   17  1012   1816.366       3.77626       6.485
   17  1013   1785.210       3.78059       8.355
   17  1014   1802.598       3.78990       8.383
   17  1015   1803.356       3.78358       8.452
   17  1016   1798.453       3.79432       8.629
   17  1017   1798.947       3.78343       6.515
   17  1018   1798.369       3.81282       8.276
   17  1019   1844.387       3.79845       7.536
   17  1020   1800.044       3.80759       9.132
   17  1021   1779.192       3.81119       8.217
   17  1022   1784.033       3.80978       9.413
   17  1023   1761.795       3.82265       8.480
