   21     0   1890.146       3.80943       3.079
   21     1   1878.316       3.79677       4.160
   21     2   1934.438       3.78608       4.117
   21     3   1871.644       3.77088       4.374
   21     4   1864.873       3.80196       5.302
   21     5   1826.410       3.78703       8.424
   21     6   1865.704       3.80663       6.005
   21     7   1823.211       3.79326       4.883
   21     8   1902.739       3.78667       5.833
   21     9   1789.774       3.78767       6.965
   21    10   1909.438       3.80207       4.064
   21    11   1802.920       3.79899       4.916
   21    12   1942.361       3.79898       4.059
   21    13   1806.066       3.78701       6.901
   21    14   1869.158       3.79525       4.937
   21    15   1769.097       3.78198       7.927
   21    16   1888.298       3.79627       3.753
   21    17   1816.287       3.78660       7.166
   21    18   1903.183       3.80343       5.843
   21    19   1850.099       3.78981       6.864
   21    20   1928.395       3.80015       5.234
   21    21   1799.904       3.80819       5.098
   21    22   1883.451       3.81528       5.243
   21    23   1826.134       3.79975       8.996
   21    24   1918.388       3.81226       5.508
   21    25   1821.219       3.79846       4.935
   21    26   1897.562       3.80761       4.255
   21    27   1841.775       3.79620       4.733
   21    28   1910.091       3.80195       3.784
   21    29   1853.887       3.79306       4.048
   21    30   1841.183       3.80397       4.204
   21    31   1831.102       3.78401       5.759
   21    32   1913.958       3.79440       5.992
   21    33   1854.412       3.78754       7.031
   21    34   1911.239       3.78837       6.276
   21    35   1836.109       3.78739       6.428
   21    36   1863.431       3.80774       5.666
   21    37   1861.623       3.79871       6.297
   21    38   1879.476       3.80578       7.023
   21    39   1841.710       3.78961       7.519
   21    40   1929.788       3.81309       5.063
   21    41   1809.896       3.80484       4.377
   21    42   1878.712       3.79611       6.527
   21    43   1863.095       3.78848       6.595
   21    44   1914.827       3.79522       6.574
   21    45   1836.773       3.78846       4.484
   21    46   1899.340       3.79833       0.937
   21    47   1845.983       3.79038       3.964
   21    48   1902.304       3.78366       4.840
   21    49   1820.964       3.79007       4.172
   21    50   1901.262       3.79566       6.625
   21    51   1874.607       3.78389       6.058
   21    52   1877.232       3.81266       4.707
   21    53   1845.289       3.80393       6.920
   21    54   1927.000       3.78948       6.215
   21    55   1836.100       3.79221       5.774
   21    56   1883.892       3.80036       6.351
   21    57   1788.831       3.81360       4.039
   21    58   1904.232       3.80379       2.235
   21    59   1847.426       3.77435       6.898
   21    60   1881.746       3.79926       4.570
   21    61   1802.109       3.79731       4.839
   21    62   1922.274       3.78805       4.359
   21    63   1825.192       3.78512       7.449
   21    64   1880.299       3.79377       3.880
   21    65   1825.166       3.78714       6.960
   21    66   1913.803       3.80382       4.721
   21    67   1842.202       3.78487       5.600
   21    68   1916.081       3.80358       5.286
   21    69   1812.846       3.80163       5.078
   21    70   1892.280       3.81592       5.932
   21    71   1839.333       3.79555       5.036
   21    72   1942.380       3.79911       2.938
   21    73   1822.743       3.78400       4.896
   21    74   1892.019       3.80327       4.311
   21    75   1862.773       3.78125       6.787
   21    76   1899.353       3.80185       5.938
   21    77   1817.065       3.78655       6.422
   21    78   1865.913       3.79038       7.789
   21    79   1812.337       3.78147       7.595
   21    80   1893.197       3.80661       5.604
   21    81   1830.459       3.79617       5.864
   21    82   1901.518       3.80507       4.993
   21    83   1832.636       3.79337       5.865
   21    84   1891.808       3.81884       4.903
   21    85   1826.377       3.80482       5.070
   21    86   1906.583       3.79878       5.515
   21    87   1832.463       3.79899       3.837
   21    88   1840.382       3.80403       4.807
   21    89   1810.998       3.79970       2.998
   21    90   1931.637       3.79524       4.576
   21    91   1832.238       3.78328       5.249
   21    92   1903.041       3.79665       4.893
   21    93   1871.486       3.77689       7.265
   21    94   1842.717       3.80544       5.528
   21    95   1861.879       3.79344       4.252
   21    96   1903.837       3.80392       3.286
   21    97   1862.356       3.78764       6.984
   21    98   1918.769       3.78626       4.652
   21    99   1861.183       3.77381       8.081
   21   100   1863.288       3.80143       5.672
   21   101   1846.258       3.78146       4.318
   21   102   1904.665       3.79130       4.970
   21   103   1842.931       3.78543       7.423
   21   104   1905.614       3.80018       6.291
   21   105   1825.418       3.79048       7.397
   21   106   1910.626       3.79397       5.323
   21   107   1833.293       3.79421       4.980
   21   108   1883.484       3.81264       8.437
   21   109   1846.801       3.80327       5.279
   21   110   1897.836       3.81612       4.028
   21   111   1863.927       3.79520       5.900
   21   112   1882.483       3.80226       6.563
   21   113   1849.682       3.79173       6.830
   21   114   1894.860       3.79553       4.073
   21   115   1861.957       3.78446       7.383
   21   116   1891.273       3.80623       4.781
   21   117   1831.360       3.78561       6.459
   21   118   1871.325       3.80402       4.995
   21   119   1795.927       3.79046       5.284
   21   120   1919.085       3.79725       5.991
   21   121   1789.257       3.80430       5.390
   21   122   1885.593       3.80923       5.326
   21   123   1821.291       3.79632       4.539
   21   124   1865.989       3.81121       3.675
   21   125   1844.096       3.79156       5.415
   21   126   1910.369       3.79684       5.424
   21   127   1832.083       3.79151       6.327
   21   128   1912.365       3.78929       5.712
   21   129   1794.198       3.78946       7.128
   21   130   1905.945       3.78756       6.207
   21   131   1833.844       3.79521       4.349
   21   132   1892.889       3.80574       5.015
   21   133   1842.581       3.78938       6.646
   21   134   1902.922       3.80715       6.038
   21   135   1796.721       3.80384       7.800
   21   136   1900.044       3.81619       3.997
   21   137   1837.469       3.79686       4.233
   21   138   1880.714       3.79387       5.357
   21   139   1829.937       3.79008       5.886
   21   140   1899.777       3.79325       4.595
   21   141   1801.666       3.79861       5.059
   21   142   1917.146       3.77909       6.573
   21   143   1832.698       3.78990       7.187
   21   144   1906.620       3.79472       7.238
   21   145   1796.017       3.79213       6.991
   21   146   1894.112       3.80478       6.067
   21   147   1878.359       3.78430       8.495
   21   148   1845.254       3.80677       3.867
   21   149   1864.422       3.78915       4.536
   21   150   1887.865       3.79645       5.160
   21   151   1822.210       3.78726       7.849
   21   152   1893.484       3.81028       4.532
   21   153   1844.687       3.79070       4.859
   21   154   1895.830       3.80641       7.884
   21   155   1832.523       3.77984       8.330
   21   156   1874.253       3.79586       5.248
   21   157   1802.221       3.79953       4.937
   21   158   1931.395       3.78592       5.163
   21   159   1825.051       3.78947       5.369
   21   160   1853.582       3.80499       3.642
   21   161   1841.434       3.78267       8.997
   21   162   1882.627       3.80055       7.130
   21   163   1828.077       3.78693       7.146
   21   164   1898.343       3.79669       5.844
   21   165   1886.240       3.77943       6.031
   21   166   1889.831       3.80060       5.081
   21   167   1843.268       3.78606       6.459
   21   168   1883.870       3.80158       5.217
   21   169   1830.876       3.78359       6.030
   21   170   1875.733       3.81023       7.759
   21   171   1812.320       3.79085       6.717
   21   172   1897.816       3.80753       4.334
   21   173   1854.745       3.77660       9.293
   21   174   1897.556       3.80183       4.900
   21   175   1813.237       3.80775       4.057
   21   176   1846.015       3.81405       4.163
   21   177   1816.600       3.79129       3.975
   21   178   1902.379       3.80370       3.350
   21   179   1826.671       3.78228       5.954
   21   180   1869.576       3.81034       4.646
   21   181   1838.891       3.78318       7.043
   21   182   1899.611       3.80418       4.541
   21   183   1856.062       3.80030       6.192
   21   184   1913.229       3.80067       6.128
   21   185   1877.298       3.78235       9.461
   21   186   1924.713       3.79222       5.509
   21   187   1861.267       3.79253       6.165
   21   188   1897.674       3.78168       6.662
   21   189   1840.029       3.78534       4.894
   21   190   1914.522       3.79494       5.785
   21   191   1829.581       3.77549       7.293
   21   192   1909.174       3.80262       4.184
   21   193   1821.961       3.78870       8.513
   21   194   1868.935       3.80631       6.074
   21   195   1840.789       3.77932       8.572
   21   196   1886.719       3.81827       5.203
   21   197   1837.031       3.79336       4.369
   21   198   1877.493       3.80099       4.742
   21   199   1859.178       3.78215       7.141
   21   200   1876.395       3.80058       5.784
   21   201   1836.526       3.79679       5.701
   21   202   1877.899       3.79612       5.304
   21   203   1818.284       3.78568       4.630
   21   204   1858.469       3.80192       4.596
   21   205   1844.704       3.78546       8.180
   21   206   1880.872       3.80840       4.433
   21   207   1893.071       3.79248       6.699
   21   208   1889.675       3.80182       5.175
   21   209   1808.922       3.80023       4.321
   21   210   1878.615       3.80806       3.542
   21   211   1848.182       3.79817       4.710
   21   212   1907.639       3.80281       3.774
   21   213   1841.241       3.78236       4.294
   21   214   1881.990       3.78642       6.708
   21   215   1835.967       3.77404       6.542
   21   216   1910.958       3.79358       6.948
   21   217   1817.757       3.78450       6.855
   21   218   1887.896       3.80339       5.183
   21   219   1846.421       3.78102       6.176
   21   220   1935.405       3.80937       5.118
   21   221   1792.101       3.80196       4.767
   21   222   1869.549       3.80620       5.253
   21   223   1842.635       3.78686       5.469
   21   224   1893.415       3.80798       3.367
   21   225   1814.208       3.80032       5.384
   21   226   1907.234       3.79665       4.385
   21   227   1856.847       3.77965       6.360
   21   228   1871.018       3.80501       5.629
   21   229   1839.294       3.78596       8.095
   21   230   1917.071       3.80358       4.937
   21   231   1797.455       3.80273       5.267
   21   232   1855.420       3.80960       5.436
   21   233   1860.108       3.80149       3.848
   21   234   1916.121       3.79657       5.698
   21   235   1832.256       3.77271       6.591
   21   236   1892.060       3.80133       4.451
   21   237   1840.978       3.78720       7.651
   21   238   1923.040       3.79309       5.955
   21   239   1839.042       3.79241       5.393
   21   240   1916.827       3.80527       4.754
   21   241   1866.894       3.78349       6.240
   21   242   1906.545       3.80065       5.276
   21   243   1814.530       3.79331       5.929
   21   244   1882.669       3.80769       6.460
   21   245   1840.678       3.78420       5.760
   21   246   1902.010       3.78602       5.237
   21   247   1851.755       3.78526       8.136
   21   248   1927.041       3.79330       4.672
   21   249   1862.995       3.77512       9.821
   21   250   1907.531       3.79242       5.876
   21   251   1845.299       3.79413       5.466
   21   252   1900.639       3.79183       5.722
   21   253   1831.478       3.78413       5.257
   21   254   1868.883       3.79643       5.726
   21   255   1871.372       3.78610       5.881
   21   256   1897.750       3.80137       3.295
   21   257   1834.133       3.78300       5.094
   21   258   1880.873       3.80440       6.798
   21   259   1862.930       3.78840       6.131
   21   260   1893.065       3.80486       7.083
   21   261   1795.130       3.78753       7.425
   21   262   1877.161       3.79557       5.326
   21   263   1852.409       3.79944       6.866
   21   264   1874.987       3.81127       6.844
   21   265   1839.598       3.79291       4.347
   21   266   1901.011       3.79217       2.956
   21   267   1823.462       3.78322       5.304
   21   268   1889.732       3.78634       7.162
   21   269   1849.567       3.78359       5.967
   21   270   1882.702       3.79258       4.678
   21   271   1811.093       3.79466       9.576
   21   272   1908.613       3.79890       5.227
   21   273   1833.376       3.78490       6.802
   21   274   1910.576       3.80166       4.883
   21   275   1814.979       3.79899       5.119
   21   276   1883.363       3.79411       6.535
   21   277   1846.032       3.79694       4.027
   21   278   1889.073       3.79511       3.584
   21   279   1857.568       3.78452       5.295
   21   280   1880.341       3.78780       5.650
   21   281   1824.378       3.78372       5.295
   21   282   1919.249       3.79350       7.105
   21   283   1847.329       3.79764       7.149
   21   284   1890.999       3.80340       4.294
   21   285   1836.798       3.79127       5.622
   21   286   1860.581       3.81092       4.037
   21   287   1883.583       3.78922       4.478
   21   288   1881.544       3.78906       4.546
   21   289   1806.585       3.79094       7.394
   21   290   1860.288       3.79745       4.232
   21   291   1859.464       3.78831       5.845
   21   292   1905.456       3.82071       4.842
   21   293   1858.780       3.79458       7.310
   21   294   1862.281       3.80276       6.712
   21   295   1837.592       3.79193       5.858
   21   296   1873.949       3.80383       4.877
   21   297   1879.914       3.77925       6.215
   21   298   1907.537       3.79930       3.786
   21   299   1801.853       3.78517       5.722
   21   300   1903.389       3.79437       5.615
   21   301   1862.558       3.78648       6.793
   21   302   1926.439       3.78752       3.676
   21   303   1868.636       3.78687       7.199
   21   304   1850.770       3.80546       7.172
   21   305   1860.862       3.79476       6.737
   21   306   1917.093       3.80342       4.788
   21   307   1849.941       3.78708       6.616
   21   308   1883.571       3.80824       4.585
   21   309   1902.876       3.78083       6.241
   21   310   1897.429       3.79675       7.019
   21   311   1843.001       3.79591       4.230
   21   312   1878.783       3.78593       5.040
   21   313   1813.658       3.79124       7.686
   21   314   1893.513       3.80342       4.898
   21   315   1859.050       3.78958       7.243
   21   316   1927.129       3.79307       4.365
   21   317   1798.392       3.79500       5.181
   21   318   1913.357       3.79854       4.765
   21   319   1862.263       3.78642       6.372
   21   320   1915.132       3.79754       4.491
   21   321   1858.641       3.78014       5.227
   21   322   1910.771       3.78968       4.606
   21   323   1856.220       3.78623       6.053
   21   324   1872.112       3.78927       5.407
   21   325   1840.156       3.79287       3.954
   21   326   1926.062       3.79439       6.168
   21   327   1848.561       3.79407       5.808
   21   328   1936.078       3.79793       3.501
   21   329   1875.910       3.79777       6.169
   21   330   1895.301       3.80108       5.917
   21   331   1819.544       3.80171       4.287
   21   332   1947.258       3.78997       5.267
   21   333   1843.150       3.79443       4.735
   21   334   1902.394       3.78756       5.116
   21   335   1852.727       3.79403       4.078
   21   336   1878.530       3.79825       7.570
   21   337   1859.642       3.79025       6.525
   21   338   1923.709       3.79394       5.935
   21   339   1830.395       3.79283       5.127
   21   340   1883.811       3.79574       7.351
   21   341   1836.919       3.80136       6.967
   21   342   1875.947       3.81062       5.745
   21   343   1865.904       3.79649       6.384
   21   344   1928.452       3.79399       8.221
   21   345   1869.497       3.79431       4.136
   21   346   1903.041       3.80066       3.972
   21   347   1852.936       3.78122       6.303
   21   348   1901.901       3.79001       3.980
   21   349   1844.431       3.78050       5.402
   21   350   1930.796       3.79563       4.704
   21   351   1862.303       3.78959       6.960
   21   352   1879.140       3.80237       7.632
   21   353   1810.493       3.78900       9.016
   21   354   1925.123       3.79797       5.995
   21   355   1817.282       3.79886       5.646
   21   356   1884.153       3.81058       4.365
   21   357   1853.835       3.79205       5.632
   21   358   1888.943       3.80567       4.743
   21   359   1808.638       3.80183       5.403
   21   360   1902.123       3.79754       7.649
   21   361   1825.204       3.81032       5.841
   21   362   1878.246       3.80980       4.999
   21   363   1831.049       3.80123       5.068
   21   364   1885.581       3.81073       3.410
   21   365   1848.524       3.79578       4.748
   21   366   1876.970       3.81190       5.040
   21   367   1819.079       3.79477       4.176
   21   368   1898.691       3.79743       3.889
   21   369   1862.473       3.78447       6.574
   21   370   1894.369       3.79569       5.130
   21   371   1867.538       3.78575       5.586
   21   372   1866.953       3.80420       6.075
   21   373   1862.217       3.78452       6.237
   21   374   1887.863       3.79294       6.949
   21   375   1844.925       3.78929       5.170
   21   376   1916.047       3.79471       5.394
   21   377   1820.548       3.80537       4.469
   21   378   1879.016       3.80349       5.527
   21   379   1853.430       3.79411       5.511
   21   380   1909.267       3.80242       3.695
   21   381   1848.565       3.79724       6.353
   21   382   1891.644       3.80211       3.494
   21   383   1830.391       3.79067       6.815
   21   384   1893.862       3.79476       6.085
   21   385   1867.637       3.79593       3.260
   21   386   1873.898       3.78909       5.496
   21   387   1839.917       3.78017       7.037
   21   388   1897.301       3.80100       4.727
   21   389   1830.530       3.78684       6.462
   21   390   1918.623       3.78370       5.303
   21   391   1836.260       3.79585       4.087
   21   392   1889.977       3.79975       3.563
   21   393   1813.899       3.78324       7.106
   21   394   1876.868       3.81300       6.896
   21   395   1818.327       3.79959       6.731
   21   396   1838.912       3.81759       6.297
   21   397   1876.340       3.78844       7.370
   21   398   1921.143       3.79071       5.675
   21   399   1883.438       3.78381       5.862
   21   400   1906.907       3.79116       5.961
   21   401   1854.486       3.78990       6.963
   21   402   1877.743       3.79639       3.220
   21   403   1842.074       3.78244       4.523
   21   404   1899.343       3.79759       6.301
   21   405   1843.941       3.78984       6.074
   21   406   1937.486       3.79524       4.296
   21   407   1856.622       3.80795       3.637
   21   408   1900.090       3.80502       5.425
   21   409   1831.092       3.79421       6.046
   21   410   1890.353       3.80763       3.520
   21   411   1814.935       3.80213       3.721
   21   412   1927.506       3.79469       4.920
   21   413   1843.745       3.79051       3.509
   21   414   1880.550       3.80669       2.868
   21   415   1851.558       3.78412       4.956
   21   416   1879.543       3.80333       4.077
   21   417   1822.283       3.78850       7.467
   21   418   1878.339       3.80108       3.745
   21   419   1868.628       3.78586       6.259
   21   420   1925.067       3.80069       8.673
   21   421   1838.970       3.79328       7.943
   21   422   1886.131       3.81412       6.295
   21   423   1842.100       3.79657       8.216
   21   424   1867.688       3.80687       4.247
   21   425   1841.714       3.79108       5.296
   21   426   1943.749       3.79019       5.369
   21   427   1845.989       3.79186       6.161
   21   428   1907.580       3.80321       5.097
   21   429   1833.096       3.80778       6.075
   21   430   1865.670       3.79621       6.632
   21   431   1839.534       3.78712       5.784
   21   432   1891.869       3.80247       6.459
   21   433   1856.635       3.79385       5.634
   21   434   1878.150       3.78991       5.969
   21   435   1828.781       3.77746       7.455
   21   436   1934.703       3.78851       6.331
   21   437   1817.081       3.78676       9.096
   21   438   1885.778       3.79424       7.151
   21   439   1832.440       3.78634       7.257
   21   440   1888.303       3.78527       8.458
   21   441   1803.360       3.77900       7.416
   21   442   1856.196       3.81566       6.740
   21   443   1857.104       3.78547       5.696
   21   444   1911.918       3.80239       5.301
   21   445   1859.261       3.80114       6.723
   21   446   1890.075       3.81231       5.623
   21   447   1864.951       3.79595       3.706
   21   448   1880.085       3.79219       6.454
   21   449   1828.560       3.79208       4.560
   21   450   1869.264       3.79722       4.878
   21   451   1837.347       3.78768       5.745
   21   452   1887.736       3.79549       6.639
   21   453   1894.809       3.78058       7.081
   21   454   1932.101       3.80159       5.276
   21   455   1858.716       3.79018       7.408
   21   456   1877.274       3.80887       5.549
   21   457   1838.686       3.78710       7.304
   21   458   1865.682       3.80248       6.993
   21   459   1830.999       3.79486       6.700
   21   460   1879.592       3.80460       7.881
   21   461   1875.321       3.79141       7.136
   21   462   1889.538       3.79684       5.294
   21   463   1826.638       3.79994       6.251
   21   464   1891.825       3.80866       5.377
   21   465   1820.742       3.80585       4.312
   21   466   1894.317       3.80513       3.712
   21   467   1830.652       3.80037       6.954
   21   468   1897.088       3.79655       5.292
   21   469   1841.838       3.78643       4.634
   21   470   1895.007       3.79808       7.291
   21   471   1858.672       3.78424       6.684
   21   472   1898.472       3.79588       4.499
   21   473   1860.141       3.77653       7.312
   21   474   1899.999       3.79521       4.738
   21   475   1849.799       3.78686       5.576
   21   476   1906.569       3.78360       5.445
   21   477   1845.250       3.78559       8.357
   21   478   1861.411       3.79998       8.392
   21   479   1828.764       3.79424       8.595
   21   480   1939.259       3.79975       6.072
   21   481   1866.835       3.79268       6.533
   21   482   1918.702       3.79503       5.188
   21   483   1846.788       3.78967       6.638
   21   484   1879.957       3.80455       5.520
   21   485   1876.790       3.77540       7.361
   21   486   1923.533       3.79851       6.555
   21   487   1854.172       3.79579       6.661
   21   488   1838.688       3.80585       8.411
   21   489   1869.979       3.78444       7.012
   21   490   1901.649       3.78847       3.796
   21   491   1836.533       3.78628       3.936
   21   492   1865.276       3.79959       6.122
   21   493   1830.745       3.78254       6.020
   21   494   1915.267       3.79721       6.111
   21   495   1790.820       3.79524       7.333
   21   496   1883.773       3.80736       5.033
   21   497   1856.581       3.78169       7.146
   21   498   1806.646       3.75504       4.545
   21   499   1761.577       3.74470       7.231
   21   500   1840.010       3.78734       5.633
   21   501   1777.679       3.77783       7.136
   21   502   1807.603       3.78920       9.276
   21   503   1766.999       3.79474       9.491
   21   504   1952.298       3.82290       2.837
   21   505   1866.232       3.78790       7.720
   21   506   1889.712       3.80382       6.025
   21   507   1845.857       3.79365       5.231
   21   508   1882.442       3.81030       3.464
   21   509   1820.955       3.80448       4.414
   21   510   1901.653       3.80039       5.096
   21   511   1761.465       3.79553       5.742
   21   512   1815.101       3.78274       5.628
   21   513   1844.553       3.79470       4.577
   21   514   1788.080       3.78355       7.152
   21   515   1811.552       3.78104       6.277
   21   516   1845.081       3.77932       6.585
   21   517   1815.693       3.76836       9.162
   21   518   1809.200       3.78996       8.085
   21   519   1851.256       3.79007       5.430
   21   520   1796.112       3.80608       5.988
   21   521   1814.724       3.78829       6.530
   21   522   1807.672       3.81431       4.133
   21   523   1767.067       3.79865       5.971
   21   524   1842.333       3.80377       4.349
   21   525   1847.094       3.78513       7.121
   21   526   1831.031       3.80077       4.018
   21   527   1814.770       3.78301       6.156
   21   528   1813.302       3.78650       5.343
   21   529   1879.309       3.77148       6.681
   21   530   1845.475       3.77946       5.913
   21   531   1861.582       3.76198       9.812
   21   532   1838.026       3.79158       4.074
   21   533   1847.206       3.77912       7.197
   21   534   1817.937       3.80655       5.211
   21   535   1861.756       3.78204       5.498
   21   536   1857.413       3.79085       6.350
   21   537   1829.561       3.78983       5.001
   21   538   1820.478       3.79722       3.897
   21   539   1818.297       3.79386       3.745
   21   540   1837.491       3.78718       4.648
   21   541   1815.497       3.78872       5.970
   21   542   1843.670       3.78746       6.535
   21   543   1819.612       3.78229       5.769
   21   544   1815.918       3.78549       5.776
   21   545   1828.675       3.79007       4.348
   21   546   1823.334       3.79945       6.006
   21   547   1827.479       3.77882       4.484
   21   548   1866.700       3.77589       4.968
   21   549   1820.255       3.77796       6.464
   21   550   1862.822       3.79779       5.562
   21   551   1849.208       3.78614       6.651
   21   552   1850.564       3.79776       4.006
   21   553   1810.599       3.78674       7.344
   21   554   1826.671       3.80672       4.808
   21   555   1853.936       3.77848       5.820
   21   556   1831.943       3.80541       3.146
   21   557   1865.759       3.78561       5.481
   21   558   1835.473       3.78700       4.933
   21   559   1835.880       3.78224       5.333
   21   560   1810.621       3.78694       4.596
   21   561   1826.915       3.77868       5.784
   21   562   1876.529       3.78687       5.759
   21   563   1830.268       3.78613       5.348
   21   564   1823.623       3.79567       3.701
   21   565   1870.094       3.77500       6.807
   21   566   1830.255       3.78725       6.534
   21   567   1864.941       3.78852       4.998
   21   568   1836.556       3.78404       7.354
   21   569   1825.284       3.77465       6.004
   21   570   1817.761       3.78834       8.674
   21   571   1798.276       3.79363       4.306
   21   572   1847.516       3.78134       5.621
   21   573   1830.171       3.77890       5.284
   21   574   1845.904       3.79441       9.031
   21   575   1858.565       3.79638       4.476
   21   576   1884.854       3.79083       5.451
   21   577   1837.108       3.80239       3.343
   21   578   1813.424       3.79994       3.669
   21   579   1818.357       3.78195       5.817
   21   580   1868.321       3.77425       5.591
   21   581   1830.682       3.77745       4.608
   21   582   1846.762       3.78059       7.177
   21   583   1799.849       3.77655       6.631
   21   584   1842.447       3.77759       5.899
   21   585   1847.070       3.77400       8.544
   21   586   1791.744       3.80162       5.545
   21   587   1833.435       3.77538       5.723
   21   588   1808.489       3.78257       7.422
   21   589   1805.876       3.77791       8.902
   21   590   1843.238       3.78868       6.958
   21   591   1836.283       3.79552       4.929
   21   592   1851.281       3.79378       3.807
   21   593   1867.545       3.76728       6.330
   21   594   1833.297       3.78666       5.306
   21   595   1799.888       3.78391       3.015
   21   596   1857.900       3.78022       4.816
   21   597   1876.684       3.76025       6.856
   21   598   1856.857       3.78529       7.040
   21   599   1800.366       3.79211       4.784
   21   600   1817.734       3.80791       4.242
   21   601   1824.204       3.78800       6.804
   21   602   1871.802       3.78316       8.731
   21   603   1854.254       3.79578       3.549
   21   604   1826.675       3.79596       3.246
   21   605   1795.870       3.79264       4.071
   21   606   1879.506       3.79189       7.815
   21   607   1827.938       3.77858       6.568
   21   608   1807.579       3.79351       4.630
   21   609   1787.249       3.78538       6.127
   21   610   1827.673       3.78877       6.771
   21   611   1805.030       3.77114       6.789
   21   612   1869.015       3.77795       3.672
   21   613   1834.024       3.77362       3.977
   21   614   1802.832       3.79369       4.486
   21   615   1812.944       3.76958       6.480
   21   616   1827.394       3.78570       8.674
   21   617   1806.786       3.78375       6.965
   21   618   1876.009       3.78199       7.198
   21   619   1796.905       3.78015       8.361
   21   620   1852.651       3.79070       7.163
   21   621   1833.352       3.79296       4.002
   21   622   1818.292       3.78809       6.355
   21   623   1845.070       3.78867       3.758
   21   624   1798.864       3.78957       4.883
   21   625   1824.809       3.78014       3.987
   21   626   1843.485       3.78734       5.407
   21   627   1878.533       3.77058       7.893
   21   628   1824.570       3.78853       4.906
   21   629   1821.903       3.77465       6.858
   21   630   1826.971       3.79579       3.704
   21   631   1826.338       3.78400       5.858
   21   632   1875.653       3.78077       5.754
   21   633   1846.456       3.78580       5.540
   21   634   1835.767       3.79559       5.097
   21   635   1838.163       3.78678       5.117
   21   636   1804.695       3.79748       5.187
   21   637   1807.382       3.79457       5.251
   21   638   1804.023       3.79216       7.171
   21   639   1837.354       3.78588       3.247
   21   640   1827.817       3.79683       2.455
   21   641   1801.667       3.78419       4.308
   21   642   1805.625       3.79372       7.737
   21   643   1836.501       3.77649       6.141
   21   644   1850.570       3.78730       4.345
   21   645   1868.829       3.76361       8.793
   21   646   1833.020       3.80136       6.401
   21   647   1871.694       3.77412       7.106
   21   648   1842.164       3.79331       4.546
   21   649   1830.587       3.79393       4.466
   21   650   1855.478       3.79437       4.571
   21   651   1817.371       3.78118       7.968
   21   652   1803.166       3.80285       4.094
   21   653   1812.180       3.78735       5.224
   21   654   1848.975       3.78753       5.915
   21   655   1820.741       3.79025       5.836
   21   656   1845.303       3.78719       5.309
   21   657   1827.327       3.77805       5.991
   21   658   1814.792       3.79512       4.620
   21   659   1837.175       3.78717       4.397
   21   660   1832.083       3.78195       4.590
   21   661   1824.051       3.77841       5.879
   21   662   1841.640       3.78836       5.557
   21   663   1823.951       3.78450       6.422
   21   664   1826.095       3.79995       5.105
   21   665   1824.834       3.79117       5.539
   21   666   1833.190       3.79220       6.439
   21   667   1862.088       3.79158       5.469
   21   668   1861.614       3.79734       4.690
   21   669   1846.255       3.77969       6.066
   21   670   1845.173       3.78599       3.899
   21   671   1863.423       3.77363       5.301
   21   672   1835.454       3.78604       4.946
   21   673   1812.207       3.77490       7.130
   21   674   1839.761       3.80254       3.565
   21   675   1862.057       3.78581       4.999
   21   676   1849.617       3.78987       7.272
   21   677   1841.567       3.78826       4.639
   21   678   1833.652       3.80251       5.320
   21   679   1811.197       3.78197       4.903
   21   680   1853.055       3.78263       4.607
   21   681   1848.259       3.78023       3.319
   21   682   1831.888       3.77629       5.449
   21   683   1803.056       3.77217       7.196
   21   684   1803.936       3.79481       3.280
   21   685   1864.684       3.79020       4.057
   21   686   1858.301       3.79092       5.591
   21   687   1841.901       3.77183       3.737
   21   688   1855.813       3.78964       6.333
   21   689   1862.676       3.78306       5.171
   21   690   1836.743       3.79397       4.765
   21   691   1825.772       3.78291       5.107
   21   692   1817.173       3.79174       5.010
   21   693   1846.916       3.78644       4.253
   21   694   1846.716       3.78920       6.760
   21   695   1840.338       3.77638       6.442
   21   696   1867.218       3.78885       4.137
   21   697   1836.271       3.77596       6.613
   21   698   1814.156       3.80511       5.783
   21   699   1834.230       3.78090       6.926
   21   700   1862.751       3.78088       6.792
   21   701   1827.125       3.78072       4.098
   21   702   1825.540       3.78426       5.480
   21   703   1844.081       3.77852       5.267
   21   704   1850.037       3.78505       6.080
   21   705   1795.463       3.78271       6.291
   21   706   1800.157       3.79080       6.341
   21   707   1822.350       3.77986       7.753
   21   708   1834.861       3.78004       7.366
   21   709   1825.315       3.78039       4.565
   21   710   1833.228       3.79426       4.441
   21   711   1832.731       3.77149       6.569
   21   712   1856.391       3.78286       3.849
   21   713   1833.833       3.77392       6.101
   21   714   1843.489       3.79683       2.977
   21   715   1834.355       3.77962       5.660
   21   716   1868.009       3.77385       7.834
   21   717   1838.682       3.78667       5.158
   21   718   1845.583       3.78618       5.590
   21   719   1874.264       3.78881       5.077
   21   720   1825.235       3.80570       3.111
   21   721   1832.571       3.79097       4.147
   21   722   1801.921       3.79013       5.438
   21   723   1832.610       3.78886       5.403
   21   724   1833.637       3.78208       4.418
   21   725   1862.145       3.78282       4.478
   21   726   1851.715       3.77657       6.015
   21   727   1823.472       3.78099       5.292
   21   728   1822.889       3.78873       3.913
   21   729   1822.955       3.77627       6.991
   21   730   1823.260       3.77931       7.871
   21   731   1838.341       3.78641       5.847
   21   732   1831.406       3.79464       3.964
   21   733   1797.608       3.78141       7.485
   21   734   1802.511       3.79299       6.138
   21   735   1837.740       3.78788       6.440
   21   736   1850.265       3.80230       3.413
   21   737   1854.903       3.79410       4.291
   21   738   1849.500       3.79013       6.443
   21   739   1801.319       3.78965       5.267
   21   740   1848.998       3.78689       4.915
   21   741   1842.459       3.78513       2.803
   21   742   1841.802       3.78830       4.254
   21   743   1808.592       3.77941       2.910
   21   744   1852.350       3.78429       5.082
   21   745   1854.444       3.77585       7.688
   21   746   1832.876       3.77695       7.386
   21   747   1842.560       3.78477       4.693
   21   748   1820.812       3.78805       5.053
   21   749   1863.078       3.76729       7.893
   21   750   1850.240       3.78850       6.481
   21   751   1787.460       3.78814       6.512
   21   752   1887.212       3.78994       4.678
   21   753   1868.772       3.79132       4.533
   21   754   1819.897       3.78911       8.522
   21   755   1853.603       3.77259       5.567
   21   756   1823.487       3.79606       6.520
   21   757   1823.216       3.78153       3.932
   21   758   1816.364       3.79344       7.054
   21   759   1858.605       3.77689       5.794
   21   760   1872.529       3.78891       5.891
   21   761   1827.328       3.78532       4.467
   21   762   1824.100       3.79183       5.668
   21   763   1822.330       3.79198       4.027
   21   764   1825.242       3.79939       6.249
   21   765   1804.840       3.78890       4.288
   21   766   1838.933       3.78489       4.458
   21   767   1832.566       3.77306       6.108
   21   768   1795.703       3.79767       3.249
   21   769   1822.759       3.78309       3.023
   21   770   1798.742       3.78485       3.438
   21   771   1843.114       3.76201      11.277
   21   772   1831.143       3.78898       5.569
   21   773   1813.665       3.77551       5.772
   21   774   1833.969       3.78994       6.161
   21   775   1838.011       3.78448       4.534
   21   776   1817.905       3.78995       5.711
   21   777   1823.722       3.77764       6.129
   21   778   1855.362       3.79285       6.653
   21   779   1828.020       3.78305       3.982
   21   780   1839.454       3.78663       6.321
   21   781   1850.528       3.77711       8.123
   21   782   1816.019       3.80229       4.733
   21   783   1825.768       3.78836       4.158
   21   784   1826.959       3.78280       5.888
   21   785   1780.842       3.79434       3.545
   21   786   1847.768       3.78674       5.575
   21   787   1877.611       3.76873       5.744
   21   788   1794.799       3.79279       4.472
   21   789   1837.343       3.77786       5.120
   21   790   1831.532       3.77918       7.166
   21   791   1828.211       3.77637       5.904
   21   792   1815.949       3.78950       4.542
   21   793   1888.254       3.76162       7.906
   21   794   1792.123       3.79952       6.226
   21   795   1842.551       3.78651       7.683
   21   796   1870.944       3.78933       5.619
   21   797   1816.603       3.78040       7.249
   21   798   1837.202       3.79106       5.004
   21   799   1811.802       3.78525       7.409
   21   800   1833.800       3.79674       4.521
   21   801   1812.297       3.79518       5.912
   21   802   1851.849       3.81081       3.829
   21   803   1832.295       3.79711       4.055
   21   804   1872.494       3.77738       5.984
   21   805   1817.562       3.78782       3.096
   21   806   1803.024       3.79227       4.721
   21   807   1814.053       3.78543       3.667
   21   808   1841.124       3.77692       5.448
   21   809   1861.857       3.77841       5.928
   21   810   1826.874       3.79383       5.447
   21   811   1837.439       3.77941       7.435
   21   812   1798.466       3.78426       5.923
   21   813   1864.895       3.77167       5.438
   21   814   1791.842       3.78464       6.066
   21   815   1849.670       3.77824       6.772
   21   816   1875.220       3.78382       5.066
   21   817   1817.420       3.78120       4.483
   21   818   1837.182       3.78750       4.547
   21   819   1814.424       3.78449       5.869
   21   820   1883.146       3.77104       7.522
   21   821   1833.591       3.78053       7.282
   21   822   1849.746       3.78601       6.130
   21   823   1857.390       3.78886       5.855
   21   824   1878.451       3.78111       7.621
   21   825   1811.947       3.79139       4.639
   21   826   1848.995       3.78339       8.032
   21   827   1800.390       3.78924       4.618
   21   828   1838.102       3.77994       4.296
   21   829   1818.073       3.78513       5.193
   21   830   1834.880       3.78719       5.696
   21   831   1852.857       3.78230       4.243
   21   832   1831.843       3.79496       4.974
   21   833   1854.589       3.77860       5.856
   21   834   1777.608       3.79856       5.672
   21   835   1840.223       3.78911       4.107
   21   836   1856.735       3.77969       6.139
   21   837   1817.260       3.78291       5.921
   21   838   1840.286       3.78901       6.682
   21   839   1844.392       3.78719       3.505
   21   840   1783.629       3.78571       4.863
   21   841   1831.441       3.76539       6.359
   21   842   1829.510       3.77965       4.657
   21   843   1823.869       3.77783       6.705
   21   844   1856.536       3.77521       7.099
   21   845   1868.598       3.77724       4.480
   21   846   1874.461       3.78842       5.853
   21   847   1847.592       3.78166       5.617
   21   848   1805.193       3.78981       5.434
   21   849   1815.662       3.77940       6.218
   21   850   1854.105       3.78730       5.077
   21   851   1841.974       3.78009       5.500
   21   852   1810.362       3.78607       5.069
   21   853   1828.514       3.77936       5.810
   21   854   1858.060       3.79614       4.931
   21   855   1813.894       3.77833       6.499
   21   856   1825.394       3.77989       7.099
   21   857   1841.383       3.78931       3.072
   21   858   1797.797       3.79328       7.398
   21   859   1818.680       3.77749       4.880
   21   860   1774.198       3.79338       5.917
   21   861   1783.443       3.79212       4.711
   21   862   1873.822       3.78251       6.447
   21   863   1830.291       3.77760       6.083
   21   864   1839.802       3.78372       4.254
   21   865   1850.016       3.77394       5.104
   21   866   1800.016       3.79206       5.791
   21   867   1860.795       3.78089       5.361
   21   868   1833.865       3.79048       5.124
   21   869   1855.167       3.78674       5.961
   21   870   1820.983       3.79731       6.329
   21   871   1807.127       3.79426       4.300
   21   872   1840.589       3.79173       4.162
   21   873   1842.101       3.78082       4.944
   21   874   1835.605       3.79445       3.673
   21   875   1832.520       3.78598       4.490
   21   876   1795.189       3.79032       4.709
   21   877   1811.601       3.78023       8.456
   21   878   1822.541       3.79682       6.368
   21   879   1856.288       3.77296       7.044
   21   880   1843.535       3.78749       2.879
   21   881   1842.704       3.77582       3.961
   21   882   1833.916       3.78382       5.619
   21   883   1865.136       3.76793       7.810
   21   884   1840.413       3.78668       6.593
   21   885   1836.989       3.77789       6.185
   21   886   1827.443       3.79151       4.852
   21   887   1856.999       3.78235       4.934
   21   888   1832.128       3.78793       4.555
   21   889   1823.668       3.78933       5.056
   21   890   1844.142       3.79468       4.931
   21   891   1821.380       3.78640       5.830
   21   892   1817.233       3.78600       5.522
   21   893   1846.462       3.77261       5.781
   21   894   1804.224       3.78909       4.299
   21   895   1840.408       3.76585       6.313
   21   896   1809.411       3.78964       5.112
   21   897   1807.904       3.78967       5.652
   21   898   1852.622       3.79611       9.028
   21   899   1832.782       3.78918       6.783
   21   900   1899.714       3.79633       4.360
   21   901   1824.185       3.78172       6.818
   21   902   1845.989       3.79691       3.220
   21   903   1799.824       3.78967       3.849
   21   904   1804.972       3.78774       3.732
   21   905   1818.561       3.78298       5.902
   21   906   1855.300       3.78424       6.004
   21   907   1807.704       3.78030       5.130
   21   908   1856.614       3.77014       6.399
   21   909   1820.678       3.76671       8.345
   21   910   1823.620       3.77408       6.855
   21   911   1839.260       3.76328       6.416
   21   912   1852.045       3.77272       7.562
   21   913   1859.348       3.77726       5.521
   21   914   1808.651       3.78786       7.362
   21   915   1812.570       3.78488       7.241
   21   916   1841.869       3.79612       5.051
   21   917   1788.369       3.80126       5.867
   21   918   1835.613       3.79782       4.654
   21   919   1812.012       3.79249       6.730
   21   920   1828.440       3.78188       5.824
   21   921   1850.005       3.78255       4.882
   21   922   1831.960       3.78502       5.189
   21   923   1833.896       3.77284       6.165
   21   924   1830.730       3.76943       6.012
   21   925   1831.959       3.77070       4.770
   21   926   1814.819       3.78491       4.941
   21   927   1860.865       3.77669       7.620
   21   928   1839.463       3.78852       2.972
   21   929   1831.791       3.77560       7.278
   21   930   1849.449       3.79202       6.496
   21   931   1845.170       3.77674       6.418
   21   932   1812.074       3.79106       3.184
   21   933   1824.149       3.77746       6.174
   21   934   1872.813       3.78607       4.939
   21   935   1824.541       3.78106       7.132
   21   936   1819.070       3.79414       4.322
   21   937   1810.997       3.79712       4.859
   21   938   1841.654       3.78318       5.273
   21   939   1838.291       3.78486       6.186
   21   940   1872.827       3.78242       4.251
   21   941   1848.899       3.77898       6.294
   21   942   1824.558       3.79917       4.147
   21   943   1856.353       3.78157       5.848
   21   944   1849.337       3.77962       6.895
   21   945   1851.654       3.77806       5.413
   21   946   1860.327       3.78307       7.209
   21   947   1842.051       3.78153       5.466
   21   948   1830.761       3.80007       3.420
   21   949   1831.652       3.77901       5.352
   21   950   1836.780       3.78894       5.224
   21   951   1798.083       3.78189       6.250
   21   952   1811.738       3.79221       6.399
   21   953   1865.601       3.76879       7.358
   21   954   1830.331       3.78978       6.291
   21   955   1824.447       3.77663       6.681
   21   956   1843.966       3.79598       5.411
   21   957   1880.102       3.77459       7.436
   21   958   1831.200       3.79017       5.512
   21   959   1785.534       3.77510       5.283
   21   960   1825.345       3.78467       4.500
   21   961   1824.308       3.77753       6.174
   21   962   1825.662       3.78710       5.622
   21   963   1812.708       3.78337       6.753
   21   964   1819.833       3.78558       5.601
   21   965   1831.676       3.77302       5.418
   21   966   1860.441       3.77102       8.085
   21   967   1810.441       3.77925       6.366
   21   968   1850.545       3.79135       7.731
   21   969   1832.884       3.77899       8.139
   21   970   1842.401       3.78323       6.285
   21   971   1805.080       3.77656       9.406
   21   972   1856.390       3.78600       4.162
   21   973   1787.348       3.78616       4.417
   21   974   1816.440       3.78919       5.766
   21   975   1838.614       3.77321       5.101
   21   976   1834.684       3.77982       6.033
   21   977   1855.545       3.77404       6.390
   21   978   1836.108       3.79056       4.043
   21   979   1868.705       3.77236       6.462
   21   980   1811.141       3.80877       3.511
   21   981   1880.780       3.77283       6.821
   21   982   1772.026       3.81066       3.239
   21   983   1782.166       3.78876       4.563
   21   984   1862.463       3.79052       8.110
   21   985   1849.397       3.78077       5.346
   21   986   1852.026       3.79556       6.548
   21   987   1849.518       3.77083       7.012
   21   988   1812.659       3.78545       4.359
   21   989   1831.897       3.76807       4.627
   21   990   1799.670       3.78759       4.551
   21   991   1797.391       3.78545       4.592
   21   992   1876.588       3.77812       7.515
   21   993   1822.956       3.78438       5.546
   21   994   1849.137       3.78272       7.083
   21   995   1799.744       3.78785       7.023
   21   996   1852.593       3.79507       6.039
   21   997   1809.350       3.79037       7.679
   21   998   1870.528       3.79779       4.559
   21   999   1819.969       3.78433       6.583
   21  1000   1830.692       3.79033       5.323
   21  1001   1839.377       3.78189       6.955
   21  1002   1853.276       3.78854       6.458
   21  1003   1820.013       3.78619       3.434
   21  1004   1819.713       3.78260       8.154
   21  1005   1841.996       3.78197       5.137
   21  1006   1842.266       3.78792       4.577
   21  1007   1855.532       3.78023       5.011
   21  1008   1859.198       3.80438       5.187
   21  1009   1785.764       3.80086       2.898
   21  1010   1842.033       3.77268       4.532
   21  1011   1822.776       3.76618       4.482
   21  1012   1831.343       3.78050       3.015
   21  1013   1799.569       3.77658       2.519
   21  1014   1809.826       3.77158       5.606
   21  1015   1805.473       3.78391       4.731
   21  1016   1821.841       3.79392       3.665
   21  1017   1802.515       3.75821       4.965
   21  1018   1759.764       3.80388       4.231
   21  1019   1843.462       3.79898       3.546
   21  1020   1836.435       3.80509       6.566
   21  1021   1776.286       3.79948       6.198
   21  1022   1781.519       3.80758       4.398
   21  1023   1808.235       3.81826       3.817
