   24     0   1918.723       3.80988       2.814
   24     1   1867.420       3.81421       3.123
   24     2   1924.121       3.80976       2.976
   24     3   1885.303       3.79865       4.494
   24     4   1930.206       3.80120       2.868
   24     5   1852.321       3.81526       3.811
   24     6   1921.763       3.79714       5.396
   24     7   1844.738       3.81721       3.303
   24     8   1857.056       3.82327       2.842
   24     9   1841.982       3.82104       4.006
   24    10   1919.920       3.80913       3.784
   24    11   1853.239       3.80851       3.608
   24    12   1905.119       3.80444       2.962
   24    13   1899.569       3.79862       3.244
   24    14   1899.833       3.80878       3.960
   24    15   1883.514       3.81300       3.515
   24    16   1903.392       3.80532       2.906
   24    17   1860.332       3.81421       2.869
   24    18   1899.108       3.80215       3.575
   24    19   1872.592       3.80660       3.589
   24    20   1914.466       3.80306       3.498
   24    21   1868.169       3.80604       3.869
   24    22   1913.695       3.80405       4.686
   24    23   1879.971       3.80496       3.305
   24    24   1923.043       3.80639       4.873
   24    25   1805.981       3.81604       3.113
   24    26   1904.664       3.81384       3.295
   24    27   1885.547       3.80299       3.641
   24    28   1929.601       3.80630       4.363
   24    29   1815.454       3.81127       5.711
   24    30   1872.052       3.81310       3.197
   24    31   1816.342       3.81629       4.030
   24    32   1934.285       3.81274       2.064
   24    33   1906.449       3.80685       3.055
   24    34   1921.589       3.81213       2.185
   24    35   1864.038       3.81204       4.062
   24    36   1929.728       3.81004       2.037
   24    37   1903.466       3.79709       2.588
   24    38   1930.755       3.80852       2.576
   24    39   1879.353       3.81557       2.109
   24    40   1931.257       3.81012       3.848
   24    41   1888.375       3.81085       3.572
   24    42   1884.452       3.80513       2.931
   24    43   1872.295       3.80712       2.284
   24    44   1876.265       3.81773       2.901
   24    45   1877.568       3.80538       2.883
   24    46   1903.994       3.81281       2.566
   24    47   1871.884       3.82110       2.504
   24    48   1875.060       3.81882       3.041
   24    49   1892.325       3.80569       3.224
   24    50   1886.440       3.81946       3.137
   24    51   1839.352       3.81672       3.404
   24    52   1918.876       3.81243       4.587
   24    53   1856.751       3.82205       2.926
   24    54   1924.687       3.80469       3.793
   24    55   1832.493       3.82126       4.591
   24    56   1955.230       3.81710       2.807
   24    57   1830.415       3.81390       2.236
   24    58   1900.310       3.81173       1.961
   24    59   1877.857       3.80975       1.962
   24    60   1892.762       3.79446       2.858
   24    61   1889.097       3.79460       3.039
   24    62   1912.911       3.79886       2.551
   24    63   1914.530       3.78889       4.219
   24    64   1879.281       3.80351       4.449
   24    65   1897.996       3.80667       4.019
   24    66   1890.898       3.80372       4.415
   24    67   1858.613       3.80398       5.004
   24    68   1952.901       3.80466       4.406
   24    69   1858.636       3.81643       3.260
   24    70   1913.516       3.81129       3.028
   24    71   1897.188       3.80346       2.111
   24    72   1926.189       3.80810       3.010
   24    73   1843.190       3.81158       2.575
   24    74   1912.547       3.81041       2.403
   24    75   1817.797       3.80626       3.367
   24    76   1931.780       3.80066       1.867
   24    77   1821.360       3.82154       3.299
   24    78   1902.076       3.81455       2.474
   24    79   1848.615       3.79887       4.471
   24    80   1887.831       3.82133       3.967
   24    81   1843.959       3.81154       4.007
   24    82   1907.819       3.81158       3.289
   24    83   1835.220       3.81288       4.520
   24    84   1896.371       3.80138       4.486
   24    85   1868.518       3.80937       2.219
   24    86   1871.641       3.80233       4.767
   24    87   1882.336       3.80038       4.554
   24    88   1932.914       3.80616       2.747
   24    89   1864.085       3.81125       2.468
   24    90   1881.768       3.81734       4.215
   24    91   1894.120       3.81582       2.825
   24    92   1912.894       3.80812       3.071
   24    93   1888.922       3.80995       2.725
   24    94   1911.702       3.81359       3.599
   24    95   1838.231       3.81342       4.289
   24    96   1883.940       3.81776       3.558
   24    97   1847.567       3.80825       3.959
   24    98   1896.036       3.80188       3.162
   24    99   1842.477       3.80731       3.135
   24   100   1914.393       3.79105       3.427
   24   101   1845.724       3.80497       3.271
   24   102   1912.223       3.80664       3.289
   24   103   1861.021       3.81866       3.222
   24   104   1894.803       3.80576       3.991
   24   105   1836.628       3.81540       4.097
   24   106   1905.223       3.80516       3.221
   24   107   1892.061       3.80348       2.717
   24   108   1864.964       3.81055       2.560
   24   109   1869.537       3.80658       3.359
   24   110   1921.594       3.80385       2.413
   24   111   1855.541       3.81024       3.418
   24   112   1910.546       3.81696       2.837
   24   113   1837.479       3.81613       3.899
   24   114   1903.178       3.81359       2.455
   24   115   1826.302       3.80956       2.216
   24   116   1897.510       3.81128       3.052
   24   117   1850.519       3.80579       1.791
   24   118   1887.260       3.79625       3.586
   24   119   1858.716       3.80207       4.268
   24   120   1917.808       3.80622       2.962
   24   121   1806.649       3.80902       3.993
   24   122   1914.948       3.81846       2.750
   24   123   1858.203       3.80613       3.709
   24   124   1922.502       3.80330       3.735
   24   125   1910.831       3.80477       4.164
   24   126   1880.461       3.81369       2.619
   24   127   1848.155       3.81660       2.090
   24   128   1911.727       3.80331       3.178
   24   129   1884.578       3.79236       3.531
   24   130   1923.303       3.79526       2.317
   24   131   1870.192       3.80368       2.600
   24   132   1915.357       3.78907       4.199
   24   133   1838.613       3.81514       3.933
   24   134   1902.518       3.81076       4.274
   24   135   1861.250       3.80688       4.587
   24   136   1903.585       3.81629       3.190
   24   137   1878.119       3.80846       3.907
   24   138   1887.881       3.80668       3.379
   24   139   1865.010       3.80340       3.184
   24   140   1900.438       3.79728       3.576
   24   141   1850.999       3.80866       3.710
   24   142   1887.567       3.81113       3.482
   24   143   1845.314       3.80772       2.612
   24   144   1881.039       3.80616       2.882
   24   145   1885.012       3.79726       3.321
   24   146   1909.077       3.80245       3.197
   24   147   1839.928       3.80919       4.211
   24   148   1919.415       3.80701       3.585
   24   149   1882.777       3.80013       2.899
   24   150   1897.763       3.82062       2.602
   24   151   1861.375       3.81020       3.024
   24   152   1893.577       3.81621       3.064
   24   153   1846.633       3.80986       2.424
   24   154   1913.341       3.81687       2.761
   24   155   1883.760       3.80777       3.480
   24   156   1898.906       3.81668       4.128
   24   157   1893.861       3.81479       3.117
   24   158   1892.734       3.81059       2.921
   24   159   1865.148       3.80792       3.973
   24   160   1888.853       3.81118       2.458
   24   161   1871.503       3.80111       2.699
   24   162   1895.095       3.80814       3.303
   24   163   1888.958       3.79907       3.302
   24   164   1958.703       3.79812       2.379
   24   165   1872.506       3.80449       2.490
   24   166   1912.359       3.80461       3.420
   24   167   1883.088       3.80077       4.045
   24   168   1898.364       3.79869       4.617
   24   169   1870.217       3.80755       5.153
   24   170   1904.208       3.81435       3.402
   24   171   1895.691       3.81412       2.766
   24   172   1924.433       3.81038       3.455
   24   173   1859.888       3.82092       2.389
   24   174   1952.353       3.79973       3.240
   24   175   1854.458       3.80256       3.008
   24   176   1933.913       3.79799       3.681
   24   177   1885.741       3.80239       2.527
   24   178   1918.456       3.81313       3.880
   24   179   1840.867       3.81391       2.759
   24   180   1888.963       3.80587       3.827
   24   181   1867.430       3.80058       2.950
   24   182   1921.808       3.80235       3.761
   24   183   1899.524       3.80407       2.936
   24   184   1945.495       3.78558       2.860
   24   185   1880.716       3.79678       3.422
   24   186   1919.094       3.79858       2.430
   24   187   1851.742       3.80597       4.457
   24   188   1914.749       3.81181       4.553
   24   189   1883.789       3.81192       3.659
   24   190   1886.413       3.80677       2.437
   24   191   1847.568       3.80671       3.676
   24   192   1905.957       3.80429       2.798
   24   193   1822.715       3.80352       2.759
   24   194   1909.108       3.80487       3.219
   24   195   1840.766       3.81072       3.471
   24   196   1882.531       3.81686       4.443
   24   197   1841.883       3.81779       4.052
   24   198   1910.011       3.81047       4.172
   24   199   1812.254       3.81828       3.135
   24   200   1906.743       3.79227       2.772
   24   201   1859.812       3.79868       3.200
   24   202   1938.512       3.79318       3.533
   24   203   1859.449       3.80382       3.088
   24   204   1937.555       3.80021       2.510
   24   205   1877.341       3.79723       4.841
   24   206   1883.021       3.80043       5.484
   24   207   1868.734       3.80147       4.862
   24   208   1925.965       3.80814       3.696
   24   209   1887.310       3.80290       4.225
   24   210   1941.360       3.80217       4.430
   24   211   1877.977       3.80499       3.918
   24   212   1905.132       3.80292       2.559
   24   213   1879.072       3.80513       2.582
   24   214   1897.819       3.81569       3.421
   24   215   1860.754       3.81155       5.049
   24   216   1902.526       3.81034       4.232
   24   217   1881.658       3.80192       3.782
   24   218   1876.984       3.80766       3.307
   24   219   1855.805       3.80235       3.471
   24   220   1932.294       3.80314       3.103
   24   221   1872.141       3.80220       2.522
   24   222   1896.274       3.80176       3.206
   24   223   1812.668       3.81553       2.512
   24   224   1886.795       3.80754       2.959
   24   225   1865.615       3.79571       6.345
   24   226   1922.866       3.80292       3.283
   24   227   1863.434       3.80146       3.624
   24   228   1908.466       3.79692       3.150
   24   229   1897.617       3.80476       2.789
   24   230   1907.447       3.80261       2.507
   24   231   1872.652       3.80531       3.032
   24   232   1887.049       3.81163       3.002
   24   233   1849.731       3.81165       4.046
   24   234   1938.797       3.80682       3.605
   24   235   1828.982       3.82204       3.103
   24   236   1928.176       3.80137       2.288
   24   237   1851.911       3.81014       2.682
   24   238   1923.479       3.80531       1.904
   24   239   1883.167       3.78542       3.805
   24   240   1916.040       3.80106       2.979
   24   241   1853.219       3.80940       3.841
   24   242   1939.159       3.79816       3.973
   24   243   1864.805       3.81616       2.957
   24   244   1943.438       3.80630       3.174
   24   245   1817.053       3.81830       3.983
   24   246   1898.164       3.80705       2.960
   24   247   1884.893       3.80228       1.974
   24   248   1914.496       3.80331       2.128
   24   249   1861.257       3.81328       3.150
   24   250   1908.592       3.80204       3.054
   24   251   1872.089       3.80767       3.163
   24   252   1884.626       3.80225       3.282
   24   253   1820.457       3.80565       3.882
   24   254   1913.476       3.79280       2.738
   24   255   1843.219       3.80969       3.235
   24   256   1917.617       3.80952       2.814
   24   257   1869.565       3.80249       3.337
   24   258   1919.496       3.80474       2.930
   24   259   1878.129       3.79618       4.864
   24   260   1942.739       3.80670       1.255
   24   261   1878.521       3.80554       2.989
   24   262   1913.958       3.80585       3.891
   24   263   1874.962       3.81675       2.745
   24   264   1908.465       3.80746       4.361
   24   265   1874.158       3.80193       3.743
   24   266   1913.702       3.80009       3.412
   24   267   1817.499       3.81900       2.911
   24   268   1910.443       3.81385       2.684
   24   269   1874.273       3.80294       3.971
   24   270   1912.095       3.80411       1.826
   24   271   1837.626       3.80404       5.485
   24   272   1903.428       3.80902       3.474
   24   273   1886.249       3.80677       3.209
   24   274   1941.028       3.80147       3.157
   24   275   1839.870       3.81834       3.110
   24   276   1927.089       3.80996       5.385
   24   277   1848.633       3.82085       4.038
   24   278   1910.502       3.80364       4.311
   24   279   1892.096       3.80000       3.351
   24   280   1917.356       3.80349       3.249
   24   281   1867.809       3.80185       2.507
   24   282   1929.884       3.79075       1.909
   24   283   1832.833       3.80154       4.345
   24   284   1924.155       3.80198       3.038
   24   285   1829.770       3.79343       3.081
   24   286   1866.651       3.80390       3.875
   24   287   1864.206       3.80205       5.901
   24   288   1877.881       3.82162       4.408
   24   289   1885.427       3.81045       4.630
   24   290   1868.550       3.80854       2.812
   24   291   1834.045       3.82151       2.432
   24   292   1902.694       3.79997       3.610
   24   293   1849.055       3.80242       3.227
   24   294   1926.584       3.80406       2.624
   24   295   1879.029       3.81267       2.300
   24   296   1947.735       3.80208       2.717
   24   297   1842.267       3.80419       3.594
   24   298   1944.294       3.79295       3.288
   24   299   1883.395       3.80376       4.357
   24   300   1912.011       3.79995       3.635
   24   301   1869.747       3.79832       4.732
   24   302   1910.565       3.80713       3.396
   24   303   1865.082       3.80520       3.536
   24   304   1897.211       3.80668       2.450
   24   305   1864.736       3.79918       2.969
   24   306   1954.382       3.79361       3.233
   24   307   1874.282       3.80806       2.637
   24   308   1935.113       3.80193       3.496
   24   309   1859.792       3.81222       4.718
   24   310   1923.486       3.79958       4.377
   24   311   1844.396       3.80505       4.064
   24   312   1935.125       3.81189       2.569
   24   313   1836.669       3.80186       4.624
   24   314   1906.239       3.81036       3.934
   24   315   1825.499       3.81936       2.962
   24   316   1924.149       3.80127       3.760
   24   317   1857.812       3.80836       4.665
   24   318   1899.972       3.80610       4.036
   24   319   1808.941       3.80404       2.993
   24   320   1916.779       3.80917       2.592
   24   321   1867.271       3.80481       4.713
   24   322   1906.432       3.80118       3.251
   24   323   1877.900       3.80123       4.078
   24   324   1868.073       3.80812       4.404
   24   325   1865.573       3.79226       5.953
   24   326   1909.976       3.79698       2.304
   24   327   1888.019       3.79958       2.229
   24   328   1924.830       3.79803       2.816
   24   329   1858.995       3.80214       3.283
   24   330   1898.189       3.79610       3.290
   24   331   1843.348       3.80467       3.264
   24   332   1915.273       3.80624       3.773
   24   333   1904.857       3.80285       3.539
   24   334   1930.407       3.80496       3.588
   24   335   1851.644       3.81347       2.342
   24   336   1912.408       3.79731       2.543
   24   337   1862.157       3.80264       3.552
   24   338   1881.306       3.80450       4.008
   24   339   1853.010       3.80197       3.477
   24   340   1901.933       3.80096       4.104
   24   341   1866.863       3.80462       3.365
   24   342   1925.754       3.79833       3.656
   24   343   1867.327       3.80296       4.665
   24   344   1922.092       3.79830       2.906
   24   345   1880.719       3.80665       3.622
   24   346   1904.787       3.82078       3.006
   24   347   1874.607       3.81363       2.895
   24   348   1880.376       3.80586       4.314
   24   349   1863.608       3.81221       2.705
   24   350   1934.530       3.81018       2.022
   24   351   1817.582       3.81005       2.781
   24   352   1935.456       3.81018       1.804
   24   353   1880.941       3.80504       2.795
   24   354   1897.866       3.80151       2.797
   24   355   1852.503       3.79796       2.567
   24   356   1944.554       3.79730       2.030
   24   357   1839.209       3.80205       3.771
   24   358   1889.442       3.79740       2.745
   24   359   1874.635       3.80406       3.430
   24   360   1899.524       3.80766       4.490
   24   361   1903.066       3.79901       4.623
   24   362   1909.600       3.80043       2.842
   24   363   1834.420       3.81055       3.784
   24   364   1926.405       3.81497       2.439
   24   365   1855.602       3.80950       4.270
   24   366   1924.251       3.81043       2.408
   24   367   1864.816       3.80637       2.691
   24   368   1896.365       3.80648       2.001
   24   369   1875.670       3.80633       3.214
   24   370   1927.090       3.79961       2.800
   24   371   1847.174       3.80785       3.218
   24   372   1884.570       3.80245       4.022
   24   373   1873.378       3.80129       2.437
   24   374   1894.901       3.79986       2.310
   24   375   1868.772       3.80401       3.326
   24   376   1926.414       3.79339       2.842
   24   377   1883.313       3.79768       5.096
   24   378   1921.842       3.81831       2.147
   24   379   1871.566       3.81664       4.693
   24   380   1947.691       3.80841       2.731
   24   381   1863.766       3.80494       4.106
   24   382   1935.218       3.81114       1.900
   24   383   1849.713       3.80569       3.513
   24   384   1905.491       3.80786       2.491
   24   385   1883.278       3.79987       2.171
   24   386   1943.612       3.78807       2.471
   24   387   1902.842       3.78941       5.041
   24   388   1889.126       3.80421       4.165
   24   389   1849.558       3.82057       3.997
   24   390   1898.909       3.80747       3.680
   24   391   1838.595       3.80931       2.296
   24   392   1902.064       3.80398       2.917
   24   393   1842.873       3.81034       4.377
   24   394   1920.404       3.80701       2.694
   24   395   1833.077       3.81396       3.602
   24   396   1897.945       3.81000       3.093
   24   397   1858.192       3.81061       3.493
   24   398   1921.412       3.80777       2.922
   24   399   1850.544       3.79850       4.026
   24   400   1915.620       3.80119       2.655
   24   401   1864.459       3.79952       2.114
   24   402   1921.449       3.79656       3.321
   24   403   1855.596       3.80193       3.890
   24   404   1910.736       3.80726       3.797
   24   405   1848.267       3.80648       4.087
   24   406   1882.386       3.81210       4.066
   24   407   1863.777       3.81835       3.697
   24   408   1910.546       3.80288       2.740
   24   409   1834.081       3.80625       2.893
   24   410   1938.855       3.78581       2.569
   24   411   1853.804       3.79966       3.173
   24   412   1912.611       3.79686       2.485
   24   413   1867.388       3.80432       2.746
   24   414   1933.548       3.79283       3.608
   24   415   1827.129       3.79979       4.282
   24   416   1886.842       3.79859       4.001
   24   417   1837.082       3.81474       4.234
   24   418   1934.788       3.79519       3.135
   24   419   1851.046       3.81796       4.466
   24   420   1918.661       3.81629       3.389
   24   421   1861.720       3.81004       4.937
   24   422   1918.396       3.79986       2.880
   24   423   1856.921       3.80699       3.653
   24   424   1888.445       3.81558       3.840
   24   425   1867.410       3.80586       3.417
   24   426   1897.832       3.79931       2.651
   24   427   1856.548       3.80073       4.107
   24   428   1891.264       3.79901       2.890
   24   429   1888.606       3.79768       4.734
   24   430   1931.113       3.80331       3.240
   24   431   1844.842       3.81009       3.044
   24   432   1888.835       3.80636       2.437
   24   433   1863.806       3.80737       2.943
   24   434   1922.711       3.79954       3.480
   24   435   1878.899       3.79830       3.592
   24   436   1949.643       3.80185       3.334
   24   437   1870.723       3.79892       3.611
   24   438   1921.248       3.80391       2.976
   24   439   1872.747       3.80843       2.268
   24   440   1919.937       3.80112       5.343
   24   441   1888.831       3.79911       4.053
   24   442   1899.004       3.81009       3.620
   24   443   1864.965       3.80004       3.080
   24   444   1917.600       3.78219       3.532
   24   445   1813.025       3.80883       2.685
   24   446   1930.375       3.80336       3.721
   24   447   1888.378       3.79494       4.139
   24   448   1882.624       3.80810       3.598
   24   449   1897.959       3.79806       3.282
   24   450   1908.146       3.80486       3.506
   24   451   1861.676       3.79229       4.638
   24   452   1892.914       3.80637       3.153
   24   453   1890.648       3.80995       2.788
   24   454   1905.879       3.81309       4.464
   24   455   1867.266       3.81071       4.297
   24   456   1910.156       3.80897       3.680
   24   457   1879.525       3.80752       3.104
   24   458   1882.116       3.80816       3.594
   24   459   1867.701       3.79609       2.349
   24   460   1890.319       3.79886       2.661
   24   461   1885.668       3.79425       3.951
   24   462   1894.695       3.78950       3.865
   24   463   1836.208       3.79397       3.651
   24   464   1907.028       3.80394       4.867
   24   465   1882.461       3.80346       4.388
   24   466   1938.167       3.79813       4.099
   24   467   1886.380       3.81315       2.912
   24   468   1943.907       3.79867       3.021
   24   469   1844.516       3.80472       4.309
   24   470   1881.838       3.81536       3.259
   24   471   1878.785       3.80838       3.242
   24   472   1900.343       3.81237       3.801
   24   473   1862.022       3.80592       3.625
   24   474   1959.254       3.79076       2.523
   24   475   1857.205       3.80035       2.525
   24   476   1928.426       3.79876       2.180
   24   477   1870.459       3.79608       3.558
   24   478   1942.878       3.78996       2.853
   24   479   1850.351       3.79713       3.910
   24   480   1900.731       3.80328       3.540
   24   481   1839.621       3.81412       2.700
   24   482   1924.324       3.80830       3.306
   24   483   1882.244       3.79730       5.098
   24   484   1946.739       3.79746       3.539
   24   485   1797.231       3.81641       3.930
   24   486   1906.644       3.80441       2.657
   24   487   1881.485       3.80566       5.366
   24   488   1951.325       3.80712       3.656
   24   489   1863.449       3.80938       3.834
   24   490   1895.118       3.80871       3.180
   24   491   1831.570       3.80900       4.214
   24   492   1911.776       3.80815       3.272
   24   493   1834.593       3.82572       2.682
   24   494   1912.812       3.81452       1.982
   24   495   1865.946       3.81117       2.828
   24   496   1917.096       3.80861       3.147
   24   497   1848.379       3.80151       3.034
   24   498   1839.722       3.78277       2.490
   24   499   1807.701       3.77681       3.350
   24   500   1772.838       3.79835       2.539
   24   501   1781.347       3.80182       2.995
   24   502   1839.675       3.80213       1.865
   24   503   1777.570       3.79509       2.753
   24   504   1937.343       3.82290       1.479
   24   505   1832.289       3.82208       2.944
   24   506   1915.858       3.81486       3.533
   24   507   1883.391       3.80189       3.013
   24   508   1928.518       3.79962       3.424
   24   509   1839.080       3.80468       4.094
   24   510   1945.767       3.81188       2.775
   24   511   1830.375       3.80879       2.941
   24   512   1850.058       3.80677       3.884
   24   513   1877.920       3.80430       3.169
   24   514   1816.933       3.80809       2.779
   24   515   1852.870       3.80392       3.243
   24   516   1828.169       3.80445       4.031
   24   517   1851.827       3.79779       2.908
   24   518   1829.581       3.80432       2.911
   24   519   1831.750       3.79933       3.399
   24   520   1839.620       3.79669       3.987
   24   521   1859.653       3.79280       3.429
   24   522   1844.887       3.80831       1.827
   24   523   1832.242       3.79320       2.260
   24   524   1877.904       3.79504       4.999
   24   525   1823.375       3.79705       2.946
   24   526   1832.702       3.80403       4.366
   24   527   1843.547       3.80060       3.576
   24   528   1857.233       3.80294       4.243
   24   529   1846.571       3.80145       2.215
   24   530   1856.894       3.79366       3.525
   24   531   1853.365       3.79836       4.177
   24   532   1823.213       3.79845       3.861
   24   533   1833.772       3.79861       2.792
   24   534   1858.556       3.80990       2.953
   24   535   1863.899       3.80440       3.504
   24   536   1825.963       3.81060       2.673
   24   537   1864.833       3.80426       1.650
   24   538   1837.362       3.79795       2.091
   24   539   1864.918       3.78670       2.871
   24   540   1850.791       3.80232       2.221
   24   541   1864.245       3.80194       2.162
   24   542   1832.161       3.78552       3.733
   24   543   1836.340       3.79323       3.592
   24   544   1848.730       3.79835       4.087
   24   545   1854.429       3.80957       3.535
   24   546   1796.266       3.80690       2.535
   24   547   1868.306       3.79851       2.542
   24   548   1836.599       3.79608       3.048
   24   549   1837.361       3.80109       2.620
   24   550   1840.444       3.81251       1.761
   24   551   1867.494       3.80468       2.632
   24   552   1904.156       3.79946       2.956
   24   553   1813.094       3.80067       3.830
   24   554   1843.804       3.79995       2.088
   24   555   1867.166       3.79153       2.691
   24   556   1878.630       3.79366       3.369
   24   557   1852.496       3.80034       3.513
   24   558   1841.708       3.80157       3.544
   24   559   1872.551       3.80060       2.507
   24   560   1833.948       3.80650       2.375
   24   561   1871.313       3.80115       3.295
   24   562   1874.178       3.79901       2.005
   24   563   1859.582       3.79920       4.295
   24   564   1843.376       3.80797       2.358
   24   565   1846.198       3.80034       2.363
   24   566   1842.258       3.80056       3.593
   24   567   1858.378       3.79062       2.403
   24   568   1871.303       3.78911       3.919
   24   569   1876.308       3.79736       3.505
   24   570   1843.013       3.79300       2.934
   24   571   1862.883       3.78793       3.283
   24   572   1837.681       3.80327       2.703
   24   573   1840.304       3.80029       2.994
   24   574   1869.322       3.78927       3.962
   24   575   1848.075       3.79552       2.681
   24   576   1856.736       3.79589       3.669
   24   577   1868.510       3.80199       2.931
   24   578   1858.702       3.80638       3.273
   24   579   1853.855       3.79709       3.357
   24   580   1829.993       3.79601       2.959
   24   581   1870.181       3.79566       2.445
   24   582   1860.828       3.79313       3.580
   24   583   1859.131       3.79301       3.866
   24   584   1867.713       3.80198       3.171
   24   585   1821.895       3.81093       3.336
   24   586   1848.639       3.81533       3.721
   24   587   1871.308       3.80729       3.246
   24   588   1832.206       3.81283       2.708
   24   589   1860.087       3.80103       3.351
   24   590   1824.609       3.80049       3.094
   24   591   1838.627       3.80133       1.112
   24   592   1858.591       3.79630       2.190
   24   593   1836.055       3.79735       1.873
   24   594   1852.514       3.78743       3.102
   24   595   1868.027       3.78894       4.155
   24   596   1861.417       3.79445       5.127
   24   597   1878.506       3.79168       4.067
   24   598   1867.673       3.79635       4.050
   24   599   1857.136       3.80212       2.469
   24   600   1867.431       3.79602       3.442
   24   601   1867.567       3.80054       3.241
   24   602   1840.402       3.79801       3.694
   24   603   1868.994       3.80909       3.118
   24   604   1846.316       3.79505       3.056
   24   605   1819.189       3.80730       3.385
   24   606   1834.331       3.78930       2.170
   24   607   1838.552       3.79897       1.566
   24   608   1848.203       3.79621       2.382
   24   609   1856.099       3.79134       3.284
   24   610   1872.194       3.79184       4.037
   24   611   1813.729       3.80819       3.696
   24   612   1825.868       3.79248       4.594
   24   613   1814.396       3.80182       3.684
   24   614   1847.624       3.80095       3.874
   24   615   1870.202       3.79098       3.035
   24   616   1871.124       3.79660       4.340
   24   617   1824.925       3.80487       4.387
   24   618   1865.891       3.80177       5.196
   24   619   1879.176       3.79758       3.439
   24   620   1840.243       3.80354       2.728
   24   621   1888.418       3.78599       3.318
   24   622   1838.279       3.79883       2.979
   24   623   1879.519       3.79129       3.950
   24   624   1868.539       3.79814       2.093
   24   625   1845.758       3.79653       3.065
   24   626   1830.026       3.79819       4.374
   24   627   1840.507       3.80574       3.214
   24   628   1835.663       3.81164       4.714
   24   629   1848.278       3.81142       3.504
   24   630   1878.082       3.80459       5.320
   24   631   1820.240       3.80528       3.644
   24   632   1839.743       3.79121       3.916
   24   633   1820.758       3.79422       3.972
   24   634   1821.192       3.79373       3.348
   24   635   1865.960       3.78792       3.833
   24   636   1857.679       3.79284       4.985
   24   637   1859.326       3.80284       2.818
   24   638   1848.557       3.80238       4.762
   24   639   1864.732       3.80065       4.960
   24   640   1835.231       3.80913       2.794
   24   641   1853.435       3.81203       2.669
   24   642   1852.632       3.79186       3.854
   24   643   1849.213       3.79456       3.597
   24   644   1802.835       3.80821       1.982
   24   645   1845.734       3.78825       3.024
   24   646   1831.058       3.79776       3.596
   24   647   1816.904       3.79104       4.242
   24   648   1875.406       3.79062       4.899
   24   649   1833.661       3.79684       3.001
   24   650   1866.301       3.79643       4.706
   24   651   1850.577       3.81267       3.777
   24   652   1849.700       3.80751       3.170
   24   653   1810.683       3.80940       3.825
   24   654   1849.857       3.79135       3.296
   24   655   1820.821       3.79702       3.357
   24   656   1836.261       3.79918       3.027
   24   657   1852.283       3.79616       3.121
   24   658   1852.254       3.80386       2.538
   24   659   1842.550       3.79972       3.287
   24   660   1825.172       3.79817       5.541
   24   661   1813.529       3.79753       4.964
   24   662   1833.629       3.80094       5.306
   24   663   1860.554       3.79622       4.371
   24   664   1849.435       3.80243       3.521
   24   665   1841.693       3.80415       3.437
   24   666   1851.233       3.80657       2.677
   24   667   1861.205       3.80575       2.617
   24   668   1893.589       3.79570       3.844
   24   669   1850.575       3.80274       3.039
   24   670   1829.989       3.79940       1.442
   24   671   1824.788       3.79626       3.431
   24   672   1843.316       3.79915       2.726
   24   673   1882.669       3.80161       2.433
   24   674   1842.135       3.79695       2.778
   24   675   1837.700       3.79741       2.274
   24   676   1842.719       3.79823       3.413
   24   677   1851.872       3.80142       3.267
   24   678   1852.829       3.80425       3.632
   24   679   1849.567       3.80792       3.017
   24   680   1814.479       3.81235       2.937
   24   681   1857.324       3.80647       4.072
   24   682   1809.237       3.80982       2.910
   24   683   1846.100       3.79725       3.327
   24   684   1886.008       3.79198       2.960
   24   685   1836.808       3.80297       1.744
   24   686   1877.609       3.80507       2.497
   24   687   1821.916       3.80757       2.533
   24   688   1826.077       3.79506       3.632
   24   689   1847.285       3.79283       4.180
   24   690   1840.998       3.80403       2.817
   24   691   1824.343       3.80812       1.632
   24   692   1821.899       3.80880       2.898
   24   693   1854.379       3.79733       2.788
   24   694   1873.978       3.79952       2.085
   24   695   1852.031       3.79951       2.765
   24   696   1857.938       3.79599       3.142
   24   697   1862.656       3.79132       2.714
   24   698   1895.312       3.80304       2.557
   24   699   1832.644       3.80788       2.792
   24   700   1873.655       3.79828       3.161
   24   701   1830.195       3.80670       2.791
   24   702   1839.278       3.79901       2.759
   24   703   1842.329       3.80732       3.235
   24   704   1827.097       3.81145       4.470
   24   705   1805.818       3.80602       2.629
   24   706   1850.123       3.80581       3.218
   24   707   1862.351       3.80145       3.060
   24   708   1828.772       3.79109       3.901
   24   709   1845.484       3.79874       3.579
   24   710   1837.400       3.79378       2.572
   24   711   1846.616       3.79633       3.811
   24   712   1840.556       3.79752       2.942
   24   713   1881.829       3.79553       5.021
   24   714   1841.463       3.80046       3.552
   24   715   1831.908       3.80115       2.135
   24   716   1851.326       3.79879       4.283
   24   717   1866.906       3.80278       5.134
   24   718   1857.165       3.80806       3.135
   24   719   1825.660       3.80884       2.391
   24   720   1852.466       3.79808       2.801
   24   721   1890.548       3.79037       3.023
   24   722   1815.522       3.79166       3.572
   24   723   1841.386       3.81218       2.311
   24   724   1820.998       3.80268       3.726
   24   725   1845.626       3.80291       3.258
   24   726   1867.435       3.79389       5.154
   24   727   1889.783       3.79411       4.517
   24   728   1813.661       3.80479       3.876
   24   729   1846.838       3.80407       1.858
   24   730   1877.593       3.79807       2.994
   24   731   1826.836       3.80700       2.803
   24   732   1878.993       3.80588       3.448
   24   733   1859.185       3.79528       3.055
   24   734   1889.457       3.79224       3.885
   24   735   1873.535       3.80145       3.303
   24   736   1832.945       3.79607       3.310
   24   737   1876.336       3.79078       2.794
   24   738   1840.991       3.79965       2.932
   24   739   1867.058       3.79636       3.685
   24   740   1867.895       3.79009       4.332
   24   741   1866.506       3.80045       3.441
   24   742   1862.838       3.80325       2.197
   24   743   1835.991       3.80079       4.097
   24   744   1858.171       3.80005       3.570
   24   745   1853.136       3.80966       2.959
   24   746   1872.897       3.81053       2.668
   24   747   1833.635       3.80470       3.165
   24   748   1886.215       3.80061       3.304
   24   749   1852.921       3.80482       2.937
   24   750   1843.338       3.80146       1.760
   24   751   1862.815       3.79711       4.532
   24   752   1859.556       3.79834       3.494
   24   753   1835.468       3.80374       2.889
   24   754   1864.294       3.80773       4.303
   24   755   1810.513       3.81259       3.000
   24   756   1824.762       3.81328       2.587
   24   757   1850.228       3.81371       2.121
   24   758   1830.220       3.80821       2.162
   24   759   1920.983       3.79636       2.184
   24   760   1864.165       3.79990       2.905
   24   761   1837.507       3.80501       2.350
   24   762   1843.575       3.80227       3.504
   24   763   1864.081       3.80343       4.000
   24   764   1854.639       3.79894       3.632
   24   765   1836.271       3.79924       4.469
   24   766   1805.107       3.80112       2.290
   24   767   1842.427       3.79990       2.260
   24   768   1822.811       3.79811       4.280
   24   769   1864.703       3.80736       2.859
   24   770   1830.047       3.81362       3.530
   24   771   1858.178       3.79900       3.689
   24   772   1886.285       3.79660       3.111
   24   773   1811.225       3.80333       3.513
   24   774   1847.260       3.79989       2.865
   24   775   1851.222       3.80275       2.724
   24   776   1859.210       3.79956       3.420
   24   777   1876.464       3.79398       2.336
   24   778   1835.742       3.79342       2.398
   24   779   1874.147       3.79810       3.331
   24   780   1855.599       3.80355       1.623
   24   781   1829.779       3.80573       2.414
   24   782   1828.938       3.80088       2.260
   24   783   1852.458       3.80006       3.545
   24   784   1836.356       3.80379       3.194
   24   785   1812.975       3.81139       2.575
   24   786   1877.860       3.80090       3.082
   24   787   1858.219       3.79998       4.707
   24   788   1849.118       3.81956       2.173
   24   789   1869.023       3.80474       2.448
   24   790   1820.332       3.80127       2.709
   24   791   1851.910       3.79987       3.671
   24   792   1840.542       3.80383       1.258
   24   793   1845.149       3.79289       1.757
   24   794   1849.908       3.80124       3.451
   24   795   1854.427       3.81416       2.610
   24   796   1821.155       3.81120       3.863
   24   797   1833.540       3.79852       3.334
   24   798   1863.914       3.79996       3.322
   24   799   1882.545       3.79882       4.754
   24   800   1828.341       3.81391       3.950
   24   801   1866.017       3.81133       3.101
   24   802   1846.040       3.80724       2.774
   24   803   1860.392       3.80155       2.771
   24   804   1867.427       3.80627       3.040
   24   805   1859.303       3.80395       3.326
   24   806   1864.133       3.80049       2.884
   24   807   1872.237       3.80351       2.774
   24   808   1833.209       3.80264       3.757
   24   809   1858.792       3.80025       3.790
   24   810   1831.434       3.79291       3.738
   24   811   1853.136       3.80470       2.905
   24   812   1884.157       3.78702       3.682
   24   813   1860.665       3.80406       3.018
   24   814   1835.816       3.80770       3.554
   24   815   1861.673       3.80884       3.812
   24   816   1833.086       3.80421       3.901
   24   817   1825.313       3.81325       3.288
   24   818   1848.365       3.79918       3.200
   24   819   1879.545       3.80353       1.932
   24   820   1824.663       3.80825       3.364
   24   821   1865.399       3.79926       4.269
   24   822   1866.968       3.79621       3.932
   24   823   1868.056       3.79874       3.100
   24   824   1856.441       3.80712       4.103
   24   825   1863.717       3.80098       5.970
   24   826   1854.400       3.81124       2.574
   24   827   1855.079       3.79901       4.034
   24   828   1840.084       3.79637       3.291
   24   829   1845.727       3.78625       3.475
   24   830   1848.111       3.80406       3.833
   24   831   1865.507       3.80186       4.856
   24   832   1822.619       3.81282       2.405
   24   833   1858.506       3.81414       2.253
   24   834   1850.010       3.79673       3.647
   24   835   1866.148       3.80150       2.494
   24   836   1841.502       3.80243       3.909
   24   837   1827.705       3.80857       2.174
   24   838   1840.957       3.80470       3.244
   24   839   1864.963       3.80722       4.162
   24   840   1869.276       3.79449       3.420
   24   841   1851.253       3.80595       3.459
   24   842   1847.827       3.80382       3.963
   24   843   1849.393       3.81404       2.477
   24   844   1873.079       3.79242       2.817
   24   845   1798.421       3.79916       3.431
   24   846   1835.662       3.79595       3.657
   24   847   1855.879       3.79219       3.688
   24   848   1816.801       3.79867       3.572
   24   849   1861.665       3.79309       4.723
   24   850   1818.521       3.80344       4.958
   24   851   1852.542       3.81469       3.466
   24   852   1872.173       3.80690       3.738
   24   853   1886.577       3.80336       3.042
   24   854   1831.494       3.81383       2.004
   24   855   1871.015       3.80853       1.795
   24   856   1809.378       3.80342       1.561
   24   857   1908.840       3.79924       1.638
   24   858   1821.943       3.80003       2.890
   24   859   1856.312       3.80050       2.855
   24   860   1867.594       3.79979       2.875
   24   861   1838.926       3.79931       3.814
   24   862   1875.581       3.79821       3.510
   24   863   1863.497       3.79748       3.130
   24   864   1866.751       3.80085       4.330
   24   865   1847.034       3.81627       3.149
   24   866   1856.310       3.80934       3.769
   24   867   1834.420       3.81101       2.341
   24   868   1820.467       3.81775       3.293
   24   869   1875.809       3.79174       3.083
   24   870   1833.563       3.79506       3.164
   24   871   1874.345       3.79839       3.617
   24   872   1823.221       3.81351       2.791
   24   873   1827.666       3.80700       3.224
   24   874   1837.721       3.80860       3.835
   24   875   1835.788       3.80916       3.599
   24   876   1863.651       3.79692       4.029
   24   877   1814.120       3.80347       3.267
   24   878   1802.811       3.80182       2.278
   24   879   1842.230       3.80933       3.536
   24   880   1842.494       3.81311       2.349
   24   881   1862.553       3.80412       3.187
   24   882   1853.708       3.81293       3.162
   24   883   1868.220       3.79318       2.727
   24   884   1862.786       3.80666       3.209
   24   885   1848.792       3.80100       3.307
   24   886   1862.839       3.79885       4.266
   24   887   1872.805       3.78410       4.048
   24   888   1885.445       3.80360       3.610
   24   889   1889.361       3.79947       2.894
   24   890   1871.173       3.80351       4.368
   24   891   1843.284       3.81050       3.469
   24   892   1861.335       3.80813       3.250
   24   893   1852.641       3.80439       3.674
   24   894   1806.774       3.79974       3.416
   24   895   1836.436       3.80677       2.076
   24   896   1856.555       3.80094       3.005
   24   897   1891.573       3.78944       3.200
   24   898   1846.251       3.80887       1.924
   24   899   1851.906       3.80376       3.465
   24   900   1875.689       3.79974       4.233
   24   901   1827.177       3.80077       3.059
   24   902   1866.829       3.81555       2.853
   24   903   1845.229       3.82374       3.259
   24   904   1859.826       3.80923       3.423
   24   905   1802.090       3.81349       3.288
   24   906   1874.576       3.80803       3.087
   24   907   1851.263       3.80533       4.982
   24   908   1830.458       3.80696       4.490
   24   909   1830.706       3.80633       4.870
   24   910   1849.382       3.79625       3.258
   24   911   1824.306       3.80711       4.300
   24   912   1912.470       3.79669       3.367
   24   913   1865.798       3.80178       3.671
   24   914   1866.761       3.79931       3.399
   24   915   1848.933       3.80221       4.745
   24   916   1861.078       3.80395       3.348
   24   917   1884.865       3.79635       4.737
   24   918   1837.771       3.81200       3.243
   24   919   1847.240       3.81636       2.803
   24   920   1874.879       3.80779       2.364
   24   921   1823.875       3.80706       4.117
   24   922   1827.640       3.80248       2.401
   24   923   1815.764       3.80904       2.504
   24   924   1821.578       3.80087       4.227
   24   925   1860.898       3.79601       3.426
   24   926   1872.565       3.79410       3.696
   24   927   1880.003       3.80294       3.922
   24   928   1785.383       3.82249       3.741
   24   929   1793.365       3.81664       3.040
   24   930   1856.281       3.80247       3.168
   24   931   1855.795       3.80586       2.912
   24   932   1815.851       3.81109       2.668
   24   933   1862.133       3.79941       3.234
   24   934   1817.854       3.79647       3.654
   24   935   1818.070       3.80920       3.929
   24   936   1847.377       3.81082       2.810
   24   937   1847.152       3.80492       3.762
   24   938   1853.174       3.80864       2.992
   24   939   1847.073       3.80927       2.399
   24   940   1865.199       3.81603       2.807
   24   941   1861.346       3.79719       3.935
   24   942   1883.320       3.79738       2.996
   24   943   1818.688       3.82118       3.468
   24   944   1870.094       3.80378       3.103
   24   945   1836.051       3.80031       3.391
   24   946   1859.629       3.80489       3.052
   24   947   1846.679       3.80053       3.163
   24   948   1837.440       3.80138       2.869
   24   949   1851.938       3.80497       3.442
   24   950   1862.391       3.79993       3.694
   24   951   1846.207       3.80416       2.984
   24   952   1847.747       3.79886       4.132
   24   953   1831.978       3.80597       3.495
   24   954   1846.304       3.80906       2.932
   24   955   1830.126       3.80952       2.122
   24   956   1865.613       3.80937       2.869
   24   957   1845.596       3.80814       3.029
   24   958   1881.856       3.80477       2.307
   24   959   1892.305       3.79832       2.603
   24   960   1830.745       3.79905       3.094
   24   961   1861.033       3.80968       2.133
   24   962   1818.172       3.80141       3.799
   24   963   1860.204       3.81148       3.957
   24   964   1867.487       3.80924       2.711
   24   965   1849.911       3.80329       2.601
   24   966   1850.441       3.80863       3.106
   24   967   1849.459       3.81898       3.307
   24   968   1861.300       3.81364       2.634
   24   969   1811.371       3.82505       2.650
   24   970   1844.725       3.81727       2.507
   24   971   1865.126       3.79428       3.830
   24   972   1861.262       3.79113       3.516
   24   973   1870.220       3.79490       2.545
   24   974   1859.115       3.79467       3.974
   24   975   1880.526       3.79577       3.558
   24   976   1838.269       3.79594       4.125
   24   977   1879.981       3.79235       3.979
   24   978   1848.430       3.81171       3.257
   24   979   1881.319       3.79680       4.394
   24   980   1891.400       3.80498       3.566
   24   981   1833.507       3.80967       3.545
   24   982   1859.539       3.81478       3.978
   24   983   1832.548       3.81529       2.500
   24   984   1826.664       3.81405       3.058
   24   985   1856.516       3.81256       2.951
   24   986   1836.090       3.80550       3.952
   24   987   1815.247       3.81590       2.386
   24   988   1852.663       3.81630       2.401
   24   989   1853.147       3.81542       2.966
   24   990   1825.974       3.79753       3.910
   24   991   1810.893       3.81276       4.313
   24   992   1832.859       3.81241       3.242
   24   993   1856.208       3.80078       2.938
   24   994   1850.292       3.81528       2.629
   24   995   1835.528       3.81436       3.061
   24   996   1866.943       3.80959       3.435
   24   997   1845.282       3.81007       2.412
   24   998   1858.291       3.80314       3.945
   24   999   1836.257       3.80973       4.183
   24  1000   1853.723       3.79699       2.871
   24  1001   1847.685       3.80678       3.177
   24  1002   1811.635       3.79987       3.209
   24  1003   1862.612       3.82056       3.248
   24  1004   1840.884       3.80408       3.048
   24  1005   1836.822       3.81017       3.447
   24  1006   1851.835       3.81562       3.310
   24  1007   1863.929       3.81963       2.796
   24  1008   1846.112       3.82060       2.699
   24  1009   1859.206       3.80483       2.780
   24  1010   1844.973       3.80807       1.836
   24  1011   1812.254       3.79462       2.681
   24  1012   1863.628       3.78914       2.675
   24  1013   1842.486       3.81145       2.403
   24  1014   1831.839       3.81294       3.585
   24  1015   1868.096       3.80080       3.585
   24  1016   1859.221       3.80162       3.020
   24  1017   1850.135       3.79852       2.144
   24  1018   1862.675       3.80844       2.252
   24  1019   1851.049       3.79648       2.803
   24  1020   1855.699       3.80524       2.972
   24  1021   1863.989       3.80508       3.549
   24  1022   1848.725       3.80856       3.575
   24  1023   1877.554       3.80652       3.579
