   20     0   1897.305       3.82910       3.205
   20     1   1838.312       3.81197       3.651
   20     2   1861.341       3.81143       5.467
   20     3   1865.283       3.80179       4.130
   20     4   1900.569       3.80675       5.073
   20     5   1824.085       3.80823       6.756
   20     6   1885.278       3.81479       6.505
   20     7   1858.782       3.78927       8.243
   20     8   1855.807       3.81863       5.403
   20     9   1846.801       3.80453       5.559
   20    10   1922.188       3.81651       4.538
   20    11   1866.000       3.80704       7.156
   20    12   1917.492       3.81126       5.775
   20    13   1873.145       3.79638       7.745
   20    14   1893.591       3.82073       4.760
   20    15   1844.756       3.79200       6.672
   20    16   1867.537       3.81386       5.560
   20    17   1847.011       3.79730       5.685
   20    18   1890.667       3.81487       5.315
   20    19   1868.791       3.78858       9.778
   20    20   1883.364       3.81516       3.764
   20    21   1848.618       3.80340       6.872
   20    22   1887.287       3.83309       4.237
   20    23   1844.951       3.81592       6.473
   20    24   1907.773       3.82543       7.852
   20    25   1845.923       3.81573       4.515
   20    26   1907.535       3.81571       3.868
   20    27   1853.043       3.79263       7.763
   20    28   1922.192       3.81788       3.146
   20    29   1837.102       3.81464       3.568
   20    30   1938.509       3.79965       5.810
   20    31   1821.149       3.80675       5.901
   20    32   1898.691       3.81149       5.739
   20    33   1888.775       3.79320       7.362
   20    34   1905.505       3.81229       5.350
   20    35   1830.395       3.80101       7.222
   20    36   1914.168       3.82586       3.132
   20    37   1809.795       3.80631       5.888
   20    38   1880.025       3.82983       6.756
   20    39   1837.621       3.81295       6.325
   20    40   1901.818       3.82526       3.631
   20    41   1855.064       3.82089       5.433
   20    42   1902.100       3.81263       3.475
   20    43   1863.824       3.81347       3.796
   20    44   1932.222       3.81745       4.786
   20    45   1857.739       3.79921       4.345
   20    46   1924.392       3.79958       5.607
   20    47   1860.350       3.79538       5.972
   20    48   1880.781       3.81203       5.766
   20    49   1920.498       3.80341       6.344
   20    50   1917.631       3.81823       7.687
   20    51   1864.019       3.80695       7.381
   20    52   1906.897       3.81707       4.278
   20    53   1805.996       3.81745       7.446
   20    54   1866.895       3.81995       5.457
   20    55   1845.467       3.81781       4.029
   20    56   1869.600       3.82807       3.268
   20    57   1861.565       3.81447       5.682
   20    58   1935.276       3.80853       4.173
   20    59   1881.159       3.78857       5.625
   20    60   1892.157       3.81479       5.425
   20    61   1869.038       3.80259       4.556
   20    62   1890.955       3.81841       4.069
   20    63   1831.481       3.80144       4.353
   20    64   1897.715       3.81453       3.774
   20    65   1849.700       3.79667       6.803
   20    66   1900.885       3.81493       5.660
   20    67   1846.799       3.80080       6.634
   20    68   1843.579       3.82906       3.712
   20    69   1891.919       3.80945       5.190
   20    70   1913.791       3.83037       3.144
   20    71   1824.315       3.81835       6.738
   20    72   1913.318       3.81156       4.885
   20    73   1843.590       3.80737       3.100
   20    74   1901.148       3.81288       4.044
   20    75   1869.297       3.79765       4.174
   20    76   1896.234       3.81918       3.870
   20    77   1844.984       3.80328       3.099
   20    78   1916.840       3.81540       5.143
   20    79   1826.651       3.80716       5.857
   20    80   1891.363       3.81164       4.724
   20    81   1843.639       3.79815       6.755
   20    82   1889.312       3.81123       4.959
   20    83   1893.934       3.79840       5.909
   20    84   1927.722       3.81945       4.297
   20    85   1835.173       3.82625       3.301
   20    86   1884.081       3.81371       4.854
   20    87   1815.352       3.81205       4.980
   20    88   1901.210       3.82062       5.904
   20    89   1824.684       3.80369       6.625
   20    90   1918.912       3.81979       3.600
   20    91   1840.379       3.80321       4.615
   20    92   1913.798       3.80815       6.125
   20    93   1839.878       3.79944       5.086
   20    94   1921.422       3.80385       5.498
   20    95   1835.684       3.81013       5.156
   20    96   1856.503       3.83112       5.078
   20    97   1860.218       3.81232       4.439
   20    98   1907.548       3.80211       5.265
   20    99   1856.826       3.78835       9.492
   20   100   1878.185       3.82596       4.836
   20   101   1780.976       3.81866       4.453
   20   102   1851.273       3.82225       4.413
   20   103   1871.243       3.80321       4.933
   20   104   1896.562       3.81980       3.106
   20   105   1832.935       3.79937       7.629
   20   106   1878.729       3.82442       6.403
   20   107   1815.461       3.80692       6.084
   20   108   1917.123       3.80719       6.260
   20   109   1911.757       3.81036       4.394
   20   110   1932.491       3.81190       6.616
   20   111   1804.013       3.80220       6.947
   20   112   1910.852       3.80339       6.166
   20   113   1857.534       3.79783       6.568
   20   114   1890.097       3.81654       3.164
   20   115   1883.486       3.79338       4.677
   20   116   1914.227       3.80901       5.153
   20   117   1886.871       3.80121       5.736
   20   118   1909.201       3.81661       4.488
   20   119   1821.423       3.81764       5.107
   20   120   1874.494       3.83158       4.704
   20   121   1844.180       3.81993       4.056
   20   122   1928.837       3.81179       8.198
   20   123   1828.431       3.81665       4.568
   20   124   1888.655       3.81138       3.753
   20   125   1842.324       3.80379       5.826
   20   126   1882.038       3.81330       3.839
   20   127   1830.733       3.81326       4.399
   20   128   1898.068       3.80146       6.851
   20   129   1886.558       3.79521       6.068
   20   130   1861.883       3.81896       5.600
   20   131   1867.295       3.80360       5.949
   20   132   1922.102       3.81906       2.478
   20   133   1819.011       3.81322       6.940
   20   134   1953.490       3.82060       4.718
   20   135   1810.599       3.81474       5.795
   20   136   1857.378       3.82598       4.755
   20   137   1822.122       3.81750       5.467
   20   138   1921.567       3.81538       5.354
   20   139   1863.691       3.79820       5.489
   20   140   1880.973       3.82105       3.072
   20   141   1814.100       3.80618       4.584
   20   142   1909.958       3.81609       4.251
   20   143   1848.065       3.80458       4.989
   20   144   1895.053       3.80098       4.649
   20   145   1858.342       3.78982       9.783
   20   146   1888.876       3.82618       4.062
   20   147   1845.275       3.81426       4.944
   20   148   1890.446       3.82062       3.456
   20   149   1877.615       3.79905       6.164
   20   150   1911.743       3.80640       5.573
   20   151   1882.277       3.78796       7.372
   20   152   1888.840       3.81664       5.676
   20   153   1875.598       3.81328       3.967
   20   154   1918.091       3.81300       6.781
   20   155   1881.725       3.79551       8.392
   20   156   1920.868       3.82379       3.093
   20   157   1820.675       3.81411       5.015
   20   158   1927.535       3.82193       2.623
   20   159   1860.008       3.79402       7.410
   20   160   1912.990       3.80807       6.547
   20   161   1849.460       3.80749       4.809
   20   162   1908.906       3.81190       4.612
   20   163   1870.883       3.79145       6.386
   20   164   1919.660       3.81235       5.833
   20   165   1831.467       3.80400       5.958
   20   166   1857.620       3.82561       3.643
   20   167   1856.136       3.80496       8.587
   20   168   1913.990       3.81212       5.025
   20   169   1834.687       3.81984       4.457
   20   170   1895.878       3.82036       3.179
   20   171   1847.393       3.81369       6.591
   20   172   1880.040       3.83076       2.993
   20   173   1866.243       3.79947       6.173
   20   174   1891.697       3.81812       4.925
   20   175   1871.505       3.80835       5.937
   20   176   1910.304       3.82538       4.396
   20   177   1862.769       3.81748       4.458
   20   178   1875.966       3.81640       4.949
   20   179   1839.488       3.80726       5.367
   20   180   1962.911       3.80513       3.881
   20   181   1825.214       3.79997       5.391
   20   182   1920.832       3.82026       6.012
   20   183   1823.512       3.81342       5.743
   20   184   1926.697       3.82176       6.175
   20   185   1871.805       3.79465       7.042
   20   186   1906.926       3.81580       5.127
   20   187   1845.111       3.80732       3.586
   20   188   1920.520       3.80930       4.342
   20   189   1841.809       3.79487       5.448
   20   190   1892.781       3.81913       4.163
   20   191   1828.864       3.80026       8.220
   20   192   1914.650       3.81430       4.638
   20   193   1881.501       3.79189       7.559
   20   194   1859.438       3.82014       3.373
   20   195   1851.995       3.80735       8.164
   20   196   1924.349       3.81535       4.420
   20   197   1863.322       3.82218       4.415
   20   198   1900.695       3.82584       4.863
   20   199   1869.114       3.79697       5.250
   20   200   1901.401       3.82674       5.879
   20   201   1804.635       3.81477       6.303
   20   202   1879.104       3.80461       5.335
   20   203   1857.377       3.80696       3.162
   20   204   1923.582       3.80508       6.141
   20   205   1897.158       3.79845       8.879
   20   206   1904.704       3.81668       6.173
   20   207   1888.062       3.79246       7.770
   20   208   1931.739       3.80752       4.952
   20   209   1827.885       3.81331       6.130
   20   210   1905.004       3.81433       5.385
   20   211   1839.743       3.80517       5.062
   20   212   1920.409       3.81145       2.801
   20   213   1830.599       3.79550       5.861
   20   214   1893.111       3.80568       2.880
   20   215   1842.214       3.79563       5.976
   20   216   1913.519       3.80564       8.182
   20   217   1852.119       3.79803       5.511
   20   218   1895.311       3.80570       5.519
   20   219   1854.371       3.80318       7.109
   20   220   1879.622       3.81824       6.261
   20   221   1846.010       3.80160       5.500
   20   222   1874.402       3.81742       5.628
   20   223   1838.651       3.80285       4.947
   20   224   1904.035       3.82913       5.316
   20   225   1819.635       3.81566       4.059
   20   226   1917.675       3.81581       2.596
   20   227   1879.961       3.80210       7.257
   20   228   1884.546       3.81561       6.187
   20   229   1844.438       3.79755       6.986
   20   230   1915.955       3.82019       6.099
   20   231   1840.876       3.81147       3.914
   20   232   1899.750       3.81640       5.161
   20   233   1848.474       3.80161       6.104
   20   234   1940.397       3.79948       5.019
   20   235   1800.718       3.80841       4.544
   20   236   1914.919       3.81840       3.064
   20   237   1811.390       3.80782       5.909
   20   238   1875.537       3.81784       6.089
   20   239   1836.961       3.80339       6.769
   20   240   1933.910       3.80402       6.429
   20   241   1877.251       3.79553       7.442
   20   242   1898.596       3.81229       4.566
   20   243   1879.109       3.80777       4.674
   20   244   1930.282       3.80783       7.245
   20   245   1831.413       3.80286       6.554
   20   246   1922.848       3.80445       4.351
   20   247   1870.899       3.78870       9.372
   20   248   1907.270       3.80509       6.685
   20   249   1859.322       3.80396       4.486
   20   250   1915.572       3.81707       3.549
   20   251   1855.636       3.80019       6.545
   20   252   1906.632       3.81928       3.883
   20   253   1794.612       3.81198       5.603
   20   254   1939.126       3.80507       4.794
   20   255   1797.634       3.81160       5.206
   20   256   1914.538       3.80752       6.237
   20   257   1857.091       3.79477       7.860
   20   258   1869.542       3.81365       7.873
   20   259   1855.806       3.80955       9.406
   20   260   1900.310       3.82563       4.466
   20   261   1862.140       3.80205       5.961
   20   262   1896.629       3.80912       5.772
   20   263   1853.966       3.80826       5.510
   20   264   1909.474       3.81062       4.899
   20   265   1878.815       3.80833       3.373
   20   266   1884.260       3.81812       4.282
   20   267   1865.957       3.80300       5.080
   20   268   1927.251       3.79642       7.381
   20   269   1855.725       3.78620      10.353
   20   270   1840.129       3.81628       6.761
   20   271   1813.521       3.81804       5.600
   20   272   1864.437       3.81721       8.937
   20   273   1848.450       3.80902       5.924
   20   274   1947.458       3.80301       6.991
   20   275   1865.365       3.81528       5.054
   20   276   1924.081       3.82259       6.763
   20   277   1828.075       3.81427       4.578
   20   278   1918.762       3.80270       5.174
   20   279   1839.596       3.80195       3.093
   20   280   1914.647       3.80501       5.449
   20   281   1844.224       3.79843       7.786
   20   282   1875.422       3.81159       7.554
   20   283   1839.238       3.81300       5.595
   20   284   1889.347       3.81322       7.650
   20   285   1836.756       3.81441       6.074
   20   286   1877.255       3.81052       4.245
   20   287   1842.751       3.79740       4.833
   20   288   1903.842       3.80815       3.553
   20   289   1875.326       3.80111       5.454
   20   290   1886.180       3.80749       6.286
   20   291   1850.538       3.80145       5.707
   20   292   1881.594       3.82585       5.753
   20   293   1829.506       3.82042       5.404
   20   294   1893.785       3.83023       5.765
   20   295   1865.282       3.81018       4.903
   20   296   1907.695       3.82782       2.258
   20   297   1841.836       3.80362       4.445
   20   298   1899.707       3.81257       2.590
   20   299   1871.573       3.79923       6.748
   20   300   1915.988       3.80752       5.409
   20   301   1851.976       3.79338       8.618
   20   302   1938.878       3.79867       7.016
   20   303   1846.010       3.80646       6.597
   20   304   1924.072       3.82746       4.803
   20   305   1868.745       3.81507       6.779
   20   306   1878.514       3.82570       5.944
   20   307   1800.546       3.82291       4.888
   20   308   1890.543       3.83078       2.650
   20   309   1808.784       3.81213       5.481
   20   310   1925.524       3.80329       5.001
   20   311   1820.272       3.79876       6.343
   20   312   1883.962       3.82160       4.507
   20   313   1852.300       3.79928       6.782
   20   314   1881.746       3.82313       5.766
   20   315   1864.715       3.79731       6.816
   20   316   1947.593       3.81314       4.102
   20   317   1829.388       3.80445       8.451
   20   318   1863.865       3.82822       4.911
   20   319   1823.145       3.80666       5.460
   20   320   1889.053       3.81640       3.814
   20   321   1852.474       3.79963       6.102
   20   322   1902.896       3.80085       5.809
   20   323   1873.112       3.79232       6.764
   20   324   1889.742       3.81501       7.230
   20   325   1824.868       3.79941       6.660
   20   326   1921.274       3.81913       6.391
   20   327   1807.588       3.80741       7.400
   20   328   1902.704       3.82441       4.805
   20   329   1824.428       3.81549       6.950
   20   330   1886.417       3.81777       4.655
   20   331   1879.631       3.78898       7.940
   20   332   1917.560       3.81648       5.189
   20   333   1852.705       3.80809       6.016
   20   334   1926.658       3.81135       3.831
   20   335   1848.338       3.80301       6.316
   20   336   1903.042       3.80946       5.110
   20   337   1800.596       3.80601       6.280
   20   338   1890.131       3.81068       4.058
   20   339   1819.555       3.80760       5.785
   20   340   1903.470       3.82332       4.280
   20   341   1821.635       3.81246       5.662
   20   342   1910.097       3.81630       4.229
   20   343   1862.001       3.81421       5.628
   20   344   1927.398       3.80807       7.050
   20   345   1847.766       3.80254       5.595
   20   346   1972.116       3.79750       4.816
   20   347   1862.956       3.79835       6.893
   20   348   1878.569       3.81919       2.604
   20   349   1868.634       3.79835       5.058
   20   350   1908.923       3.80792       6.769
   20   351   1892.711       3.79817       6.113
   20   352   1886.126       3.83160       6.202
   20   353   1866.419       3.80590       6.582
   20   354   1929.070       3.81676       6.995
   20   355   1822.892       3.81000       8.558
   20   356   1903.410       3.81220       6.435
   20   357   1869.794       3.80693       5.200
   20   358   1897.699       3.81563       6.020
   20   359   1825.603       3.81788       4.513
   20   360   1947.062       3.80251       9.607
   20   361   1884.858       3.79903       5.888
   20   362   1944.304       3.81733       4.336
   20   363   1844.749       3.80338       5.789
   20   364   1873.368       3.81749       4.560
   20   365   1850.680       3.80352       6.816
   20   366   1920.251       3.80119       5.430
   20   367   1858.808       3.80250       7.284
   20   368   1894.184       3.81754       4.127
   20   369   1866.565       3.79791       6.339
   20   370   1872.596       3.80978       6.997
   20   371   1844.548       3.80483       5.864
   20   372   1879.340       3.81938       5.044
   20   373   1833.329       3.80757       6.540
   20   374   1946.148       3.80081       6.434
   20   375   1868.621       3.80056       6.342
   20   376   1929.382       3.81514       3.918
   20   377   1869.775       3.80206       5.442
   20   378   1900.769       3.82370       3.212
   20   379   1842.588       3.80229       6.791
   20   380   1936.725       3.81212       3.919
   20   381   1836.680       3.81332       5.891
   20   382   1842.022       3.81623       4.315
   20   383   1839.065       3.80944       5.285
   20   384   1912.820       3.80869       4.804
   20   385   1873.360       3.80428       5.735
   20   386   1931.895       3.80104       3.883
   20   387   1828.678       3.79617       7.125
   20   388   1878.511       3.81500       6.033
   20   389   1857.304       3.79725       4.968
   20   390   1901.180       3.81326       5.084
   20   391   1839.480       3.80879       3.362
   20   392   1922.381       3.80843       6.504
   20   393   1834.147       3.80882       4.981
   20   394   1915.835       3.81000       7.611
   20   395   1868.602       3.80190       8.040
   20   396   1888.394       3.83069       6.115
   20   397   1861.954       3.81178       8.159
   20   398   1853.396       3.82712       4.401
   20   399   1849.556       3.82154       4.157
   20   400   1917.354       3.81554       4.779
   20   401   1873.327       3.79720       3.338
   20   402   1861.580       3.81730       3.412
   20   403   1876.432       3.79271       4.695
   20   404   1922.229       3.80560       5.581
   20   405   1816.209       3.80122       9.856
   20   406   1893.469       3.81545       6.658
   20   407   1845.362       3.80817       5.131
   20   408   1874.398       3.82867       4.420
   20   409   1828.779       3.81303       6.499
   20   410   1901.003       3.81223       5.791
   20   411   1832.804       3.80797       5.140
   20   412   1876.161       3.81323       6.567
   20   413   1890.845       3.80439       6.712
   20   414   1914.951       3.81399       3.462
   20   415   1838.195       3.79304       6.165
   20   416   1932.255       3.81652       4.892
   20   417   1855.394       3.79002       7.411
   20   418   1899.813       3.80484       6.212
   20   419   1862.763       3.81024       5.191
   20   420   1870.969       3.82259       6.308
   20   421   1874.066       3.79906       7.354
   20   422   1991.298       3.81027       6.993
   20   423   1825.717       3.81910       5.962
   20   424   1923.444       3.82051       4.323
   20   425   1837.541       3.80304       4.477
   20   426   1954.477       3.80676       4.944
   20   427   1807.347       3.80587       4.874
   20   428   1904.809       3.81912       6.333
   20   429   1842.460       3.81415       5.484
   20   430   1963.348       3.80909       5.157
   20   431   1845.787       3.80279       5.434
   20   432   1876.677       3.82424       4.149
   20   433   1862.018       3.79254       7.440
   20   434   1917.233       3.80886       5.350
   20   435   1833.032       3.79471       6.381
   20   436   1891.529       3.80662       4.011
   20   437   1845.847       3.80583       4.953
   20   438   1890.150       3.81627       4.542
   20   439   1834.876       3.80927       6.419
   20   440   1881.681       3.83295       4.478
   20   441   1876.805       3.79530       7.195
   20   442   1891.368       3.81912       5.165
   20   443   1841.546       3.80738       8.204
   20   444   1919.455       3.81839       4.788
   20   445   1861.713       3.79862       5.497
   20   446   1901.730       3.81875       4.319
   20   447   1820.935       3.81171       7.632
   20   448   1893.025       3.82041       4.052
   20   449   1857.851       3.80521       6.096
   20   450   1905.682       3.81823       4.456
   20   451   1853.405       3.79627       6.886
   20   452   1893.533       3.80976       5.194
   20   453   1819.667       3.80350       6.720
   20   454   1925.066       3.81789       3.386
   20   455   1828.961       3.81166       4.340
   20   456   1881.872       3.82613       4.278
   20   457   1820.274       3.81351       4.306
   20   458   1914.432       3.81173       5.621
   20   459   1823.922       3.80722       7.400
   20   460   1920.727       3.81044       5.923
   20   461   1780.211       3.81903       4.664
   20   462   1900.432       3.82944       4.066
   20   463   1833.042       3.80451       7.397
   20   464   1927.310       3.81988       6.236
   20   465   1855.586       3.80494       5.789
   20   466   1897.737       3.82426       4.926
   20   467   1851.495       3.81182       5.996
   20   468   1921.878       3.81566       5.998
   20   469   1835.059       3.81506       3.813
   20   470   1884.471       3.80562       4.511
   20   471   1857.156       3.80846       4.893
   20   472   1908.283       3.80502       5.006
   20   473   1881.716       3.79541       8.063
   20   474   1898.711       3.80767       4.372
   20   475   1820.542       3.79378       5.271
   20   476   1895.156       3.80556       5.755
   20   477   1852.878       3.79843       5.759
   20   478   1863.315       3.82078       7.115
   20   479   1853.518       3.81304       7.312
   20   480   1893.611       3.82543       6.281
   20   481   1890.042       3.80793       6.263
   20   482   1912.324       3.81337       4.163
   20   483   1837.749       3.80896       4.986
   20   484   1905.383       3.81247       5.564
   20   485   1823.983       3.80461       6.849
   20   486   1936.860       3.80790       4.695
   20   487   1822.268       3.80640       7.089
   20   488   1924.623       3.80362       5.896
   20   489   1858.592       3.81052       4.647
   20   490   1891.674       3.81361       4.218
   20   491   1814.045       3.80734       4.845
   20   492   1904.207       3.80411       5.751
   20   493   1824.621       3.80212       6.942
   20   494   1925.708       3.81740       3.184
   20   495   1807.410       3.81116       5.551
   20   496   1942.009       3.81379       7.152
   20   497   1824.422       3.81323       6.178
   20   498   1832.672       3.77569       5.697
   20   499   1736.337       3.78249       5.542
   20   500   1843.138       3.80301       4.683
   20   501   1760.785       3.81180       5.155
   20   502   1807.311       3.80984       3.881
   20   503   1782.761       3.79646      10.915
   20   504   1927.089       3.83942       4.542
   20   505   1853.492       3.81885       4.199
   20   506   1893.138       3.81703       6.068
   20   507   1859.164       3.81239       6.248
   20   508   1868.525       3.82833       5.036
   20   509   1795.575       3.82146       4.186
   20   510   1937.093       3.81627       3.681
   20   511   1828.313       3.81150       5.055
   20   512   1865.324       3.79982       5.164
   20   513   1866.764       3.80979       5.435
   20   514   1863.162       3.79445       8.863
   20   515   1835.373       3.79294       4.056
   20   516   1857.207       3.79987       7.170
   20   517   1845.138       3.78107       7.848
   20   518   1819.599       3.80424       9.123
   20   519   1816.938       3.78795      11.661
   20   520   1829.883       3.81263       6.893
   20   521   1842.659       3.79309       9.030
   20   522   1840.534       3.80919       6.506
   20   523   1818.385       3.80720       5.043
   20   524   1802.262       3.82169       4.413
   20   525   1808.061       3.80282       4.721
   20   526   1803.953       3.80829       3.576
   20   527   1868.332       3.78666       4.833
   20   528   1843.182       3.78376       7.229
   20   529   1836.815       3.78970       4.073
   20   530   1805.481       3.79810       6.505
   20   531   1821.236       3.78335       8.343
   20   532   1852.749       3.81139       8.100
   20   533   1814.553       3.79958       6.953
   20   534   1843.696       3.81527       7.407
   20   535   1858.314       3.80735       8.178
   20   536   1856.068       3.80498       5.503
   20   537   1868.511       3.79644       5.065
   20   538   1854.816       3.79537       5.659
   20   539   1817.201       3.80855       4.613
   20   540   1832.195       3.80957       4.528
   20   541   1863.442       3.80099       5.813
   20   542   1883.434       3.79036       6.989
   20   543   1866.616       3.79802       6.562
   20   544   1844.150       3.80822       4.325
   20   545   1855.761       3.80134       5.253
   20   546   1842.295       3.81465       3.727
   20   547   1837.434       3.80286       5.501
   20   548   1872.941       3.79620       5.594
   20   549   1825.201       3.79691       5.208
   20   550   1826.943       3.80954       5.092
   20   551   1863.098       3.79031       7.899
   20   552   1861.300       3.81862       3.262
   20   553   1862.425       3.79525       7.252
   20   554   1806.127       3.81471       5.705
   20   555   1850.578       3.80436       4.068
   20   556   1816.117       3.81079       4.927
   20   557   1862.610       3.80305       4.005
   20   558   1839.394       3.80104       6.325
   20   559   1873.630       3.79877       4.764
   20   560   1817.716       3.80423       4.740
   20   561   1820.328       3.79874       3.470
   20   562   1814.071       3.80589       6.260
   20   563   1864.376       3.79580       5.476
   20   564   1799.423       3.81044       4.773
   20   565   1848.778       3.79210       5.843
   20   566   1822.847       3.80594       8.952
   20   567   1855.259       3.79225       5.990
   20   568   1898.241       3.79269       8.258
   20   569   1862.386       3.78882       6.352
   20   570   1803.027       3.79837       7.063
   20   571   1848.433       3.78828       8.286
   20   572   1848.448       3.79292       6.403
   20   573   1847.523       3.79651       8.990
   20   574   1866.343       3.79918       8.175
   20   575   1860.041       3.80815       5.910
   20   576   1851.036       3.81751       4.003
   20   577   1826.067       3.80529       5.205
   20   578   1819.251       3.81045       3.891
   20   579   1835.385       3.79570       6.231
   20   580   1847.180       3.79744       5.321
   20   581   1887.421       3.78298       4.032
   20   582   1860.380       3.79667       5.344
   20   583   1837.057       3.79434       5.231
   20   584   1870.224       3.78815       6.843
   20   585   1857.458       3.78181       8.908
   20   586   1913.412       3.80236       6.348
   20   587   1864.466       3.79589       5.351
   20   588   1867.878       3.79949       5.997
   20   589   1817.850       3.79212       7.572
   20   590   1855.439       3.81198       5.075
   20   591   1816.753       3.81164       5.992
   20   592   1829.856       3.80443       6.037
   20   593   1814.717       3.79943       7.239
   20   594   1809.583       3.79766       6.860
   20   595   1878.938       3.78585       5.690
   20   596   1855.949       3.79509       6.274
   20   597   1840.690       3.79060       6.988
   20   598   1833.885       3.80204       5.374
   20   599   1870.793       3.78171       8.757
   20   600   1880.226       3.81047       4.084
   20   601   1862.677       3.79173       7.967
   20   602   1845.606       3.81676       3.286
   20   603   1841.446       3.80861       4.318
   20   604   1851.450       3.79901       5.691
   20   605   1868.158       3.80503       3.548
   20   606   1820.446       3.81865       6.062
   20   607   1859.683       3.79963       8.285
   20   608   1836.206       3.81973       3.911
   20   609   1800.109       3.81111       4.935
   20   610   1865.714       3.79748       7.666
   20   611   1863.478       3.79465       6.243
   20   612   1849.476       3.80660       5.332
   20   613   1869.272       3.78164       8.098
   20   614   1851.795       3.79567       5.795
   20   615   1827.505       3.79023       7.830
   20   616   1843.715       3.81148       5.050
   20   617   1862.434       3.79254       5.864
   20   618   1842.730       3.80826       4.887
   20   619   1828.397       3.79737       5.378
   20   620   1861.345       3.81300       4.711
   20   621   1821.824       3.81387       4.518
   20   622   1788.213       3.81471       5.795
   20   623   1850.800       3.79700       7.476
   20   624   1860.135       3.80710       5.343
   20   625   1825.656       3.78732       8.108
   20   626   1857.114       3.80894       4.562
   20   627   1847.479       3.79347       6.327
   20   628   1844.896       3.79585       7.685
   20   629   1867.804       3.79620       6.235
   20   630   1829.614       3.81105       3.014
   20   631   1895.874       3.77483       6.709
   20   632   1854.112       3.80304       5.006
   20   633   1852.426       3.79790       5.805
   20   634   1803.145       3.81663       5.947
   20   635   1844.910       3.80881       4.593
   20   636   1889.671       3.80683       5.179
   20   637   1862.076       3.80673       4.869
   20   638   1866.735       3.80364       5.257
   20   639   1869.875       3.79421       6.946
   20   640   1882.435       3.79486       4.571
   20   641   1828.448       3.79216       5.926
   20   642   1826.437       3.80357       5.687
   20   643   1828.127       3.79625       6.823
   20   644   1822.080       3.79822       3.558
   20   645   1876.100       3.78468       9.479
   20   646   1818.724       3.80515       6.118
   20   647   1813.633       3.79336       7.585
   20   648   1825.189       3.81154       7.065
   20   649   1824.852       3.79510       6.326
   20   650   1830.785       3.81584       7.159
   20   651   1810.257       3.80351       4.894
   20   652   1873.999       3.80751       6.944
   20   653   1858.375       3.80591       6.335
   20   654   1833.904       3.80029       5.987
   20   655   1814.014       3.80891       3.889
   20   656   1848.751       3.80592       4.187
   20   657   1816.220       3.79878       7.201
   20   658   1899.883       3.79778       4.322
   20   659   1819.115       3.80283       4.601
   20   660   1850.322       3.79390       5.811
   20   661   1851.729       3.78399       7.604
   20   662   1851.290       3.80041       7.996
   20   663   1831.613       3.80169       4.773
   20   664   1848.708       3.81611       2.831
   20   665   1824.814       3.79806       4.288
   20   666   1848.327       3.81553       5.016
   20   667   1858.920       3.80203       5.788
   20   668   1860.377       3.80729       5.934
   20   669   1793.355       3.80685       5.816
   20   670   1819.733       3.81233       5.543
   20   671   1859.411       3.79362       4.835
   20   672   1857.375       3.80599       3.138
   20   673   1846.609       3.79555       3.371
   20   674   1833.993       3.80869       7.335
   20   675   1872.314       3.81173       3.844
   20   676   1846.740       3.80737       5.787
   20   677   1863.429       3.80911       5.701
   20   678   1865.432       3.81207       5.671
   20   679   1859.071       3.79973       4.589
   20   680   1832.783       3.79889       4.314
   20   681   1906.495       3.78296       3.442
   20   682   1843.470       3.80334       3.606
   20   683   1862.270       3.78992       6.261
   20   684   1868.136       3.80392       3.801
   20   685   1858.211       3.79613       4.749
   20   686   1835.851       3.80901       4.782
   20   687   1845.996       3.79675       5.924
   20   688   1836.148       3.80193       4.828
   20   689   1849.591       3.79225       6.239
   20   690   1821.392       3.81367       5.207
   20   691   1858.930       3.79969       4.127
   20   692   1883.768       3.79546       5.366
   20   693   1835.816       3.80065       4.265
   20   694   1855.588       3.80122       6.830
   20   695   1845.423       3.80070       3.775
   20   696   1833.517       3.80730       4.506
   20   697   1846.969       3.79009       6.327
   20   698   1865.311       3.80612       5.262
   20   699   1791.979       3.80227       5.189
   20   700   1854.886       3.80562       5.398
   20   701   1824.443       3.80296       4.875
   20   702   1805.692       3.81211       4.334
   20   703   1873.892       3.78490       8.324
   20   704   1896.953       3.78952       5.964
   20   705   1827.867       3.78534       5.167
   20   706   1838.526       3.80373       4.904
   20   707   1860.018       3.78233       7.228
   20   708   1840.455       3.80555       4.582
   20   709   1843.662       3.79143       8.215
   20   710   1843.403       3.80846       4.884
   20   711   1865.355       3.78872       6.588
   20   712   1863.015       3.79287       7.555
   20   713   1866.518       3.78483       7.042
   20   714   1833.845       3.80558       4.742
   20   715   1847.720       3.80795       4.651
   20   716   1872.489       3.79576       7.016
   20   717   1820.901       3.79651       7.430
   20   718   1801.992       3.80785       4.756
   20   719   1788.955       3.80090       4.146
   20   720   1864.200       3.80641       4.898
   20   721   1805.712       3.81010       4.103
   20   722   1853.013       3.81260       5.159
   20   723   1851.281       3.79009       8.744
   20   724   1850.047       3.79056       5.895
   20   725   1802.801       3.78947       5.120
   20   726   1835.306       3.80164       6.984
   20   727   1821.401       3.78595       6.103
   20   728   1845.365       3.80557       3.911
   20   729   1877.216       3.78306       6.870
   20   730   1864.442       3.80612       5.886
   20   731   1853.479       3.79785       7.117
   20   732   1859.082       3.80648       6.092
   20   733   1828.947       3.79938       5.752
   20   734   1835.343       3.80676       6.207
   20   735   1796.818       3.80353       5.257
   20   736   1829.831       3.81782       5.612
   20   737   1836.657       3.80941       5.410
   20   738   1809.809       3.81067       5.441
   20   739   1836.963       3.79510       6.045
   20   740   1805.278       3.80732       5.143
   20   741   1843.051       3.79538       4.897
   20   742   1812.079       3.80352       5.357
   20   743   1856.271       3.79091       6.239
   20   744   1877.490       3.79639       8.269
   20   745   1856.767       3.78639       7.674
   20   746   1850.011       3.81018       4.913
   20   747   1802.323       3.80291       3.856
   20   748   1865.458       3.79898       4.498
   20   749   1841.523       3.79137       4.069
   20   750   1904.159       3.78696       8.325
   20   751   1884.384       3.79390       5.278
   20   752   1843.864       3.80371       5.045
   20   753   1834.531       3.80415       4.908
   20   754   1844.843       3.80695       7.692
   20   755   1849.023       3.80147       6.163
   20   756   1819.435       3.80166       6.693
   20   757   1836.488       3.80170       4.255
   20   758   1860.142       3.80580       4.378
   20   759   1820.822       3.79861       6.304
   20   760   1834.075       3.80867       3.173
   20   761   1865.578       3.79228       6.699
   20   762   1857.121       3.80966       6.086
   20   763   1833.886       3.80248       4.937
   20   764   1801.668       3.81735       6.864
   20   765   1848.463       3.80397       5.751
   20   766   1846.327       3.80003       5.598
   20   767   1841.968       3.79817       4.533
   20   768   1842.983       3.80319       4.625
   20   769   1836.094       3.78356       3.585
   20   770   1836.335       3.79463       4.359
   20   771   1868.279       3.78892       5.975
   20   772   1834.429       3.80510       4.368
   20   773   1839.518       3.78994       6.839
   20   774   1838.177       3.80933       5.630
   20   775   1842.204       3.78833       6.619
   20   776   1884.091       3.78711       6.749
   20   777   1815.616       3.79118       9.135
   20   778   1821.980       3.80595       6.771
   20   779   1804.138       3.81012       6.189
   20   780   1858.455       3.79819       7.847
   20   781   1827.775       3.79608       7.491
   20   782   1842.742       3.80420       4.868
   20   783   1823.214       3.79547       6.446
   20   784   1892.077       3.81171       3.151
   20   785   1846.851       3.80321       5.908
   20   786   1842.796       3.80968       4.682
   20   787   1812.070       3.80349       4.493
   20   788   1801.731       3.79944       7.010
   20   789   1837.823       3.78680       4.553
   20   790   1831.055       3.79327       7.578
   20   791   1860.423       3.78643       7.594
   20   792   1833.711       3.80605       3.755
   20   793   1842.314       3.78912       5.041
   20   794   1849.395       3.79904       5.467
   20   795   1858.713       3.79265       8.354
   20   796   1855.744       3.78772       9.343
   20   797   1797.442       3.80051       4.812
   20   798   1817.877       3.80870       6.607
   20   799   1863.763       3.80049       6.439
   20   800   1842.900       3.80965       7.978
   20   801   1859.343       3.80025       6.702
   20   802   1853.003       3.81937       4.356
   20   803   1842.830       3.81435       4.243
   20   804   1870.604       3.79583       4.435
   20   805   1836.665       3.79138       5.120
   20   806   1852.430       3.80581       4.980
   20   807   1865.708       3.78698       6.927
   20   808   1867.061       3.80187       4.930
   20   809   1842.300       3.78819       5.529
   20   810   1826.268       3.80361       6.800
   20   811   1834.323       3.79683       5.643
   20   812   1844.402       3.80422       3.946
   20   813   1858.716       3.78634       6.938
   20   814   1850.089       3.79706       7.481
   20   815   1854.507       3.80432       4.833
   20   816   1876.715       3.79711       5.356
   20   817   1838.265       3.79512       4.943
   20   818   1872.470       3.79439       5.856
   20   819   1841.332       3.78478       6.922
   20   820   1846.242       3.79234       7.248
   20   821   1868.448       3.78728       4.998
   20   822   1822.260       3.80629       5.028
   20   823   1836.122       3.79465       2.603
   20   824   1825.662       3.80378       6.257
   20   825   1859.691       3.80485       3.591
   20   826   1860.119       3.79156       7.969
   20   827   1798.159       3.80149       3.565
   20   828   1852.928       3.80043       4.909
   20   829   1819.088       3.78960       4.887
   20   830   1859.805       3.79278       6.240
   20   831   1830.942       3.80602       3.611
   20   832   1821.820       3.80061       5.696
   20   833   1867.717       3.77784       7.137
   20   834   1831.597       3.80735       6.371
   20   835   1822.708       3.79580       5.813
   20   836   1849.192       3.81112       4.663
   20   837   1854.915       3.79064       7.195
   20   838   1869.678       3.80085       6.340
   20   839   1826.039       3.78446       6.541
   20   840   1841.170       3.79408       5.618
   20   841   1845.834       3.78956       5.395
   20   842   1853.578       3.79307       5.642
   20   843   1830.922       3.79701       4.348
   20   844   1834.240       3.80329       6.130
   20   845   1853.293       3.80873       5.354
   20   846   1817.015       3.81092       6.181
   20   847   1841.153       3.80046       3.907
   20   848   1886.217       3.80076       5.053
   20   849   1860.459       3.79963       5.597
   20   850   1832.210       3.79815       4.831
   20   851   1833.622       3.79767       3.469
   20   852   1816.987       3.80359       4.832
   20   853   1823.808       3.80096       5.612
   20   854   1820.143       3.80841       4.559
   20   855   1798.254       3.79202       5.878
   20   856   1830.011       3.80026       4.525
   20   857   1846.042       3.80047       4.860
   20   858   1894.395       3.79258       6.308
   20   859   1824.653       3.80240       3.920
   20   860   1818.448       3.81344       3.896
   20   861   1840.531       3.80277       6.321
   20   862   1847.019       3.81798       4.630
   20   863   1851.244       3.80063       4.087
   20   864   1842.363       3.79915       5.325
   20   865   1832.879       3.79728       5.341
   20   866   1809.362       3.80600       5.649
   20   867   1866.618       3.79723       5.302
   20   868   1828.469       3.79948       6.716
   20   869   1841.756       3.80236       5.747
   20   870   1858.840       3.80089       6.494
   20   871   1821.817       3.79333       6.782
   20   872   1849.407       3.80730       3.463
   20   873   1882.235       3.79268       5.784
   20   874   1809.890       3.80914       4.119
   20   875   1867.639       3.79255       6.604
   20   876   1831.040       3.81439       4.033
   20   877   1797.273       3.79993       7.648
   20   878   1842.608       3.81190       5.827
   20   879   1839.899       3.80194       4.520
   20   880   1836.143       3.81398       3.361
   20   881   1817.482       3.79660       4.940
   20   882   1829.323       3.80886       6.785
   20   883   1821.840       3.79678       5.993
   20   884   1865.596       3.79419       5.028
   20   885   1845.133       3.79108       7.727
   20   886   1840.852       3.80853       5.440
   20   887   1824.535       3.80848       5.047
   20   888   1875.321       3.79643       7.312
   20   889   1846.738       3.79808       5.781
   20   890   1819.631       3.80891       6.409
   20   891   1857.026       3.78520       7.724
   20   892   1826.653       3.80494       5.494
   20   893   1853.236       3.80016       4.475
   20   894   1864.289       3.79576       5.978
   20   895   1844.397       3.77876       6.915
   20   896   1829.023       3.80542       4.430
   20   897   1878.969       3.78663       5.427
   20   898   1828.310       3.80604       8.530
   20   899   1847.832       3.79429       5.174
   20   900   1850.101       3.80440       6.288
   20   901   1846.977       3.80305       3.455
   20   902   1819.595       3.80686       4.907
   20   903   1878.805       3.80227       4.815
   20   904   1828.710       3.81922       2.487
   20   905   1853.742       3.79516       7.044
   20   906   1840.182       3.79409       5.977
   20   907   1834.689       3.78971       3.528
   20   908   1836.034       3.79876       4.713
   20   909   1845.278       3.78336       5.503
   20   910   1843.760       3.80288       3.729
   20   911   1882.435       3.78525       5.675
   20   912   1824.967       3.78965       8.190
   20   913   1848.548       3.79394       5.186
   20   914   1852.715       3.80836       6.860
   20   915   1849.934       3.79376       7.433
   20   916   1888.560       3.80455       4.919
   20   917   1872.920       3.80951       4.921
   20   918   1846.760       3.81154       6.288
   20   919   1836.110       3.80466       5.647
   20   920   1845.903       3.80242       4.768
   20   921   1831.256       3.79834       3.489
   20   922   1879.270       3.78766       3.619
   20   923   1826.811       3.79400       4.139
   20   924   1859.043       3.78764       8.480
   20   925   1853.081       3.78827       7.143
   20   926   1824.996       3.80226       3.956
   20   927   1836.603       3.79117       6.346
   20   928   1847.762       3.81122       3.039
   20   929   1839.257       3.79191       6.357
   20   930   1796.009       3.81434       5.619
   20   931   1848.565       3.79739       5.532
   20   932   1851.666       3.80894       3.493
   20   933   1851.370       3.78841       4.516
   20   934   1782.086       3.79694       6.611
   20   935   1844.807       3.79151       6.563
   20   936   1883.556       3.80357       6.279
   20   937   1838.509       3.78766       5.906
   20   938   1865.530       3.79301       6.980
   20   939   1843.998       3.79690       4.429
   20   940   1818.858       3.80205       3.183
   20   941   1846.707       3.79927       5.942
   20   942   1813.170       3.80467       5.858
   20   943   1876.078       3.79216       5.322
   20   944   1839.302       3.80448       5.203
   20   945   1795.248       3.80961       5.528
   20   946   1861.099       3.80150       5.511
   20   947   1850.495       3.79224       4.832
   20   948   1849.048       3.79483       6.119
   20   949   1889.654       3.78353       5.708
   20   950   1846.341       3.80569       5.432
   20   951   1814.865       3.80721       3.866
   20   952   1840.990       3.79939       4.572
   20   953   1853.870       3.78425       6.965
   20   954   1888.149       3.79912       5.869
   20   955   1841.124       3.80816       4.169
   20   956   1809.817       3.81396       3.579
   20   957   1848.767       3.79986       6.556
   20   958   1789.639       3.80706       7.231
   20   959   1846.643       3.78993       7.855
   20   960   1820.860       3.80569       5.390
   20   961   1846.431       3.79488       6.080
   20   962   1824.164       3.81387       5.638
   20   963   1841.683       3.79697       4.645
   20   964   1838.026       3.79623       5.751
   20   965   1841.649       3.78958       4.542
   20   966   1809.587       3.80155       8.701
   20   967   1863.848       3.79280       5.606
   20   968   1820.986       3.81385       4.625
   20   969   1828.558       3.80092       5.300
   20   970   1855.300       3.80806       4.973
   20   971   1850.042       3.79232       6.767
   20   972   1825.719       3.80961       4.081
   20   973   1846.485       3.78483       5.440
   20   974   1817.616       3.80051       4.992
   20   975   1802.518       3.80075       4.639
   20   976   1831.116       3.79058       4.822
   20   977   1886.076       3.76836       6.753
   20   978   1884.222       3.79070       4.307
   20   979   1855.686       3.78005       7.157
   20   980   1850.334       3.80831       6.175
   20   981   1847.458       3.79649       7.216
   20   982   1857.144       3.81465       5.333
   20   983   1829.156       3.80498       6.214
   20   984   1849.277       3.81454       3.502
   20   985   1838.111       3.79783       4.271
   20   986   1856.109       3.79710       5.048
   20   987   1841.640       3.79329       3.643
   20   988   1814.454       3.81095       3.259
   20   989   1838.678       3.79370       4.863
   20   990   1838.285       3.80123       6.104
   20   991   1835.423       3.78420       4.944
   20   992   1866.700       3.79940       7.396
   20   993   1799.231       3.79994       5.394
   20   994   1828.977       3.79734       6.349
   20   995   1829.617       3.79178       4.258
   20   996   1837.688       3.80958       6.257
   20   997   1842.363       3.79983       4.144
   20   998   1824.484       3.81076       6.334
   20   999   1834.454       3.80249       4.807
   20  1000   1882.799       3.80584       4.952
   20  1001   1845.363       3.80805       5.993
   20  1002   1880.499       3.81133       4.411
   20  1003   1836.237       3.80790       2.648
   20  1004   1854.592       3.80391       4.437
   20  1005   1867.478       3.79973       3.818
   20  1006   1859.091       3.79994       6.351
   20  1007   1875.175       3.79501       5.082
   20  1008   1830.597       3.81657       4.809
   20  1009   1873.787       3.79315       7.277
   20  1010   1839.963       3.77726       5.227
   20  1011   1833.537       3.77650       4.909
   20  1012   1820.270       3.79695       4.692
   20  1013   1829.788       3.78627       3.754
   20  1014   1839.847       3.79611       2.844
   20  1015   1825.667       3.80307       3.885
   20  1016   1868.266       3.79735       6.307
   20  1017   1829.994       3.78256       4.689
   20  1018   1845.003       3.81056       5.273
   20  1019   1844.475       3.80722       6.204
   20  1020   1806.279       3.82731       5.545
   20  1021   1827.869       3.81507       6.193
   20  1022   1874.548       3.82504       5.293
   20  1023   1832.433       3.82386       5.741
