   12     0   1860.318       3.84245       4.718
   12     1   1772.394       3.83593       4.130
   12     2   1888.354       3.82150       3.602
   12     3   1887.798       3.81162       5.126
   12     4   1897.034       3.83262       2.726
   12     5   1841.110       3.81791       4.992
   12     6   1922.753       3.81625       6.267
   12     7   1795.857       3.81772       5.984
   12     8   1863.653       3.82301       5.844
   12     9   1855.406       3.81592       5.226
   12    10   1884.098       3.82039       5.627
   12    11   1857.928       3.80955       5.650
   12    12   1905.683       3.81977       3.387
   12    13   1806.501       3.81382       5.167
   12    14   1885.963       3.81193       5.451
   12    15   1798.917       3.81058       6.965
   12    16   1882.809       3.82787       3.269
   12    17   1828.000       3.81181       7.001
   12    18   1925.794       3.81640       4.892
   12    19   1854.880       3.81763       7.948
   12    20   1884.779       3.82998       5.720
   12    21   1843.775       3.81825       6.508
   12    22   1897.624       3.82029       3.744
   12    23   1865.740       3.81392       3.913
   12    24   1893.840       3.82690       3.957
   12    25   1850.608       3.81189       5.087
   12    26   1895.212       3.81528       4.025
   12    27   1847.204       3.81161       6.501
   12    28   1872.929       3.82189       7.420
   12    29   1852.690       3.80863       7.002
   12    30   1881.659       3.81746       4.652
   12    31   1836.084       3.82054       4.255
   12    32   1917.211       3.82170       3.410
   12    33   1842.790       3.80888       7.599
   12    34   1905.777       3.81031       5.990
   12    35   1848.893       3.81459       6.887
   12    36   1918.092       3.81773       5.362
   12    37   1845.597       3.81435       6.090
   12    38   1890.392       3.82783       4.266
   12    39   1835.195       3.80881       4.976
   12    40   1855.088       3.83302       6.681
   12    41   1817.080       3.83058       2.900
   12    42   1867.046       3.82891       3.608
   12    43   1866.694       3.80924       4.455
   12    44   1879.334       3.82506       4.057
   12    45   1841.127       3.81749       2.910
   12    46   1886.734       3.82176       6.026
   12    47   1843.970       3.82256       5.747
   12    48   1882.671       3.83777       3.651
   12    49   1852.738       3.81455       4.588
   12    50   1853.511       3.81673       5.931
   12    51   1830.117       3.80982       5.811
   12    52   1899.669       3.81858       2.803
   12    53   1840.939       3.81439       4.790
   12    54   1857.849       3.82907       4.927
   12    55   1847.162       3.81214       7.090
   12    56   1901.519       3.82509       6.197
   12    57   1859.146       3.81753       6.170
   12    58   1861.878       3.83495       4.225
   12    59   1875.322       3.82329       3.528
   12    60   1880.378       3.83004       5.016
   12    61   1823.400       3.81072       4.227
   12    62   1888.425       3.82948       2.259
   12    63   1836.683       3.79510       4.550
   12    64   1853.196       3.81620       6.057
   12    65   1829.799       3.81380       5.449
   12    66   1885.953       3.81622       6.769
   12    67   1808.404       3.82127       5.258
   12    68   1883.614       3.81515       4.860
   12    69   1813.932       3.82266       5.317
   12    70   1860.870       3.82289       5.083
   12    71   1840.622       3.81061       8.117
   12    72   1914.494       3.81831       4.224
   12    73   1834.714       3.81576       4.280
   12    74   1905.451       3.81019       4.869
   12    75   1841.868       3.81764       4.530
   12    76   1884.044       3.83806       5.009
   12    77   1820.847       3.81767       6.019
   12    78   1885.016       3.82410       4.717
   12    79   1812.231       3.82241       4.105
   12    80   1895.510       3.81100       5.779
   12    81   1836.874       3.80808       5.872
   12    82   1911.793       3.81509       3.779
   12    83   1835.639       3.81509       5.117
   12    84   1916.928       3.82711       3.945
   12    85   1827.218       3.80393       8.695
   12    86   1852.002       3.83451       2.390
   12    87   1904.202       3.80982       9.007
   12    88   1833.430       3.83582       3.028
   12    89   1874.996       3.81072       5.252
   12    90   1864.989       3.82840       4.213
   12    91   1827.538       3.81479       4.935
   12    92   1915.758       3.81529       2.726
   12    93   1868.969       3.79639       5.101
   12    94   1896.555       3.80990       5.231
   12    95   1824.030       3.80266       7.803
   12    96   1879.337       3.81444       7.056
   12    97   1856.682       3.80952       6.415
   12    98   1901.313       3.81985       5.518
   12    99   1852.520       3.81640       6.191
   12   100   1880.305       3.82815       4.001
   12   101   1857.320       3.80972       6.385
   12   102   1928.447       3.82399       6.039
   12   103   1825.758       3.82131       5.706
   12   104   1909.412       3.83208       5.139
   12   105   1804.098       3.83428       4.370
   12   106   1877.021       3.82065       6.473
   12   107   1849.915       3.81466       4.336
   12   108   1886.862       3.82124       3.948
   12   109   1798.809       3.81381       5.586
   12   110   1871.855       3.81755       5.985
   12   111   1839.993       3.79492       8.055
   12   112   1853.910       3.81682       6.670
   12   113   1836.250       3.80244       9.563
   12   114   1871.911       3.82143       6.306
   12   115   1803.888       3.81189       6.907
   12   116   1868.842       3.82551       6.208
   12   117   1831.437       3.80661       6.757
   12   118   1888.448       3.81624       3.633
   12   119   1855.763       3.80838       5.060
   12   120   1851.233       3.82447       7.862
   12   121   1854.105       3.82044       5.390
   12   122   1865.176       3.82078       7.487
   12   123   1818.484       3.81069       7.634
   12   124   1907.776       3.81966       6.808
   12   125   1832.862       3.82287       4.674
   12   126   1863.917       3.83397       3.878
   12   127   1828.901       3.81220       5.321
   12   128   1904.936       3.81873       4.112
   12   129   1880.267       3.79604       7.914
   12   130   1883.221       3.82100       5.866
   12   131   1811.793       3.81124       5.086
   12   132   1915.090       3.80445       4.651
   12   133   1841.525       3.80952       6.553
   12   134   1876.656       3.82230       4.410
   12   135   1825.695       3.81250       7.377
   12   136   1880.177       3.82758       3.394
   12   137   1810.796       3.82303       7.278
   12   138   1873.296       3.83221       3.914
   12   139   1850.884       3.81339       6.994
   12   140   1918.480       3.81771       6.321
   12   141   1849.710       3.81154       5.217
   12   142   1936.608       3.82106       7.359
   12   143   1832.771       3.81858       4.029
   12   144   1904.034       3.81512       4.685
   12   145   1822.423       3.81328       5.746
   12   146   1855.244       3.82522       5.133
   12   147   1875.165       3.78910       7.144
   12   148   1900.076       3.82485       5.856
   12   149   1835.027       3.81463       6.292
   12   150   1891.134       3.81282       7.051
   12   151   1822.031       3.81377       4.734
   12   152   1871.077       3.81922       4.482
   12   153   1858.671       3.81765       4.767
   12   154   1868.783       3.81919       5.043
   12   155   1835.373       3.80670       7.121
   12   156   1903.522       3.82416       3.992
   12   157   1854.152       3.80498       6.868
   12   158   1841.730       3.82167       5.827
   12   159   1862.022       3.81599       4.815
   12   160   1896.358       3.81372       5.033
   12   161   1840.055       3.82808       4.245
   12   162   1888.067       3.82698       4.559
   12   163   1823.179       3.81580       5.494
   12   164   1896.823       3.82504       4.761
   12   165   1847.080       3.80206       5.761
   12   166   1870.898       3.82026       3.729
   12   167   1842.561       3.79405       7.049
   12   168   1896.869       3.80254       5.293
   12   169   1873.144       3.79507       7.904
   12   170   1873.402       3.81144       6.200
   12   171   1839.278       3.81566       6.499
   12   172   1872.025       3.82527       7.624
   12   173   1845.888       3.81571       3.142
   12   174   1877.157       3.82839       3.878
   12   175   1788.918       3.81886       4.656
   12   176   1912.481       3.82597       2.798
   12   177   1831.476       3.81813       4.234
   12   178   1859.775       3.82844       2.535
   12   179   1864.216       3.79663       5.067
   12   180   1896.502       3.80629       4.806
   12   181   1827.177       3.80945       6.568
   12   182   1914.003       3.81889       6.669
   12   183   1831.124       3.81954       6.104
   12   184   1880.995       3.82984       5.303
   12   185   1836.772       3.81565       6.806
   12   186   1881.775       3.82200       5.974
   12   187   1835.619       3.81886       3.744
   12   188   1903.499       3.81793       4.640
   12   189   1831.893       3.81699       4.258
   12   190   1897.367       3.80941       4.444
   12   191   1832.031       3.79431       7.463
   12   192   1912.175       3.81894       4.661
   12   193   1872.318       3.79603       8.197
   12   194   1893.135       3.81743       5.872
   12   195   1860.078       3.80670       8.110
   12   196   1861.913       3.82485       6.137
   12   197   1821.954       3.79817       7.791
   12   198   1928.106       3.81912       5.271
   12   199   1801.654       3.81768       4.345
   12   200   1902.419       3.80494       6.176
   12   201   1796.665       3.80520       6.351
   12   202   1906.379       3.79972       5.918
   12   203   1804.819       3.80691       5.401
   12   204   1918.501       3.81493       6.004
   12   205   1869.392       3.80331       8.096
   12   206   1867.444       3.81191       8.499
   12   207   1862.359       3.80580       7.463
   12   208   1867.044       3.82693       5.992
   12   209   1818.907       3.82707       4.705
   12   210   1901.215       3.82178       3.683
   12   211   1867.215       3.80401       4.716
   12   212   1906.182       3.80926       4.512
   12   213   1821.934       3.81044       3.764
   12   214   1872.175       3.82182       4.113
   12   215   1874.650       3.79885       6.861
   12   216   1879.651       3.82521       4.777
   12   217   1823.748       3.80496       9.562
   12   218   1917.858       3.81826       6.329
   12   219   1841.154       3.80086       7.832
   12   220   1936.433       3.80949       4.850
   12   221   1835.923       3.80284       6.069
   12   222   1893.373       3.81939       5.441
   12   223   1850.616       3.80692       5.811
   12   224   1900.608       3.80957       6.418
   12   225   1807.395       3.80314       7.209
   12   226   1894.373       3.81599       5.980
   12   227   1858.192       3.79301      10.450
   12   228   1884.111       3.82765       5.068
   12   229   1826.543       3.81475       8.789
   12   230   1872.317       3.82080       6.483
   12   231   1824.844       3.81755       5.364
   12   232   1862.891       3.82157       6.383
   12   233   1846.142       3.82665       4.012
   12   234   1925.990       3.81549       6.283
   12   235   1851.234       3.81596       5.625
   12   236   1876.739       3.82933       4.915
   12   237   1834.980       3.80168       4.673
   12   238   1906.646       3.80856       4.849
   12   239   1847.707       3.80494       6.341
   12   240   1866.066       3.82338       5.555
   12   241   1854.472       3.80860       9.108
   12   242   1884.046       3.81234       6.195
   12   243   1836.940       3.80948       8.120
   12   244   1883.189       3.80870       7.114
   12   245   1838.524       3.79693       5.607
   12   246   1850.449       3.81855       3.897
   12   247   1818.372       3.81351       3.890
   12   248   1903.211       3.81219       3.601
   12   249   1846.415       3.80073       7.862
   12   250   1881.718       3.81288       5.621
   12   251   1853.772       3.80598       6.684
   12   252   1875.197       3.81044       7.594
   12   253   1857.497       3.81516       6.780
   12   254   1848.160       3.81704       4.696
   12   255   1841.691       3.81086       4.751
   12   256   1876.741       3.80713       6.364
   12   257   1850.838       3.80487       6.691
   12   258   1852.324       3.82901       4.618
   12   259   1802.833       3.81188       6.770
   12   260   1896.638       3.81814       5.761
   12   261   1823.721       3.80821       5.738
   12   262   1901.597       3.81845       5.161
   12   263   1854.963       3.78806       7.538
   12   264   1920.219       3.80866       6.216
   12   265   1854.668       3.81896       6.177
   12   266   1925.014       3.81108       4.258
   12   267   1850.371       3.80925       9.718
   12   268   1882.619       3.82676       9.502
   12   269   1829.741       3.81959       6.920
   12   270   1895.309       3.83229       4.305
   12   271   1868.005       3.80383       4.860
   12   272   1859.495       3.81664       5.595
   12   273   1867.892       3.80661       5.354
   12   274   1889.679       3.81651       4.521
   12   275   1828.957       3.80822       3.481
   12   276   1923.353       3.80716       4.650
   12   277   1814.779       3.80258       7.114
   12   278   1875.151       3.80540       6.327
   12   279   1831.245       3.79785       7.934
   12   280   1865.051       3.81760       5.675
   12   281   1895.767       3.80330       6.737
   12   282   1901.830       3.81509       5.643
   12   283   1826.018       3.80260       9.400
   12   284   1883.045       3.81241       5.730
   12   285   1840.240       3.80858       5.473
   12   286   1869.966       3.80839       4.086
   12   287   1808.867       3.79464       6.331
   12   288   1856.913       3.82769       3.982
   12   289   1857.201       3.79856       6.001
   12   290   1865.309       3.82024       4.274
   12   291   1828.842       3.80801       6.380
   12   292   1879.474       3.82524       2.891
   12   293   1849.003       3.80978       5.945
   12   294   1855.556       3.82536       4.082
   12   295   1826.756       3.80853       6.064
   12   296   1921.489       3.81719       6.042
   12   297   1808.283       3.80766       8.740
   12   298   1926.622       3.82183       4.012
   12   299   1831.796       3.79771       4.619
   12   300   1884.881       3.82173       5.107
   12   301   1847.671       3.80543       7.221
   12   302   1905.251       3.81346       4.217
   12   303   1831.989       3.80929       6.922
   12   304   1872.007       3.83325       2.660
   12   305   1845.073       3.82487       2.686
   12   306   1889.617       3.81149       6.111
   12   307   1820.102       3.80747       6.697
   12   308   1928.761       3.81261       7.834
   12   309   1850.001       3.82267       4.969
   12   310   1919.632       3.82210       6.114
   12   311   1835.041       3.81949       5.412
   12   312   1888.120       3.82763       5.376
   12   313   1839.740       3.81976       5.224
   12   314   1878.934       3.81605       3.969
   12   315   1816.881       3.81354       4.569
   12   316   1883.398       3.81246       4.961
   12   317   1786.602       3.81231       5.041
   12   318   1872.118       3.81532       4.329
   12   319   1855.728       3.79415       7.130
   12   320   1876.307       3.81756       2.928
   12   321   1818.125       3.80102       7.612
   12   322   1892.210       3.80502       5.646
   12   323   1848.429       3.79244       6.081
   12   324   1886.523       3.81304       7.230
   12   325   1814.002       3.80343       8.172
   12   326   1904.957       3.82088       3.857
   12   327   1832.480       3.81480       6.821
   12   328   1899.400       3.81343       5.059
   12   329   1837.728       3.80929       5.991
   12   330   1891.553       3.81226       4.515
   12   331   1804.747       3.81368       5.075
   12   332   1868.997       3.82926       4.820
   12   333   1841.636       3.81548       4.621
   12   334   1889.361       3.79945       6.141
   12   335   1814.372       3.80974       3.520
   12   336   1888.507       3.80994       5.105
   12   337   1814.585       3.79551       8.882
   12   338   1897.154       3.81580       4.155
   12   339   1807.197       3.80208       7.223
   12   340   1870.820       3.81410       3.533
   12   341   1818.114       3.80592       7.610
   12   342   1864.558       3.82081       4.452
   12   343   1816.703       3.81081       5.164
   12   344   1893.823       3.81721       4.658
   12   345   1854.497       3.80038       8.500
   12   346   1883.951       3.82719       4.027
   12   347   1816.585       3.82167       4.913
   12   348   1896.717       3.81564       3.096
   12   349   1821.439       3.79719       7.055
   12   350   1859.945       3.80963       6.578
   12   351   1839.169       3.80681       6.648
   12   352   1860.769       3.81731       7.659
   12   353   1830.541       3.81360       6.763
   12   354   1881.095       3.81437       5.595
   12   355   1820.367       3.81287       5.776
   12   356   1905.172       3.81489       3.856
   12   357   1848.349       3.80585       4.812
   12   358   1884.512       3.81297       5.028
   12   359   1849.749       3.81113       5.263
   12   360   1864.158       3.82023       4.547
   12   361   1819.440       3.80663       6.773
   12   362   1889.805       3.80669       6.791
   12   363   1856.338       3.80738       5.612
   12   364   1873.972       3.82730       5.222
   12   365   1851.273       3.81512       4.857
   12   366   1869.079       3.82993       4.423
   12   367   1840.575       3.81000       5.670
   12   368   1859.620       3.81861       4.763
   12   369   1829.818       3.80706       6.623
   12   370   1895.962       3.81767       4.912
   12   371   1820.201       3.79997       6.480
   12   372   1908.515       3.81334       5.465
   12   373   1833.282       3.79755       8.091
   12   374   1881.026       3.82245       4.426
   12   375   1841.641       3.80550       6.419
   12   376   1906.550       3.81250       5.338
   12   377   1846.478       3.81287       4.975
   12   378   1841.067       3.81114       3.699
   12   379   1851.046       3.79510       7.770
   12   380   1872.552       3.80307       5.633
   12   381   1789.915       3.80277       5.290
   12   382   1849.104       3.81355       6.338
   12   383   1807.168       3.80363       8.237
   12   384   1867.056       3.82214       7.008
   12   385   1843.023       3.81993       7.529
   12   386   1881.374       3.81908       4.904
   12   387   1811.736       3.81676       6.186
   12   388   1891.066       3.81558       3.483
   12   389   1840.153       3.80064       5.320
   12   390   1919.928       3.81805       2.553
   12   391   1827.169       3.79789       6.727
   12   392   1882.344       3.81767       5.211
   12   393   1837.431       3.79604       6.115
   12   394   1911.059       3.80949       5.692
   12   395   1874.752       3.81541       4.586
   12   396   1884.724       3.81667       7.493
   12   397   1852.068       3.81457       4.670
   12   398   1861.284       3.82164       5.972
   12   399   1819.388       3.81560       3.924
   12   400   1892.492       3.81359       4.085
   12   401   1831.378       3.79863       6.480
   12   402   1896.665       3.80937       4.052
   12   403   1835.309       3.80014       5.336
   12   404   1875.177       3.81141       6.493
   12   405   1871.767       3.80438       4.949
   12   406   1866.116       3.82173       5.985
   12   407   1832.292       3.81263       5.080
   12   408   1917.890       3.81235       4.220
   12   409   1859.962       3.81495       5.830
   12   410   1945.478       3.80866       3.472
   12   411   1827.546       3.80966       4.514
   12   412   1923.225       3.82014       3.561
   12   413   1833.792       3.79900       4.489
   12   414   1881.045       3.80760       6.220
   12   415   1841.464       3.81857       5.117
   12   416   1893.181       3.81105       5.564
   12   417   1870.713       3.80084       5.976
   12   418   1874.823       3.81971       3.749
   12   419   1841.825       3.80894       5.809
   12   420   1915.282       3.80993       6.074
   12   421   1833.291       3.81173       5.145
   12   422   1908.707       3.81624       4.287
   12   423   1803.175       3.81445       7.012
   12   424   1887.438       3.81036       4.226
   12   425   1859.025       3.81498       4.724
   12   426   1917.053       3.80555       4.511
   12   427   1839.241       3.80306       5.815
   12   428   1864.994       3.81919       6.296
   12   429   1809.940       3.81546       4.517
   12   430   1909.027       3.82178       3.989
   12   431   1833.910       3.80500       7.101
   12   432   1866.636       3.82955       3.210
   12   433   1844.560       3.81540       3.430
   12   434   1875.966       3.81512       4.451
   12   435   1817.772       3.80605       6.752
   12   436   1932.254       3.81157       6.842
   12   437   1856.839       3.80193       6.925
   12   438   1889.668       3.82129       3.790
   12   439   1818.424       3.80179       7.411
   12   440   1887.731       3.80465       6.908
   12   441   1873.989       3.79066       5.969
   12   442   1886.341       3.81531       3.992
   12   443   1869.279       3.80042       7.949
   12   444   1850.852       3.82573       6.859
   12   445   1784.713       3.81145       9.193
   12   446   1884.920       3.81497       6.915
   12   447   1828.298       3.80167       7.407
   12   448   1866.269       3.81766       4.759
   12   449   1870.533       3.78813       7.354
   12   450   1864.349       3.80796       7.308
   12   451   1810.763       3.80034       9.233
   12   452   1887.783       3.81172       6.348
   12   453   1829.696       3.80149       8.194
   12   454   1869.114       3.80765       8.848
   12   455   1817.546       3.80571       7.600
   12   456   1895.411       3.82406       5.557
   12   457   1815.053       3.80986       6.093
   12   458   1875.685       3.82203       5.699
   12   459   1829.736       3.80361       7.286
   12   460   1895.555       3.81186       4.794
   12   461   1856.845       3.80269       5.785
   12   462   1881.791       3.81144       3.115
   12   463   1843.345       3.80011       6.011
   12   464   1887.262       3.81330       6.823
   12   465   1849.583       3.79744       7.715
   12   466   1879.355       3.82321       6.600
   12   467   1835.578       3.81672       6.923
   12   468   1868.290       3.81202       6.750
   12   469   1815.892       3.81122       7.301
   12   470   1895.786       3.82065       4.862
   12   471   1803.219       3.80825       7.459
   12   472   1895.214       3.82127       3.246
   12   473   1866.192       3.80803       5.714
   12   474   1892.444       3.81435       5.472
   12   475   1830.437       3.80179       7.101
   12   476   1894.241       3.80654       3.953
   12   477   1878.137       3.79857       5.833
   12   478   1873.748       3.81503       6.101
   12   479   1846.350       3.79681       6.694
   12   480   1879.598       3.81078       7.419
   12   481   1828.285       3.79574       9.666
   12   482   1916.169       3.81372       4.260
   12   483   1849.799       3.80704       6.945
   12   484   1891.592       3.81385       5.318
   12   485   1860.677       3.80442       4.809
   12   486   1882.838       3.81779       3.625
   12   487   1803.549       3.80271       7.749
   12   488   1890.677       3.81147       5.087
   12   489   1844.231       3.80608       5.020
   12   490   1892.022       3.81868       3.438
   12   491   1874.370       3.78934      10.382
   12   492   1859.281       3.82801       5.970
   12   493   1831.672       3.80585       7.847
   12   494   1882.230       3.83269       5.550
   12   495   1847.896       3.81217       7.016
   12   496   1870.550       3.81543       6.845
   12   497   1846.196       3.80168       5.403
   12   498   1809.832       3.77231       4.904
   12   499   1736.261       3.77461       6.138
   12   500   1811.159       3.79673       7.048
   12   501   1760.455       3.79411       8.758
   12   502   1818.946       3.80617       4.098
   12   503   1803.117       3.79476       7.179
   12   504   1871.258       3.83435       6.620
   12   505   1844.122       3.80949       5.872
   12   506   1866.565       3.82615       4.829
   12   507   1860.787       3.80709       4.100
   12   508   1849.415       3.82429       4.219
   12   509   1829.685       3.81516       5.566
   12   510   1869.801       3.82099       6.715
   12   511   1849.687       3.80898       5.952
   12   512   1839.336       3.80958       6.008
   12   513   1834.861       3.80831       6.403
   12   514   1787.489       3.80785       5.384
   12   515   1798.805       3.79526       8.073
   12   516   1830.354       3.79995       5.557
   12   517   1786.900       3.78842       7.332
   12   518   1815.796       3.80150      11.812
   12   519   1816.310       3.78588       9.037
   12   520   1841.076       3.80589       9.645
   12   521   1854.728       3.78956       9.907
   12   522   1806.900       3.81259       7.900
   12   523   1811.502       3.81274       5.536
   12   524   1878.046       3.80302       4.451
   12   525   1839.087       3.79407       7.040
   12   526   1835.744       3.80802       6.056
   12   527   1822.361       3.79067       6.276
   12   528   1869.491       3.79807       4.735
   12   529   1843.493       3.79301       5.297
   12   530   1834.778       3.79464       6.263
   12   531   1846.239       3.78097       8.356
   12   532   1818.693       3.80348       6.908
   12   533   1787.621       3.81070       6.736
   12   534   1855.094       3.80676       7.583
   12   535   1834.520       3.81006       8.036
   12   536   1782.990       3.81784       5.324
   12   537   1847.608       3.79391       4.692
   12   538   1859.901       3.79824       5.997
   12   539   1810.718       3.79902       3.260
   12   540   1794.211       3.80503       5.134
   12   541   1833.825       3.79136       5.995
   12   542   1844.778       3.79464       7.777
   12   543   1815.957       3.79032       8.646
   12   544   1848.660       3.81237       4.570
   12   545   1826.866       3.78897       6.543
   12   546   1846.815       3.81025       5.884
   12   547   1804.528       3.80591       6.034
   12   548   1830.300       3.80643       7.841
   12   549   1861.142       3.79977       6.806
   12   550   1857.109       3.80482       4.137
   12   551   1834.318       3.77977       6.764
   12   552   1806.515       3.80419       5.958
   12   553   1821.745       3.79014       5.382
   12   554   1813.989       3.81871       5.125
   12   555   1812.626       3.80253       9.144
   12   556   1791.775       3.82111       7.170
   12   557   1832.122       3.80126       6.173
   12   558   1831.883       3.80412       6.156
   12   559   1840.231       3.80035       6.022
   12   560   1811.308       3.81997       3.431
   12   561   1828.617       3.79935       4.859
   12   562   1834.281       3.79976       6.170
   12   563   1828.912       3.78581       7.019
   12   564   1802.909       3.80769       7.829
   12   565   1803.100       3.80616       7.380
   12   566   1858.475       3.81082       7.830
   12   567   1829.855       3.79481       7.028
   12   568   1823.166       3.81327       5.693
   12   569   1810.574       3.80306       5.779
   12   570   1837.857       3.80644       4.336
   12   571   1839.841       3.78732       5.186
   12   572   1825.223       3.80830       3.012
   12   573   1811.404       3.79448       5.452
   12   574   1807.505       3.79907       3.646
   12   575   1830.001       3.78910       5.913
   12   576   1816.596       3.80819       5.856
   12   577   1804.098       3.80068       7.698
   12   578   1828.202       3.80889       8.125
   12   579   1817.137       3.81000       6.885
   12   580   1832.046       3.81363       5.706
   12   581   1820.235       3.79767       6.711
   12   582   1824.102       3.81221       5.256
   12   583   1803.102       3.81054       4.604
   12   584   1828.757       3.80876       5.406
   12   585   1822.310       3.80754       5.067
   12   586   1823.818       3.79995       6.848
   12   587   1798.785       3.78987       6.047
   12   588   1791.644       3.80623       4.076
   12   589   1827.987       3.78930       5.406
   12   590   1825.981       3.80321       6.802
   12   591   1857.078       3.79505       6.419
   12   592   1838.618       3.79952       9.174
   12   593   1831.644       3.81417       6.100
   12   594   1837.027       3.81262       5.070
   12   595   1859.954       3.79482       8.471
   12   596   1828.678       3.81099       6.020
   12   597   1805.325       3.80800       4.238
   12   598   1841.077       3.80504       5.185
   12   599   1832.267       3.79670       6.144
   12   600   1837.581       3.80509       6.142
   12   601   1839.686       3.78355       7.076
   12   602   1796.475       3.81420       5.993
   12   603   1820.459       3.79851       5.478
   12   604   1796.651       3.82632       4.493
   12   605   1798.515       3.81529       5.181
   12   606   1823.879       3.81136       6.333
   12   607   1819.604       3.80512       2.892
   12   608   1782.749       3.80847       4.133
   12   609   1860.225       3.78386       3.628
   12   610   1836.351       3.80274       3.357
   12   611   1831.235       3.79614       5.633
   12   612   1867.091       3.80008       5.338
   12   613   1826.709       3.79185       8.855
   12   614   1850.291       3.80594      10.418
   12   615   1821.930       3.80724       8.558
   12   616   1835.997       3.81064       5.784
   12   617   1808.206       3.80092       5.780
   12   618   1813.965       3.81084       3.994
   12   619   1858.821       3.80039       5.228
   12   620   1802.208       3.81405       0.963
   12   621   1838.283       3.80166       3.621
   12   622   1817.225       3.79340       6.186
   12   623   1850.776       3.77881       7.391
   12   624   1834.495       3.79660       6.748
   12   625   1852.766       3.79674       8.322
   12   626   1825.152       3.80585       7.260
   12   627   1815.637       3.80309       5.774
   12   628   1790.341       3.81242       4.879
   12   629   1819.576       3.80213       4.036
   12   630   1836.595       3.79861       4.222
   12   631   1816.932       3.80427       5.502
   12   632   1854.416       3.80436       6.003
   12   633   1821.963       3.79692       5.621
   12   634   1824.850       3.80062       4.802
   12   635   1820.836       3.79925       6.299
   12   636   1822.706       3.80167       5.808
   12   637   1818.031       3.80086       6.058
   12   638   1814.413       3.81307       5.702
   12   639   1818.029       3.80238       8.484
   12   640   1879.038       3.79095       6.199
   12   641   1837.911       3.79980       6.071
   12   642   1855.118       3.80618       3.605
   12   643   1794.043       3.80822       5.489
   12   644   1780.451       3.80991       7.015
   12   645   1816.124       3.80978       5.327
   12   646   1835.830       3.81231       5.212
   12   647   1848.079       3.79998       6.478
   12   648   1802.314       3.81629       4.237
   12   649   1855.235       3.78371       6.825
   12   650   1818.125       3.80860       6.772
   12   651   1858.390       3.79387       5.981
   12   652   1810.636       3.81366       6.091
   12   653   1828.829       3.79153       8.099
   12   654   1815.704       3.81543       3.773
   12   655   1810.916       3.81220       4.388
   12   656   1807.809       3.81403       6.940
   12   657   1820.683       3.79424       8.121
   12   658   1808.035       3.81329       4.494
   12   659   1824.262       3.80165       5.937
   12   660   1793.715       3.81024       4.157
   12   661   1857.609       3.79341       5.916
   12   662   1818.769       3.80678       6.211
   12   663   1832.081       3.79601       5.692
   12   664   1810.221       3.81073       5.895
   12   665   1856.364       3.79108       6.711
   12   666   1862.974       3.80491       6.594
   12   667   1848.679       3.80739       5.841
   12   668   1814.195       3.80852       6.711
   12   669   1838.319       3.79788       5.044
   12   670   1855.968       3.79939       4.984
   12   671   1860.221       3.79732       6.630
   12   672   1861.056       3.80179       7.015
   12   673   1831.271       3.79743       3.468
   12   674   1857.255       3.80424       6.200
   12   675   1809.882       3.79328       5.729
   12   676   1820.066       3.80133       5.714
   12   677   1857.703       3.79689       3.446
   12   678   1805.941       3.80435       6.189
   12   679   1853.119       3.79677       7.916
   12   680   1853.120       3.81729       6.080
   12   681   1821.865       3.80640       6.456
   12   682   1819.698       3.82015       5.392
   12   683   1831.329       3.80024       7.176
   12   684   1843.695       3.80319       4.603
   12   685   1805.993       3.80023       4.567
   12   686   1829.655       3.81444       5.558
   12   687   1795.282       3.81265       4.663
   12   688   1836.631       3.81397       4.508
   12   689   1857.278       3.80829       3.378
   12   690   1811.121       3.81251       3.857
   12   691   1819.632       3.80388       4.591
   12   692   1806.275       3.80704       3.746
   12   693   1826.799       3.78742       4.395
   12   694   1839.522       3.79895       5.167
   12   695   1833.904       3.78945       5.935
   12   696   1826.966       3.79316       7.921
   12   697   1831.181       3.79570       7.757
   12   698   1836.410       3.81021       7.841
   12   699   1815.274       3.80229       7.435
   12   700   1843.804       3.80595       6.442
   12   701   1847.923       3.80420       4.944
   12   702   1795.486       3.82438       6.274
   12   703   1837.999       3.81000       3.025
   12   704   1835.866       3.80482       4.413
   12   705   1814.046       3.79653       7.248
   12   706   1830.077       3.81767       3.950
   12   707   1841.887       3.80257       3.236
   12   708   1807.939       3.80324       6.345
   12   709   1823.609       3.80060       8.418
   12   710   1781.514       3.82559       4.753
   12   711   1805.704       3.81287       6.102
   12   712   1848.671       3.82092       3.577
   12   713   1815.383       3.80270       7.505
   12   714   1811.887       3.82028       4.532
   12   715   1825.558       3.80205       5.368
   12   716   1825.281       3.82207       3.391
   12   717   1827.387       3.80216       7.184
   12   718   1811.325       3.80045       6.521
   12   719   1848.785       3.78789       6.244
   12   720   1844.453       3.80434       4.407
   12   721   1824.639       3.78311       8.947
   12   722   1839.837       3.79749       5.622
   12   723   1846.668       3.80020       7.368
   12   724   1818.888       3.80529       5.456
   12   725   1808.040       3.79838       6.687
   12   726   1800.536       3.80827       7.583
   12   727   1827.996       3.79851       7.287
   12   728   1842.484       3.80837       4.445
   12   729   1812.785       3.80553       4.953
   12   730   1809.803       3.81968       3.929
   12   731   1802.902       3.79204       3.453
   12   732   1810.750       3.80863       4.956
   12   733   1827.844       3.80740       5.515
   12   734   1833.111       3.80767       7.866
   12   735   1783.952       3.79384       6.713
   12   736   1839.386       3.80598       5.563
   12   737   1815.653       3.81504       3.351
   12   738   1836.583       3.80505       5.393
   12   739   1849.937       3.79984       4.738
   12   740   1834.884       3.80039       6.274
   12   741   1817.480       3.80446       5.662
   12   742   1845.889       3.81154       5.456
   12   743   1822.785       3.80165       8.166
   12   744   1869.761       3.81837       2.927
   12   745   1816.254       3.79893       5.283
   12   746   1809.866       3.81029       7.115
   12   747   1827.999       3.80097       6.878
   12   748   1868.871       3.81217       2.616
   12   749   1817.389       3.81924       6.198
   12   750   1827.366       3.80846       4.434
   12   751   1803.353       3.79643       3.526
   12   752   1857.635       3.80023       4.930
   12   753   1847.858       3.79135       5.463
   12   754   1835.573       3.80931       5.624
   12   755   1782.343       3.79931       5.110
   12   756   1894.592       3.79280       5.812
   12   757   1809.757       3.81198       3.838
   12   758   1849.503       3.81279       4.664
   12   759   1798.347       3.80298       6.889
   12   760   1820.595       3.80905       6.169
   12   761   1845.914       3.79800       5.987
   12   762   1835.360       3.81124       4.841
   12   763   1817.126       3.80250       4.449
   12   764   1812.883       3.80765       4.097
   12   765   1856.071       3.79488       6.040
   12   766   1850.565       3.80349       5.298
   12   767   1853.907       3.79703       4.746
   12   768   1834.121       3.80855       4.899
   12   769   1797.493       3.79975       4.993
   12   770   1881.360       3.80985       3.983
   12   771   1842.862       3.80689       4.715
   12   772   1839.428       3.80353       5.139
   12   773   1859.896       3.79878       5.665
   12   774   1833.839       3.80463       5.996
   12   775   1805.640       3.80774       7.121
   12   776   1799.552       3.81053       5.509
   12   777   1837.734       3.79740       5.858
   12   778   1832.593       3.80682       5.132
   12   779   1865.160       3.79750       4.944
   12   780   1857.327       3.79311       7.132
   12   781   1869.049       3.80127       4.055
   12   782   1841.569       3.80016       6.510
   12   783   1824.474       3.80186       4.761
   12   784   1802.495       3.80953       4.306
   12   785   1881.040       3.77961       9.228
   12   786   1859.455       3.81270       6.910
   12   787   1865.154       3.80939       5.451
   12   788   1848.687       3.80882       6.066
   12   789   1808.656       3.80626       5.282
   12   790   1858.711       3.80622       7.446
   12   791   1837.373       3.80222       4.887
   12   792   1817.660       3.81147       5.821
   12   793   1844.771       3.80413       4.890
   12   794   1813.106       3.81760       4.664
   12   795   1816.929       3.80518       5.787
   12   796   1802.166       3.80798       5.742
   12   797   1840.886       3.80299       6.163
   12   798   1806.995       3.80665       5.508
   12   799   1831.957       3.80138       3.199
   12   800   1813.361       3.81356       3.557
   12   801   1865.651       3.79075       5.740
   12   802   1841.449       3.80929       3.694
   12   803   1824.232       3.80203       4.895
   12   804   1845.871       3.82109       4.215
   12   805   1794.454       3.82089       5.283
   12   806   1817.625       3.81598       4.718
   12   807   1855.885       3.79457       6.199
   12   808   1845.159       3.80430       3.907
   12   809   1872.107       3.78657       5.746
   12   810   1831.731       3.81182       4.271
   12   811   1859.389       3.80354       5.034
   12   812   1841.431       3.81301       3.884
   12   813   1836.329       3.80796       5.356
   12   814   1798.171       3.81847       4.248
   12   815   1834.300       3.80218       3.784
   12   816   1842.395       3.80755       5.860
   12   817   1853.127       3.80405       4.502
   12   818   1841.497       3.81135       5.417
   12   819   1830.635       3.80168       4.783
   12   820   1831.473       3.80557       5.633
   12   821   1844.772       3.79881       6.163
   12   822   1837.959       3.80411       6.412
   12   823   1822.606       3.80561       5.342
   12   824   1840.094       3.81231       5.069
   12   825   1847.312       3.80853       3.929
   12   826   1835.257       3.81495       5.085
   12   827   1857.190       3.80927       5.186
   12   828   1804.655       3.81395       4.677
   12   829   1845.957       3.80032       4.906
   12   830   1814.293       3.80680       6.319
   12   831   1786.451       3.80753       4.484
   12   832   1832.815       3.80652       6.314
   12   833   1806.425       3.80265       6.377
   12   834   1846.043       3.80857       5.538
   12   835   1828.330       3.80772       4.878
   12   836   1848.987       3.81228       4.014
   12   837   1813.903       3.79601       8.634
   12   838   1822.573       3.80466       6.802
   12   839   1837.791       3.79782       4.106
   12   840   1823.983       3.82206       5.806
   12   841   1856.482       3.80118       4.703
   12   842   1850.601       3.81022       4.165
   12   843   1812.513       3.79952       6.532
   12   844   1859.616       3.79781       5.615
   12   845   1786.812       3.79917       6.671
   12   846   1846.529       3.80270       6.687
   12   847   1848.570       3.79509       5.715
   12   848   1833.028       3.81424       6.123
   12   849   1832.596       3.80744       7.287
   12   850   1862.586       3.80686       6.295
   12   851   1865.296       3.79367       5.006
   12   852   1868.652       3.81560       3.062
   12   853   1821.816       3.80389       7.372
   12   854   1813.769       3.81593       4.063
   12   855   1814.263       3.80899       4.762
   12   856   1821.444       3.81821       5.822
   12   857   1824.378       3.81359       4.807
   12   858   1764.797       3.82569       4.134
   12   859   1841.018       3.80777       5.503
   12   860   1843.066       3.82102       4.623
   12   861   1817.954       3.80899       5.511
   12   862   1812.304       3.82087       4.243
   12   863   1824.577       3.81580       2.710
   12   864   1807.005       3.79896       6.008
   12   865   1823.770       3.79006       5.733
   12   866   1842.254       3.79809       7.917
   12   867   1783.570       3.81615       5.058
   12   868   1818.168       3.81338       5.792
   12   869   1798.122       3.81246       5.850
   12   870   1816.877       3.79915       9.897
   12   871   1819.614       3.81184       4.940
   12   872   1857.288       3.81177       5.119
   12   873   1812.872       3.80770       7.751
   12   874   1804.391       3.81566       6.432
   12   875   1832.948       3.81379       5.876
   12   876   1803.571       3.81641       4.864
   12   877   1796.039       3.80473       4.789
   12   878   1802.056       3.81147       3.825
   12   879   1816.393       3.80292       4.299
   12   880   1851.120       3.80226       5.873
   12   881   1819.934       3.79929       7.609
   12   882   1842.365       3.80840       5.352
   12   883   1834.345       3.79703       6.959
   12   884   1813.006       3.81864       5.036
   12   885   1825.824       3.79473       7.985
   12   886   1824.145       3.81004       4.952
   12   887   1867.874       3.80496       3.953
   12   888   1855.310       3.82156       5.659
   12   889   1815.430       3.81689       3.334
   12   890   1794.013       3.80817       5.678
   12   891   1795.346       3.80149       5.890
   12   892   1815.453       3.81202       3.697
   12   893   1808.219       3.80101       5.750
   12   894   1860.696       3.81275       6.902
   12   895   1829.681       3.81663       4.982
   12   896   1832.495       3.80741       5.828
   12   897   1811.474       3.79775       6.724
   12   898   1800.614       3.81895       3.516
   12   899   1846.980       3.80598       5.464
   12   900   1864.852       3.80414       6.953
   12   901   1826.013       3.80560       7.292
   12   902   1832.790       3.81193       5.742
   12   903   1806.317       3.79356       7.395
   12   904   1844.067       3.80297       5.008
   12   905   1828.985       3.78552       9.564
   12   906   1890.842       3.81064       5.077
   12   907   1808.886       3.81303       3.958
   12   908   1826.804       3.81594       5.441
   12   909   1828.127       3.79421       6.665
   12   910   1808.265       3.81569       6.723
   12   911   1770.764       3.81812       5.832
   12   912   1824.226       3.82086       4.473
   12   913   1835.391       3.80225       6.320
   12   914   1837.649       3.80920       4.427
   12   915   1853.897       3.79172       6.003
   12   916   1861.607       3.81554       4.762
   12   917   1826.615       3.79458       5.235
   12   918   1850.201       3.80942       6.427
   12   919   1834.748       3.80979       5.769
   12   920   1824.449       3.81867       4.228
   12   921   1861.689       3.80154       7.187
   12   922   1781.282       3.82277       3.157
   12   923   1831.201       3.80703       3.374
   12   924   1834.251       3.79646       5.009
   12   925   1849.278       3.79807       5.314
   12   926   1817.609       3.80586       5.688
   12   927   1835.944       3.79207       6.401
   12   928   1836.175       3.81325       5.579
   12   929   1799.182       3.81310       4.500
   12   930   1800.902       3.83109       5.054
   12   931   1814.241       3.82723       7.116
   12   932   1827.301       3.82400       4.096
   12   933   1853.320       3.81184       5.581
   12   934   1844.920       3.82650       3.223
   12   935   1803.485       3.81362       4.114
   12   936   1830.045       3.81283       3.363
   12   937   1865.514       3.80244       5.758
   12   938   1836.852       3.81091       7.681
   12   939   1777.970       3.80697       6.161
   12   940   1843.701       3.81730       6.268
   12   941   1829.273       3.81243       5.273
   12   942   1834.753       3.80789       8.756
   12   943   1849.530       3.80496       4.800
   12   944   1869.414       3.81475       2.666
   12   945   1860.761       3.79091       6.272
   12   946   1846.034       3.81826       3.620
   12   947   1845.534       3.79878       6.978
   12   948   1858.407       3.80351       5.748
   12   949   1873.811       3.79340       6.632
   12   950   1824.099       3.82175       7.556
   12   951   1857.921       3.81519       3.795
   12   952   1838.969       3.80693       5.635
   12   953   1821.475       3.80862       3.679
   12   954   1820.216       3.82170       6.872
   12   955   1814.119       3.81350       4.805
   12   956   1846.212       3.81200       3.332
   12   957   1847.890       3.79958       4.766
   12   958   1802.154       3.81793       4.615
   12   959   1822.971       3.81190       5.610
   12   960   1823.003       3.81577       4.692
   12   961   1863.052       3.80281       6.641
   12   962   1835.657       3.81149       5.489
   12   963   1807.103       3.80174       3.647
   12   964   1802.564       3.80026       5.886
   12   965   1844.386       3.79564       3.377
   12   966   1831.963       3.81196       4.978
   12   967   1846.655       3.81353       5.045
   12   968   1839.254       3.80249       8.703
   12   969   1818.021       3.80000       5.328
   12   970   1794.388       3.80874       6.468
   12   971   1802.659       3.81144       3.899
   12   972   1836.306       3.81134       5.913
   12   973   1825.901       3.79796       5.623
   12   974   1830.527       3.80599       7.738
   12   975   1798.161       3.81375       5.703
   12   976   1846.885       3.82352       3.200
   12   977   1875.311       3.79981       7.227
   12   978   1807.015       3.82696       4.128
   12   979   1826.929       3.80867       6.294
   12   980   1821.765       3.81108       6.592
   12   981   1833.361       3.80907       5.447
   12   982   1837.503       3.80578       5.435
   12   983   1793.095       3.80970       4.016
   12   984   1874.686       3.81264       4.715
   12   985   1836.994       3.80198       5.807
   12   986   1843.770       3.81568       4.846
   12   987   1847.630       3.80404       7.017
   12   988   1828.395       3.81346       4.377
   12   989   1817.232       3.81906       3.558
   12   990   1822.384       3.80919       4.482
   12   991   1824.776       3.80839       5.943
   12   992   1838.144       3.80867       3.566
   12   993   1798.449       3.80914       7.174
   12   994   1799.530       3.80803       7.653
   12   995   1797.181       3.80986       4.909
   12   996   1806.121       3.81428       6.446
   12   997   1842.804       3.81157       5.928
   12   998   1796.468       3.82110       6.470
   12   999   1839.452       3.81821       3.486
   12  1000   1826.837       3.81460       5.120
   12  1001   1825.172       3.81233       4.945
   12  1002   1820.950       3.81014       5.799
   12  1003   1846.565       3.79671       4.392
   12  1004   1838.776       3.80351       5.219
   12  1005   1837.876       3.80937       7.042
   12  1006   1838.749       3.82992       5.740
   12  1007   1810.053       3.82896       4.916
   12  1008   1826.872       3.82453       4.226
   12  1009   1818.258       3.81710       3.928
   12  1010   1751.071       3.81498       3.642
   12  1011   1805.565       3.80370       2.196
   12  1012   1833.509       3.79996       3.852
   12  1013   1769.284       3.80533       3.143
   12  1014   1805.100       3.80152       2.861
   12  1015   1827.521       3.78929       5.916
   12  1016   1828.686       3.79981       5.969
   12  1017   1792.650       3.79749       3.179
   12  1018   1810.418       3.81915       5.156
   12  1019   1835.137       3.80317       9.330
   12  1020   1820.042       3.82107       6.160
   12  1021   1807.950       3.82125       6.481
   12  1022   1824.592       3.84413       5.261
   12  1023   1824.735       3.82520       7.268
