   18     0   1965.778       3.82233       4.355
   18     1   1911.777       3.81129       5.432
   18     2   1974.894       3.80408       3.725
   18     3   1901.266       3.80310       4.551
   18     4   1933.863       3.81144       4.205
   18     5   1932.965       3.79639       5.200
   18     6   1943.364       3.80570       5.355
   18     7   1901.769       3.80834       5.347
   18     8   1971.958       3.80526       4.460
   18     9   1928.539       3.78819       9.020
   18    10   1933.471       3.81680       6.238
   18    11   1929.564       3.81023       5.306
   18    12   1956.812       3.81271       2.725
   18    13   1918.725       3.79413       4.871
   18    14   1950.748       3.80247       4.647
   18    15   1889.329       3.78697       7.503
   18    16   1929.409       3.81105       3.674
   18    17   1863.667       3.79420       5.841
   18    18   1945.425       3.80071       4.198
   18    19   1936.892       3.78845       5.299
   18    20   1961.195       3.79439       6.207
   18    21   1907.864       3.80415       4.811
   18    22   1972.784       3.82220       4.561
   18    23   1879.921       3.82110       6.254
   18    24   1963.423       3.80887       4.493
   18    25   1896.522       3.81545       4.122
   18    26   1982.807       3.81781       2.512
   18    27   1914.266       3.80238       4.225
   18    28   1930.729       3.81354       4.491
   18    29   1920.603       3.79550       4.470
   18    30   1961.527       3.79727       4.252
   18    31   1911.721       3.79553       5.628
   18    32   1947.254       3.80159       4.990
   18    33   1881.957       3.80295       4.446
   18    34   1951.254       3.81200       5.416
   18    35   1894.781       3.80458       7.086
   18    36   1963.922       3.81316       5.063
   18    37   1903.738       3.80570       3.830
   18    38   1958.319       3.81480       3.144
   18    39   1905.482       3.80731       7.945
   18    40   1965.422       3.81617       4.463
   18    41   1908.795       3.81112       3.846
   18    42   1980.972       3.79879       6.026
   18    43   1912.616       3.80151       5.087
   18    44   1927.692       3.82052       3.957
   18    45   1907.716       3.80392       3.636
   18    46   1996.213       3.79864       3.298
   18    47   1903.063       3.79270       4.377
   18    48   1953.757       3.80984       3.400
   18    49   1880.709       3.80490       6.195
   18    50   1943.283       3.81761       7.637
   18    51   1891.504       3.81252       4.453
   18    52   1946.928       3.81029       4.482
   18    53   1919.858       3.79678       4.953
   18    54   1958.659       3.81145       5.931
   18    55   1890.630       3.81549       4.053
   18    56   1942.132       3.81662       5.066
   18    57   1896.554       3.80047       3.932
   18    58   1966.159       3.80821       3.083
   18    59   1928.600       3.79000       5.651
   18    60   1927.788       3.80812       4.947
   18    61   1850.363       3.80726       3.702
   18    62   1925.988       3.81295       4.926
   18    63   1905.500       3.80150       6.233
   18    64   1921.817       3.81002       7.131
   18    65   1908.668       3.79877       6.715
   18    66   1942.664       3.81119       6.309
   18    67   1918.392       3.80332       5.348
   18    68   1939.505       3.82039       4.492
   18    69   1888.778       3.81117       6.178
   18    70   1981.973       3.81712       3.820
   18    71   1878.575       3.80668       5.923
   18    72   1938.238       3.80988       6.224
   18    73   1907.882       3.80805       3.626
   18    74   1974.121       3.80603       3.266
   18    75   1868.143       3.79449       6.615
   18    76   1979.393       3.80293       6.315
   18    77   1930.667       3.80135       5.431
   18    78   1972.945       3.78957       5.213
   18    79   1867.459       3.80622       5.459
   18    80   1924.479       3.81619       3.530
   18    81   1908.483       3.79675       5.915
   18    82   1949.343       3.81351       4.903
   18    83   1904.245       3.79967       6.183
   18    84   1945.673       3.82128       5.769
   18    85   1875.336       3.81226       6.454
   18    86   1953.882       3.81598       3.734
   18    87   1868.754       3.80138       5.554
   18    88   1975.444       3.80894       4.755
   18    89   1917.633       3.79333       5.732
   18    90   1963.330       3.80654       2.782
   18    91   1903.754       3.79971       5.919
   18    92   1966.358       3.80275       6.776
   18    93   1919.796       3.79984       4.041
   18    94   1913.578       3.81079       6.082
   18    95   1902.803       3.80256       7.001
   18    96   1928.950       3.81239       5.617
   18    97   1926.289       3.79340       8.669
   18    98   1945.807       3.80153       4.983
   18    99   1888.571       3.79705       6.681
   18   100   1964.197       3.79622       4.305
   18   101   1904.953       3.80080       6.874
   18   102   1966.329       3.81531       4.964
   18   103   1849.921       3.80662       5.656
   18   104   1959.296       3.81028       5.999
   18   105   1947.895       3.80166       4.788
   18   106   1922.859       3.80996       4.182
   18   107   1889.609       3.81540       4.464
   18   108   1948.199       3.81881       4.959
   18   109   1940.253       3.80408       7.511
   18   110   1919.234       3.81630       4.886
   18   111   1922.304       3.80940       3.475
   18   112   1985.884       3.79809       5.281
   18   113   1869.046       3.80162       5.017
   18   114   1958.090       3.80791       3.901
   18   115   1866.473       3.81288       4.397
   18   116   1940.760       3.80991       4.895
   18   117   1873.855       3.79902       5.936
   18   118   1971.396       3.81829       3.556
   18   119   1890.610       3.80590       5.846
   18   120   1915.817       3.82461       5.489
   18   121   1908.788       3.81418       4.975
   18   122   1976.157       3.81086       5.082
   18   123   1904.920       3.79802       5.172
   18   124   1942.448       3.81328       4.783
   18   125   1875.299       3.82251       3.453
   18   126   1948.239       3.80812       3.939
   18   127   1903.705       3.79614       4.853
   18   128   1928.034       3.81283       7.622
   18   129   1951.260       3.78586       6.067
   18   130   1972.902       3.80987       3.860
   18   131   1885.214       3.81396       5.239
   18   132   1955.844       3.81062       6.398
   18   133   1884.395       3.81510       8.701
   18   134   1918.144       3.83102       4.319
   18   135   1912.657       3.80548       5.551
   18   136   1966.218       3.81284       4.140
   18   137   1926.772       3.81106       4.626
   18   138   1921.969       3.81628       4.171
   18   139   1930.022       3.79282       6.775
   18   140   1927.843       3.80684       3.915
   18   141   1915.561       3.79884       4.705
   18   142   1942.853       3.79735       5.759
   18   143   1905.195       3.79459       5.354
   18   144   1927.727       3.80669       6.599
   18   145   1914.960       3.80213       6.677
   18   146   1959.241       3.82674       4.285
   18   147   1896.618       3.80036       6.472
   18   148   1883.215       3.82965       4.703
   18   149   1944.404       3.80630       4.636
   18   150   1924.896       3.81077       6.848
   18   151   1911.505       3.80350       4.684
   18   152   1897.166       3.81467       6.561
   18   153   1921.523       3.80079       5.827
   18   154   1953.570       3.81998       4.554
   18   155   1906.406       3.80493       5.823
   18   156   1952.313       3.81302       6.781
   18   157   1927.803       3.80521       6.328
   18   158   1919.276       3.81082       5.262
   18   159   1870.562       3.81285       4.556
   18   160   1971.795       3.80812       3.539
   18   161   1929.941       3.79370       5.863
   18   162   1931.332       3.81573       5.314
   18   163   1882.616       3.80078       6.333
   18   164   1962.441       3.81553       4.871
   18   165   1882.596       3.81405       4.355
   18   166   1923.910       3.82882       4.394
   18   167   1892.635       3.79818       7.799
   18   168   1943.082       3.80684       5.894
   18   169   1909.695       3.80722       3.948
   18   170   1961.764       3.80861       4.835
   18   171   1885.988       3.81062       6.938
   18   172   1980.318       3.80800       5.291
   18   173   1905.984       3.80492       5.084
   18   174   1980.160       3.81747       6.077
   18   175   1906.231       3.80771       6.277
   18   176   1932.350       3.81521       5.131
   18   177   1922.977       3.79792       5.419
   18   178   1950.537       3.80259       4.726
   18   179   1891.851       3.81172       4.395
   18   180   1957.470       3.80680       2.905
   18   181   1889.950       3.81352       4.281
   18   182   1932.107       3.81445       4.110
   18   183   1890.574       3.80348       8.040
   18   184   1948.166       3.81209       4.672
   18   185   1932.258       3.80319       7.018
   18   186   1938.385       3.81003       5.658
   18   187   1922.866       3.80007       6.536
   18   188   1937.453       3.81565       4.005
   18   189   1962.330       3.78844       5.505
   18   190   1955.606       3.80660       3.154
   18   191   1912.787       3.79279       4.502
   18   192   2011.561       3.80115       6.141
   18   193   1907.952       3.80314       6.006
   18   194   1964.548       3.80165       5.005
   18   195   1904.969       3.80519       7.126
   18   196   1957.043       3.81481       3.841
   18   197   1859.281       3.81173       5.537
   18   198   1924.890       3.80931       5.361
   18   199   1908.569       3.79333       6.255
   18   200   1920.397       3.82217       5.293
   18   201   1871.904       3.81446       7.359
   18   202   1963.374       3.80298       3.878
   18   203   1902.481       3.79557       4.681
   18   204   1931.647       3.81666       5.273
   18   205   1898.217       3.81226       4.578
   18   206   1957.723       3.81410       4.172
   18   207   1880.721       3.81676       5.865
   18   208   1917.604       3.82819       5.797
   18   209   1947.851       3.79691       4.924
   18   210   1931.119       3.82211       3.043
   18   211   1883.456       3.81311       4.273
   18   212   1938.501       3.81432       4.284
   18   213   1915.565       3.79806       5.041
   18   214   1946.206       3.79077       6.932
   18   215   1931.034       3.78418       5.644
   18   216   1975.340       3.80835       5.227
   18   217   1885.702       3.80873       5.192
   18   218   1935.588       3.80946       4.675
   18   219   1911.744       3.79788       6.364
   18   220   1989.293       3.80862       8.279
   18   221   1884.303       3.80719       6.363
   18   222   1985.440       3.80767       3.684
   18   223   1884.581       3.80795       4.528
   18   224   1976.005       3.81840       4.736
   18   225   1916.866       3.81505       4.034
   18   226   1932.029       3.81525       5.735
   18   227   1896.759       3.80039       6.152
   18   228   1989.324       3.80593       4.420
   18   229   1914.519       3.79494       6.306
   18   230   1928.648       3.81205       5.273
   18   231   1901.431       3.79471       5.571
   18   232   1966.735       3.81622       5.693
   18   233   1933.917       3.81336       4.354
   18   234   1985.463       3.79960       4.966
   18   235   1874.708       3.80397       7.191
   18   236   1942.247       3.80303       4.519
   18   237   1892.694       3.80311       6.729
   18   238   1983.320       3.80429       5.385
   18   239   1911.435       3.81066       4.163
   18   240   1968.947       3.80334       6.797
   18   241   1884.056       3.80060       9.000
   18   242   1941.640       3.82103       6.065
   18   243   1890.754       3.80175       7.789
   18   244   1955.073       3.81394       3.680
   18   245   1875.565       3.80482       4.030
   18   246   1970.090       3.81516       3.004
   18   247   1855.371       3.80530       6.136
   18   248   1942.147       3.81981       3.978
   18   249   1860.925       3.80919       3.950
   18   250   1995.874       3.79971       5.473
   18   251   1904.697       3.80435       5.200
   18   252   1923.352       3.81702       5.107
   18   253   1865.323       3.80283       3.878
   18   254   1944.215       3.81316       2.867
   18   255   1942.248       3.79669       6.459
   18   256   1940.579       3.81130       4.906
   18   257   1862.144       3.80495       5.843
   18   258   1920.712       3.81636       6.801
   18   259   1864.591       3.80880       8.391
   18   260   1934.251       3.81626       6.753
   18   261   1922.272       3.81124       3.869
   18   262   1938.866       3.81679       6.098
   18   263   1853.566       3.81944       6.316
   18   264   1995.136       3.79965       5.341
   18   265   1884.798       3.80763       3.589
   18   266   1942.857       3.80369       4.991
   18   267   1918.318       3.79871       4.077
   18   268   1973.409       3.79183       6.673
   18   269   1903.731       3.79381       7.503
   18   270   1976.186       3.79840       7.565
   18   271   1885.296       3.80342       6.228
   18   272   1962.524       3.79619       6.083
   18   273   1927.132       3.78898       6.431
   18   274   1947.886       3.81899       4.556
   18   275   1897.204       3.80270       7.317
   18   276   1925.475       3.81979       4.662
   18   277   1899.512       3.81650       3.796
   18   278   1922.135       3.81367       4.554
   18   279   1906.898       3.78627       6.351
   18   280   1979.793       3.80377       4.538
   18   281   1931.758       3.79136       7.493
   18   282   1952.293       3.80638       5.012
   18   283   1872.464       3.81759       4.710
   18   284   1906.142       3.82758       5.936
   18   285   1899.407       3.81125       5.247
   18   286   1950.765       3.81013       4.607
   18   287   1867.362       3.80682       4.898
   18   288   1925.301       3.80995       5.783
   18   289   1911.121       3.79788       3.695
   18   290   1910.147       3.80292       4.830
   18   291   1869.047       3.80011       6.674
   18   292   1920.012       3.82869       5.610
   18   293   1878.594       3.81116       5.616
   18   294   1966.941       3.81150       6.495
   18   295   1916.020       3.82151       3.545
   18   296   1944.143       3.82216       3.606
   18   297   1901.818       3.80695       4.838
   18   298   1967.532       3.80069       3.365
   18   299   1931.050       3.79884       5.232
   18   300   1962.501       3.80648       5.062
   18   301   1891.388       3.80498       5.081
   18   302   1937.486       3.81398       4.032
   18   303   1907.703       3.80179       3.622
   18   304   1955.900       3.81339       6.195
   18   305   1931.119       3.80200       5.876
   18   306   1967.366       3.80678       6.036
   18   307   1907.488       3.80602       5.941
   18   308   1964.307       3.81622       4.008
   18   309   1902.049       3.80948       4.273
   18   310   1931.530       3.80686       4.215
   18   311   1894.658       3.80725       4.839
   18   312   1963.734       3.80501       2.862
   18   313   1943.850       3.78912       5.247
   18   314   1968.081       3.81646       4.971
   18   315   1885.311       3.81995       3.762
   18   316   1925.081       3.80915       5.043
   18   317   1898.388       3.80676       7.775
   18   318   1942.732       3.81748       4.578
   18   319   1918.882       3.79786       4.369
   18   320   1944.905       3.81023       4.420
   18   321   1924.532       3.80228       3.059
   18   322   1948.025       3.80663       4.991
   18   323   1919.823       3.80204       6.445
   18   324   1907.989       3.81421       5.471
   18   325   1881.106       3.80317       5.713
   18   326   1956.740       3.81305       6.423
   18   327   1925.263       3.81040       6.306
   18   328   1975.436       3.82156       6.638
   18   329   1917.433       3.80495       4.906
   18   330   1968.879       3.79559       3.845
   18   331   1902.585       3.80972       6.088
   18   332   1917.667       3.82531       3.715
   18   333   1881.476       3.81401       5.698
   18   334   1946.685       3.79850       4.217
   18   335   1904.384       3.80635       3.765
   18   336   1947.161       3.80412       4.648
   18   337   1876.463       3.80949       3.917
   18   338   1956.323       3.81091       4.245
   18   339   1884.633       3.79771       7.167
   18   340   1934.189       3.81562       6.484
   18   341   1902.995       3.82234       6.224
   18   342   1952.686       3.81660       4.381
   18   343   1919.727       3.81197       5.882
   18   344   1983.615       3.80350       6.910
   18   345   1890.390       3.80810       3.842
   18   346   1949.001       3.80880       4.090
   18   347   1914.439       3.80630       5.008
   18   348   1950.574       3.79943       5.198
   18   349   1951.036       3.79019       5.879
   18   350   1933.204       3.81176       7.295
   18   351   1924.020       3.79565       8.805
   18   352   1949.929       3.82059       6.062
   18   353   1941.162       3.79650       6.344
   18   354   1967.996       3.81247       4.770
   18   355   1909.786       3.80930       4.562
   18   356   1934.539       3.82649       3.768
   18   357   1877.962       3.80808       5.542
   18   358   1930.250       3.80961       5.998
   18   359   1925.705       3.80506       6.352
   18   360   1915.976       3.81647       6.768
   18   361   1926.501       3.80402       5.053
   18   362   1936.813       3.81085       7.260
   18   363   1910.757       3.79523       7.635
   18   364   1921.659       3.81949       5.467
   18   365   1919.253       3.80560       6.502
   18   366   1976.841       3.80994       5.601
   18   367   1930.395       3.79701       7.670
   18   368   1988.242       3.81161       4.570
   18   369   1930.826       3.80288       5.475
   18   370   1940.702       3.80225       4.338
   18   371   1930.870       3.78860       6.013
   18   372   1974.297       3.80805       3.966
   18   373   1868.335       3.80609       6.875
   18   374   1952.923       3.80719       5.046
   18   375   1920.157       3.80598       6.025
   18   376   1979.186       3.80437       6.211
   18   377   1914.527       3.80691       5.752
   18   378   1959.573       3.81681       5.496
   18   379   1924.271       3.80916       4.581
   18   380   1961.197       3.81343       6.218
   18   381   1881.472       3.81245       4.717
   18   382   1937.481       3.80567       4.823
   18   383   1872.561       3.81579       3.810
   18   384   1913.844       3.80851       7.058
   18   385   1913.290       3.79602       6.277
   18   386   1935.812       3.80551       5.310
   18   387   1895.083       3.79673       8.654
   18   388   1951.169       3.80709       7.193
   18   389   1921.222       3.79420       4.926
   18   390   1952.027       3.79882       6.415
   18   391   1934.713       3.79694       4.754
   18   392   1945.954       3.81185       7.186
   18   393   1894.080       3.79718       7.233
   18   394   1950.998       3.79825       7.445
   18   395   1898.518       3.81006       8.867
   18   396   1980.446       3.81800       5.481
   18   397   1908.487       3.81100       4.752
   18   398   1953.791       3.81164       4.675
   18   399   1953.617       3.80050       4.970
   18   400   1981.175       3.80408       5.001
   18   401   1860.754       3.80959       3.350
   18   402   1939.767       3.80998       5.378
   18   403   1922.004       3.79699       3.291
   18   404   1928.045       3.81421       6.307
   18   405   1913.039       3.79871       6.851
   18   406   1941.180       3.81664       4.283
   18   407   1910.856       3.81212       7.537
   18   408   1967.840       3.81993       6.077
   18   409   1898.257       3.80817       4.342
   18   410   1958.337       3.81343       5.324
   18   411   1870.351       3.81766       4.836
   18   412   1936.284       3.81700       4.462
   18   413   1916.597       3.80073       3.782
   18   414   1975.186       3.79320       5.373
   18   415   1898.022       3.79540       6.168
   18   416   1959.198       3.81085       5.426
   18   417   1906.233       3.79341       7.662
   18   418   1945.337       3.81400       6.059
   18   419   1901.482       3.80983       3.400
   18   420   1952.969       3.81905       5.258
   18   421   1883.495       3.81019       5.962
   18   422   1951.423       3.81962       6.294
   18   423   1898.129       3.81949       6.658
   18   424   1968.694       3.80950       4.226
   18   425   1879.883       3.81012       3.297
   18   426   1934.096       3.80775       6.837
   18   427   1921.860       3.78954       6.716
   18   428   1946.852       3.81479       3.876
   18   429   1861.025       3.81998       5.734
   18   430   1945.420       3.81341       3.913
   18   431   1881.838       3.81048       5.526
   18   432   1965.908       3.79628       4.589
   18   433   1942.633       3.79484       4.846
   18   434   1986.840       3.79291       4.442
   18   435   1862.234       3.80096       6.125
   18   436   1928.857       3.82379       7.250
   18   437   1877.482       3.81194       5.556
   18   438   1965.756       3.80608       5.191
   18   439   1903.101       3.80018       7.256
   18   440   1989.085       3.81140       3.483
   18   441   1873.261       3.81168       4.901
   18   442   1946.520       3.80458       4.643
   18   443   1936.274       3.80053       6.649
   18   444   1940.523       3.82528       4.469
   18   445   1917.233       3.80071       6.626
   18   446   1960.155       3.81263       3.559
   18   447   1932.808       3.80518       4.255
   18   448   1959.014       3.81502       3.051
   18   449   1926.027       3.80912       3.768
   18   450   1908.922       3.81347       2.842
   18   451   1902.486       3.81282       3.327
   18   452   1887.237       3.81157       6.283
   18   453   1894.584       3.79813       4.663
   18   454   1928.071       3.81774       7.674
   18   455   1900.324       3.80734       6.815
   18   456   1946.546       3.80945       7.320
   18   457   1930.025       3.80028       5.253
   18   458   1962.700       3.82457       3.108
   18   459   1919.043       3.79820       6.339
   18   460   1966.727       3.80535       4.555
   18   461   1903.459       3.79826       5.877
   18   462   1933.095       3.81629       4.852
   18   463   1885.161       3.80813       5.039
   18   464   1983.158       3.81062       6.327
   18   465   1896.539       3.80828       4.580
   18   466   1929.344       3.82083       3.773
   18   467   1887.862       3.80807       6.546
   18   468   1971.531       3.81576       3.855
   18   469   1899.686       3.80891       4.477
   18   470   1960.647       3.78557       5.402
   18   471   1876.042       3.80571       6.841
   18   472   1932.245       3.81736       6.408
   18   473   1905.895       3.79263       7.050
   18   474   1914.130       3.80909       5.179
   18   475   1886.281       3.79688       5.563
   18   476   1950.765       3.81115       5.618
   18   477   1893.327       3.79068       6.362
   18   478   1943.752       3.81122       7.191
   18   479   1883.519       3.81344       7.399
   18   480   1951.711       3.81531       8.630
   18   481   1914.254       3.81469       4.985
   18   482   1978.774       3.80914       5.037
   18   483   1922.435       3.79667       6.268
   18   484   1948.176       3.81573       5.634
   18   485   1918.415       3.80299       6.683
   18   486   1935.957       3.82134       5.032
   18   487   1893.425       3.81056       7.141
   18   488   1959.204       3.80726       4.605
   18   489   1942.602       3.80502       2.687
   18   490   1904.152       3.82098       3.720
   18   491   1918.491       3.80855       2.877
   18   492   1958.511       3.80074       5.269
   18   493   1871.287       3.80691       4.481
   18   494   1931.966       3.81929       3.653
   18   495   1874.815       3.81648       6.706
   18   496   1944.129       3.82469       4.251
   18   497   1902.339       3.80484       8.037
   18   498   1881.100       3.77391       3.101
   18   499   1840.253       3.77463       3.502
   18   500   1843.014       3.81368       4.180
   18   501   1824.998       3.79985       5.735
   18   502   1880.095       3.80458       7.208
   18   503   1871.242       3.79226       8.105
   18   504   1981.031       3.83379       5.667
   18   505   1914.109       3.81271       3.903
   18   506   1938.547       3.81134       6.508
   18   507   1878.765       3.80507       6.187
   18   508   1918.481       3.81492       4.997
   18   509   1905.097       3.80904       4.266
   18   510   1951.538       3.80727       4.614
   18   511   1882.501       3.80752       5.209
   18   512   1881.657       3.80543       7.184
   18   513   1884.338       3.79916       6.351
   18   514   1859.779       3.79232       7.350
   18   515   1867.095       3.80141       4.658
   18   516   1884.472       3.79306       4.784
   18   517   1834.819       3.79024       6.641
   18   518   1882.525       3.79552       8.928
   18   519   1884.499       3.79136       7.550
   18   520   1874.603       3.81572       6.193
   18   521   1847.493       3.80875       6.187
   18   522   1868.539       3.81706       5.344
   18   523   1854.276       3.81543       4.109
   18   524   1895.465       3.80398       6.394
   18   525   1865.633       3.79656       6.522
   18   526   1863.555       3.80385       5.799
   18   527   1920.751       3.79534       5.395
   18   528   1881.764       3.79535       4.523
   18   529   1874.275       3.78942       4.881
   18   530   1893.431       3.79994       4.703
   18   531   1897.490       3.78929       6.333
   18   532   1910.612       3.80733       4.828
   18   533   1892.787       3.79472       6.404
   18   534   1900.113       3.80469       5.685
   18   535   1912.384       3.80208       3.619
   18   536   1895.989       3.80781       4.649
   18   537   1875.499       3.80588       4.784
   18   538   1896.610       3.80586       4.963
   18   539   1931.727       3.79396       4.438
   18   540   1900.968       3.79975       4.661
   18   541   1888.281       3.79020       5.475
   18   542   1883.870       3.79940       4.772
   18   543   1885.096       3.79973       4.442
   18   544   1866.780       3.80584       4.914
   18   545   1904.920       3.80512       4.057
   18   546   1899.367       3.80282       5.820
   18   547   1934.157       3.79639       4.292
   18   548   1887.969       3.80833       4.460
   18   549   1937.850       3.79571       6.668
   18   550   1910.045       3.79603       6.605
   18   551   1890.307       3.79324       5.360
   18   552   1883.571       3.82012       3.295
   18   553   1909.737       3.80382       7.310
   18   554   1922.062       3.79963       5.621
   18   555   1893.368       3.79986       6.312
   18   556   1894.922       3.80391       6.787
   18   557   1891.244       3.80390       4.865
   18   558   1873.698       3.80531       5.284
   18   559   1905.427       3.79727       5.276
   18   560   1876.918       3.80833       3.248
   18   561   1882.938       3.79693       4.718
   18   562   1891.964       3.81064       4.150
   18   563   1878.397       3.79697       4.658
   18   564   1914.588       3.80058       5.580
   18   565   1878.455       3.78724       7.327
   18   566   1884.438       3.80151       6.776
   18   567   1876.221       3.80776       5.363
   18   568   1885.546       3.80410       4.749
   18   569   1915.761       3.78921       4.716
   18   570   1897.969       3.79926       5.890
   18   571   1865.285       3.79894       4.662
   18   572   1915.996       3.79888       3.277
   18   573   1864.531       3.80239       6.817
   18   574   1907.281       3.81055       5.924
   18   575   1913.161       3.81033       6.155
   18   576   1887.323       3.80870       4.665
   18   577   1883.557       3.79957       5.719
   18   578   1887.225       3.80283       5.801
   18   579   1871.965       3.79940       5.457
   18   580   1893.466       3.79917       3.083
   18   581   1927.648       3.77878       5.565
   18   582   1920.545       3.78534       7.210
   18   583   1916.624       3.77780       8.050
   18   584   1876.804       3.79685       8.286
   18   585   1841.071       3.80387       6.982
   18   586   1875.583       3.79571       5.965
   18   587   1906.823       3.79093       5.082
   18   588   1867.290       3.80567       5.754
   18   589   1900.913       3.78808       7.370
   18   590   1884.917       3.81932       4.902
   18   591   1889.423       3.80473       6.000
   18   592   1887.771       3.81325       4.574
   18   593   1901.532       3.79249       4.019
   18   594   1883.449       3.79208       5.205
   18   595   1913.500       3.78878       6.443
   18   596   1907.505       3.80470       4.389
   18   597   1895.617       3.78360       4.628
   18   598   1874.678       3.80014       5.059
   18   599   1898.068       3.79351       6.521
   18   600   1885.173       3.80625       6.426
   18   601   1921.736       3.80642       5.593
   18   602   1873.434       3.80696       5.015
   18   603   1883.653       3.80238       5.240
   18   604   1939.397       3.80498       3.756
   18   605   1861.470       3.80196       5.661
   18   606   1897.321       3.81116       4.419
   18   607   1903.746       3.80060       4.163
   18   608   1905.417       3.81198       4.428
   18   609   1876.017       3.79993       5.072
   18   610   1904.889       3.79681       7.214
   18   611   1881.242       3.79252       4.356
   18   612   1883.554       3.79260       5.590
   18   613   1884.941       3.79123       5.424
   18   614   1883.408       3.79871       4.823
   18   615   1883.535       3.79273       5.001
   18   616   1872.642       3.80900       4.118
   18   617   1894.268       3.78963       8.439
   18   618   1886.841       3.80318       6.316
   18   619   1879.370       3.79553       4.375
   18   620   1891.866       3.81163       2.985
   18   621   1867.999       3.80547       5.265
   18   622   1875.265       3.81066       4.769
   18   623   1894.711       3.80024       6.902
   18   624   1907.829       3.79667       4.112
   18   625   1901.693       3.78578       5.533
   18   626   1891.297       3.80568       4.787
   18   627   1866.197       3.80161       5.193
   18   628   1899.840       3.79086       6.483
   18   629   1920.947       3.79603       6.160
   18   630   1913.872       3.79721       4.456
   18   631   1867.221       3.78465       6.668
   18   632   1898.709       3.80350       6.626
   18   633   1921.732       3.78589       5.548
   18   634   1927.507       3.80869       4.901
   18   635   1938.397       3.79592       4.809
   18   636   1961.296       3.80586       3.770
   18   637   1894.746       3.80890       6.255
   18   638   1906.872       3.81290       5.062
   18   639   1872.785       3.78966       5.614
   18   640   1876.093       3.80575       3.852
   18   641   1855.916       3.80103       5.710
   18   642   1918.430       3.79869       4.877
   18   643   1882.080       3.79189       4.777
   18   644   1865.663       3.79940       3.790
   18   645   1891.770       3.78553       7.115
   18   646   1916.088       3.79844       4.592
   18   647   1914.081       3.78940       7.428
   18   648   1910.132       3.80478       5.366
   18   649   1859.990       3.80454       5.052
   18   650   1896.995       3.80442       7.133
   18   651   1894.446       3.79146       6.795
   18   652   1901.918       3.81114       5.143
   18   653   1870.255       3.80459       4.613
   18   654   1885.161       3.80287       5.225
   18   655   1882.582       3.79159       4.890
   18   656   1893.106       3.79309       6.660
   18   657   1919.317       3.79685       4.225
   18   658   1866.523       3.80202       6.799
   18   659   1902.951       3.78704       5.925
   18   660   1879.453       3.80803       5.295
   18   661   1894.501       3.79757       5.390
   18   662   1902.359       3.78917       7.861
   18   663   1905.726       3.78962       4.127
   18   664   1861.787       3.81491       6.259
   18   665   1869.326       3.80141       4.863
   18   666   1864.939       3.81859       5.795
   18   667   1892.340       3.80314       7.313
   18   668   1893.839       3.81257       5.646
   18   669   1905.112       3.79607       5.882
   18   670   1895.677       3.80449       5.282
   18   671   1860.871       3.80426       3.686
   18   672   1851.843       3.80293       3.884
   18   673   1905.040       3.79252       5.198
   18   674   1907.802       3.80048       6.015
   18   675   1875.282       3.79929       5.790
   18   676   1836.918       3.81081       7.120
   18   677   1885.030       3.79841       8.598
   18   678   1898.169       3.79881       6.243
   18   679   1895.956       3.81012       4.370
   18   680   1893.942       3.80368       3.295
   18   681   1915.086       3.79049       4.424
   18   682   1894.526       3.80098       4.891
   18   683   1865.679       3.79505       5.993
   18   684   1926.787       3.79533       4.641
   18   685   1873.650       3.80475       5.399
   18   686   1891.988       3.78813       7.287
   18   687   1898.948       3.78517       6.528
   18   688   1847.756       3.80600       4.872
   18   689   1882.083       3.78987       7.369
   18   690   1900.250       3.80427       5.621
   18   691   1904.122       3.78955       6.019
   18   692   1913.117       3.79374       7.293
   18   693   1872.034       3.79272       5.114
   18   694   1901.493       3.80921       3.863
   18   695   1890.905       3.80322       5.431
   18   696   1894.169       3.80206       3.876
   18   697   1920.221       3.78514       7.584
   18   698   1915.725       3.79585       7.447
   18   699   1860.484       3.80355       5.431
   18   700   1878.198       3.80282       5.831
   18   701   1879.835       3.80630       3.914
   18   702   1901.065       3.80025       6.141
   18   703   1906.026       3.78774       4.606
   18   704   1862.026       3.80083       4.357
   18   705   1889.297       3.78895       5.569
   18   706   1909.329       3.78967       5.145
   18   707   1895.731       3.79156       6.414
   18   708   1923.736       3.79056       7.746
   18   709   1863.384       3.79681       6.316
   18   710   1868.804       3.80461       5.102
   18   711   1855.404       3.79427       5.645
   18   712   1883.719       3.80398       4.471
   18   713   1902.435       3.79464       5.092
   18   714   1878.752       3.80270       6.910
   18   715   1897.663       3.80243       4.430
   18   716   1892.679       3.78869       8.639
   18   717   1890.331       3.79057       4.053
   18   718   1879.773       3.80145       5.421
   18   719   1941.723       3.79864       4.171
   18   720   1852.487       3.81394       7.294
   18   721   1871.446       3.80309       4.912
   18   722   1895.262       3.80092       5.897
   18   723   1940.964       3.78048       5.790
   18   724   1868.893       3.80311       4.732
   18   725   1890.871       3.79738       5.929
   18   726   1864.496       3.79287       7.392
   18   727   1932.473       3.78868       4.778
   18   728   1896.401       3.80400       3.657
   18   729   1903.509       3.79545       7.693
   18   730   1889.167       3.80022       6.275
   18   731   1871.968       3.80163       5.052
   18   732   1897.420       3.79200       4.154
   18   733   1907.585       3.79869       4.341
   18   734   1921.844       3.79743       7.817
   18   735   1875.942       3.80198       6.093
   18   736   1894.460       3.80914       7.051
   18   737   1884.912       3.79725       5.937
   18   738   1870.582       3.81442       8.114
   18   739   1889.293       3.80125       3.955
   18   740   1897.002       3.80630       2.960
   18   741   1939.586       3.79090       5.512
   18   742   1845.322       3.80368       3.854
   18   743   1920.902       3.78745       4.899
   18   744   1891.449       3.80056       6.513
   18   745   1893.823       3.79781       6.561
   18   746   1911.110       3.80280       5.425
   18   747   1917.123       3.78830       5.742
   18   748   1901.995       3.80438       4.594
   18   749   1868.400       3.79956       5.647
   18   750   1879.835       3.79169       7.763
   18   751   1876.670       3.79762       4.554
   18   752   1913.597       3.80539       5.228
   18   753   1902.624       3.80012       6.734
   18   754   1848.347       3.79805       7.813
   18   755   1872.748       3.80541       5.165
   18   756   1897.977       3.80827       5.710
   18   757   1863.570       3.80814       3.510
   18   758   1913.098       3.79303       5.403
   18   759   1866.376       3.80053       5.845
   18   760   1855.262       3.81481       6.353
   18   761   1910.009       3.79523       5.015
   18   762   1904.684       3.80315       6.908
   18   763   1967.754       3.79652       3.618
   18   764   1921.547       3.80590       5.022
   18   765   1929.191       3.80014       5.271
   18   766   1859.854       3.81519       6.707
   18   767   1857.281       3.80343       4.734
   18   768   1885.509       3.80152       4.519
   18   769   1867.662       3.80084       4.865
   18   770   1884.251       3.79770       4.734
   18   771   1872.085       3.79345       4.702
   18   772   1885.887       3.79482       5.623
   18   773   1889.681       3.79653       6.476
   18   774   1873.077       3.80258       8.468
   18   775   1842.014       3.80223       5.013
   18   776   1899.204       3.80304       6.528
   18   777   1911.073       3.79028       6.217
   18   778   1869.752       3.81232       6.441
   18   779   1880.056       3.81300       4.105
   18   780   1848.139       3.81003       5.578
   18   781   1875.883       3.80737       3.825
   18   782   1897.097       3.80923       5.233
   18   783   1926.156       3.79013       6.017
   18   784   1914.032       3.79559       5.241
   18   785   1924.765       3.79188       4.131
   18   786   1866.048       3.80299       5.861
   18   787   1883.529       3.79501       5.715
   18   788   1915.848       3.79378       6.297
   18   789   1899.826       3.79329       5.441
   18   790   1925.804       3.78850       7.416
   18   791   1884.634       3.78582       6.048
   18   792   1902.284       3.80225       5.028
   18   793   1895.228       3.79407       5.027
   18   794   1904.867       3.78330       9.424
   18   795   1890.367       3.80703       4.261
   18   796   1912.205       3.81048       5.731
   18   797   1913.253       3.79620       6.338
   18   798   1849.938       3.80744       4.191
   18   799   1891.931       3.80233       4.021
   18   800   1917.553       3.80904       3.549
   18   801   1927.801       3.80274       6.341
   18   802   1888.240       3.80758       6.729
   18   803   1892.836       3.80019       3.857
   18   804   1890.821       3.80229       7.187
   18   805   1904.101       3.78379       6.533
   18   806   1880.537       3.79502       6.770
   18   807   1882.156       3.78703       4.679
   18   808   1867.414       3.80408       5.250
   18   809   1887.091       3.79733       4.400
   18   810   1874.216       3.79774       8.957
   18   811   1922.210       3.78990       6.091
   18   812   1847.600       3.81124       3.731
   18   813   1913.011       3.78647       4.540
   18   814   1836.828       3.80659       3.933
   18   815   1886.108       3.78278       6.474
   18   816   1872.527       3.79931       7.295
   18   817   1936.026       3.79129       6.998
   18   818   1865.734       3.80501       6.236
   18   819   1882.403       3.80372       3.890
   18   820   1900.027       3.79936       6.185
   18   821   1873.711       3.78961       5.908
   18   822   1900.513       3.81193       4.720
   18   823   1884.685       3.80451       4.222
   18   824   1870.901       3.80505       4.080
   18   825   1862.193       3.80903       3.473
   18   826   1846.522       3.81431       6.320
   18   827   1883.177       3.79399       4.838
   18   828   1909.406       3.79672       3.983
   18   829   1894.465       3.78083       5.782
   18   830   1907.679       3.79692       5.345
   18   831   1897.225       3.79382       7.074
   18   832   1915.157       3.79949       3.951
   18   833   1924.017       3.78980       6.831
   18   834   1881.918       3.81157       4.345
   18   835   1902.223       3.79387       7.127
   18   836   1921.999       3.79640       4.832
   18   837   1888.881       3.79049       8.573
   18   838   1859.532       3.80618       6.537
   18   839   1874.283       3.79189       6.294
   18   840   1897.792       3.80078       3.299
   18   841   1872.945       3.78309       6.667
   18   842   1859.432       3.79786       5.526
   18   843   1884.096       3.79491       6.235
   18   844   1896.729       3.80050       4.493
   18   845   1872.446       3.79329       5.758
   18   846   1864.522       3.80904       5.037
   18   847   1926.209       3.79041       5.516
   18   848   1903.613       3.80288       5.280
   18   849   1878.712       3.80589       3.362
   18   850   1873.806       3.80311       4.246
   18   851   1879.572       3.79543       4.408
   18   852   1874.994       3.80898       4.912
   18   853   1886.581       3.79467       6.475
   18   854   1904.441       3.79098       7.408
   18   855   1869.067       3.79728       4.586
   18   856   1902.543       3.79249       6.943
   18   857   1861.345       3.80101       7.644
   18   858   1863.139       3.79444       7.236
   18   859   1872.496       3.79580       4.499
   18   860   1893.635       3.79799       7.211
   18   861   1885.155       3.79770       5.628
   18   862   1876.910       3.80765       6.309
   18   863   1889.431       3.79324       8.439
   18   864   1914.050       3.80533       4.784
   18   865   1870.396       3.80016       6.289
   18   866   1860.512       3.80503       6.118
   18   867   1913.405       3.78585       4.925
   18   868   1866.543       3.80714       7.580
   18   869   1877.522       3.80359       4.734
   18   870   1874.200       3.80077       7.219
   18   871   1866.801       3.80140       4.188
   18   872   1864.159       3.79861       6.746
   18   873   1898.053       3.78791       7.596
   18   874   1907.492       3.80086       6.663
   18   875   1860.815       3.80401       6.473
   18   876   1911.545       3.80469       6.643
   18   877   1849.504       3.80700       5.368
   18   878   1856.712       3.80899       8.291
   18   879   1868.368       3.80395       4.716
   18   880   1875.713       3.80542       4.026
   18   881   1897.661       3.80099       3.211
   18   882   1880.700       3.80140       5.994
   18   883   1927.457       3.78294       5.886
   18   884   1909.431       3.79948       5.848
   18   885   1872.655       3.79608       7.042
   18   886   1899.395       3.79334       6.156
   18   887   1908.282       3.79766       4.774
   18   888   1933.313       3.79455       4.875
   18   889   1888.407       3.79193       5.535
   18   890   1871.792       3.81208       4.261
   18   891   1874.477       3.79412       3.896
   18   892   1892.999       3.79277       6.504
   18   893   1858.825       3.79440       5.693
   18   894   1890.961       3.80095       5.876
   18   895   1874.295       3.79340       5.768
   18   896   1927.177       3.81204       3.027
   18   897   1876.307       3.80394       6.160
   18   898   1884.751       3.80363       6.018
   18   899   1904.155       3.79607       5.811
   18   900   1886.753       3.80812       6.521
   18   901   1888.635       3.79806       5.071
   18   902   1914.081       3.79884       7.021
   18   903   1877.039       3.79395       4.604
   18   904   1927.525       3.79711       4.684
   18   905   1883.206       3.80596       4.316
   18   906   1882.267       3.78870       5.228
   18   907   1906.881       3.77708       5.817
   18   908   1893.460       3.79395       4.848
   18   909   1877.292       3.79310       6.699
   18   910   1896.809       3.79384       6.488
   18   911   1876.357       3.79999       8.376
   18   912   1907.250       3.79140       5.612
   18   913   1870.978       3.79111       8.059
   18   914   1914.044       3.80360       5.186
   18   915   1894.291       3.80551       4.456
   18   916   1870.410       3.82476       3.686
   18   917   1906.612       3.79927       7.072
   18   918   1902.858       3.80946       5.626
   18   919   1893.691       3.80150       6.779
   18   920   1848.077       3.80696       3.982
   18   921   1885.696       3.80229       2.063
   18   922   1894.820       3.79864       5.391
   18   923   1873.790       3.79069       3.764
   18   924   1908.381       3.80511       4.406
   18   925   1869.674       3.79693       4.847
   18   926   1881.852       3.80159       3.808
   18   927   1872.988       3.78680       8.286
   18   928   1918.973       3.79408       5.791
   18   929   1864.468       3.80736       5.490
   18   930   1839.558       3.80932       4.594
   18   931   1915.234       3.79404       3.473
   18   932   1892.200       3.79278       4.942
   18   933   1869.339       3.79573       4.310
   18   934   1906.130       3.79568       6.093
   18   935   1878.009       3.79606       5.059
   18   936   1911.987       3.80558       4.662
   18   937   1918.581       3.80170       4.951
   18   938   1896.463       3.80974       5.441
   18   939   1866.472       3.79713       7.769
   18   940   1888.519       3.80850       4.972
   18   941   1876.825       3.80164       6.169
   18   942   1843.960       3.81149       6.253
   18   943   1858.253       3.80981       4.565
   18   944   1869.636       3.80732       5.765
   18   945   1881.356       3.79783       6.781
   18   946   1898.693       3.80032       5.668
   18   947   1912.818       3.79100       5.563
   18   948   1911.263       3.79298       5.224
   18   949   1895.395       3.79518       3.597
   18   950   1882.618       3.80066       5.918
   18   951   1909.871       3.78970       6.800
   18   952   1857.489       3.80791       4.379
   18   953   1866.344       3.78925       6.329
   18   954   1901.658       3.80599       5.923
   18   955   1931.622       3.79733       4.107
   18   956   1866.861       3.79714       5.844
   18   957   1937.734       3.79136       4.553
   18   958   1896.029       3.80213       6.127
   18   959   1887.564       3.79864       5.355
   18   960   1890.123       3.79670       5.791
   18   961   1919.583       3.79426       6.113
   18   962   1849.652       3.80900       3.988
   18   963   1915.539       3.79492       5.506
   18   964   1899.913       3.79565       4.662
   18   965   1872.096       3.79354       3.980
   18   966   1889.825       3.79683       6.011
   18   967   1867.972       3.81186       6.468
   18   968   1908.460       3.81648       4.732
   18   969   1931.370       3.79807       8.411
   18   970   1894.734       3.79923       8.028
   18   971   1890.652       3.79014       8.066
   18   972   1898.855       3.79608       3.993
   18   973   1884.168       3.79081       5.877
   18   974   1887.784       3.80042       5.679
   18   975   1890.884       3.79970       3.824
   18   976   1883.488       3.78996       6.185
   18   977   1873.451       3.78511       5.898
   18   978   1919.365       3.79668       5.804
   18   979   1888.802       3.78998       7.317
   18   980   1873.268       3.81092       5.171
   18   981   1871.607       3.79985      10.189
   18   982   1875.452       3.81122       5.026
   18   983   1924.765       3.79891       3.870
   18   984   1882.780       3.80209       4.602
   18   985   1882.696       3.80436       6.020
   18   986   1866.280       3.80584       6.440
   18   987   1910.146       3.80130       5.114
   18   988   1877.289       3.80644       5.073
   18   989   1883.086       3.80527       4.725
   18   990   1914.016       3.79960       6.433
   18   991   1921.793       3.79156       4.551
   18   992   1881.101       3.80366       5.167
   18   993   1866.670       3.79437       5.428
   18   994   1877.786       3.79564       7.290
   18   995   1906.128       3.79631       6.502
   18   996   1850.460       3.81190       5.906
   18   997   1884.994       3.81162       3.643
   18   998   1890.600       3.81658       5.716
   18   999   1899.611       3.79229       4.327
   18  1000   1886.421       3.80884       5.210
   18  1001   1870.439       3.80726       5.213
   18  1002   1886.237       3.80289       3.699
   18  1003   1862.553       3.80685       3.038
   18  1004   1889.705       3.78557       5.501
   18  1005   1888.397       3.80354       4.244
   18  1006   1919.996       3.80534       5.393
   18  1007   1876.282       3.80732       4.256
   18  1008   1842.410       3.82248       3.159
   18  1009   1865.257       3.80908       3.922
   18  1010   1929.378       3.78142       4.296
   18  1011   1868.326       3.78583       3.118
   18  1012   1872.758       3.79231       4.887
   18  1013   1875.006       3.78959       3.900
   18  1014   1864.268       3.79224       5.127
   18  1015   1930.973       3.78743       3.616
   18  1016   1871.686       3.80098       3.364
   18  1017   1906.793       3.78178       4.409
   18  1018   1886.824       3.80819       7.293
   18  1019   1907.842       3.79484       6.134
   18  1020   1860.687       3.81852       4.877
   18  1021   1874.843       3.80903       2.868
   18  1022   1879.226       3.81257       5.062
   18  1023   1907.813       3.81239       2.828
