    0     0   1926.006       3.83287       3.596
    0     1   1847.526       3.82808       6.685
    0     2   1941.779       3.81729       3.334
    0     3   1860.789       3.81255       5.585
    0     4   1945.489       3.80807       2.900
    0     5   1861.680       3.81848       4.703
    0     6   1921.676       3.80651       5.818
    0     7   1909.621       3.81207       7.259
    0     8   1938.329       3.81863       5.797
    0     9   1876.859       3.83135       2.819
    0    10   1885.384       3.82779       3.449
    0    11   1903.678       3.80607       5.598
    0    12   1928.842       3.81170       4.412
    0    13   1878.897       3.81089       4.637
    0    14   1949.878       3.80403       4.351
    0    15   1845.713       3.81031       6.088
    0    16   1908.803       3.80572       5.985
    0    17   1834.145       3.81371       6.528
    0    18   1870.775       3.82569       7.748
    0    19   1896.259       3.82259       4.877
    0    20   1892.256       3.81844       3.864
    0    21   1861.696       3.82603       3.780
    0    22   1934.047       3.82741       2.956
    0    23   1858.515       3.82234       4.035
    0    24   1919.532       3.81819       4.117
    0    25   1864.695       3.81928       3.991
    0    26   1944.639       3.80428       5.352
    0    27   1857.671       3.81403       5.443
    0    28   1922.494       3.81078       6.298
    0    29   1885.520       3.81611       4.338
    0    30   1901.068       3.81534       5.202
    0    31   1873.740       3.81455       4.450
    0    32   1904.451       3.82160       5.125
    0    33   1876.216       3.82588       2.859
    0    34   1932.006       3.81130       4.053
    0    35   1874.411       3.81233       6.072
    0    36   1925.174       3.82222       4.960
    0    37   1887.099       3.83142       4.898
    0    38   1948.198       3.82048       5.427
    0    39   1885.306       3.82828       3.616
    0    40   1932.028       3.81071       6.637
    0    41   1862.951       3.80891       3.996
    0    42   1949.449       3.80128       4.515
    0    43   1863.710       3.81779       4.575
    0    44   1899.151       3.81994       4.841
    0    45   1839.310       3.82010       5.283
    0    46   1889.014       3.82355       4.883
    0    47   1872.262       3.82280       4.186
    0    48   1917.860       3.82870       5.101
    0    49   1890.605       3.81831       5.670
    0    50   1942.724       3.81627       3.517
    0    51   1893.261       3.81135       4.779
    0    52   1907.430       3.80569       4.489
    0    53   1882.533       3.81685       4.407
    0    54   1963.250       3.80873       4.647
    0    55   1858.612       3.80684       6.760
    0    56   1906.865       3.82001       5.765
    0    57   1865.111       3.81809       5.987
    0    58   1907.157       3.81643       4.712
    0    59   1875.197       3.82374       5.337
    0    60   1941.281       3.81260       5.631
    0    61   1856.007       3.82894       4.594
    0    62   1940.654       3.81208       4.271
    0    63   1875.649       3.82210       3.487
    0    64   1941.346       3.81496       7.785
    0    65   1887.964       3.81796       7.549
    0    66   1897.216       3.82379       3.735
    0    67   1858.227       3.82585       3.967
    0    68   1928.767       3.80628       4.107
    0    69   1833.461       3.81802       4.594
    0    70   1908.086       3.81837       3.610
    0    71   1855.023       3.81331       5.710
    0    72   1878.841       3.82739       3.674
    0    73   1866.168       3.81216       6.858
    0    74   1903.492       3.82156       3.273
    0    75   1884.687       3.80845       5.200
    0    76   1900.061       3.82026       4.319
    0    77   1873.419       3.81849       5.189
    0    78   1885.978       3.82889       5.247
    0    79   1901.552       3.81791       4.365
    0    80   1944.740       3.82709       3.597
    0    81   1858.291       3.81408       4.918
    0    82   1916.164       3.80826       4.698
    0    83   1855.609       3.81830       4.872
    0    84   1946.160       3.81266       6.586
    0    85   1859.161       3.82082       5.903
    0    86   1930.891       3.80959       4.786
    0    87   1896.724       3.81442       3.829
    0    88   1945.915       3.80243       3.955
    0    89   1865.539       3.81317       3.929
    0    90   1914.416       3.80761       5.138
    0    91   1874.526       3.81249       6.370
    0    92   1929.816       3.81727       6.452
    0    93   1879.142       3.81447       5.690
    0    94   1934.383       3.82708       5.147
    0    95   1917.802       3.80394       6.585
    0    96   1929.182       3.80871       6.314
    0    97   1860.965       3.82067       5.430
    0    98   1879.053       3.81818       3.796
    0    99   1839.584       3.81746       4.248
    0   100   1893.901       3.81322       4.158
    0   101   1893.128       3.80386       4.027
    0   102   1944.033       3.80392       4.702
    0   103   1859.675       3.80807       5.576
    0   104   1948.035       3.79730       6.112
    0   105   1851.395       3.80694       5.364
    0   106   1896.414       3.81377       3.661
    0   107   1873.308       3.81088       8.750
    0   108   1945.975       3.81194       5.644
    0   109   1818.647       3.81719       5.849
    0   110   1906.919       3.81695       4.094
    0   111   1886.284       3.81759       3.398
    0   112   1936.045       3.82045       4.199
    0   113   1902.548       3.80511       3.411
    0   114   1944.878       3.81437       3.044
    0   115   1874.193       3.81157       6.264
    0   116   1902.107       3.81676       4.926
    0   117   1898.566       3.80667       4.058
    0   118   1906.691       3.81030       3.560
    0   119   1903.069       3.80680       4.956
    0   120   1908.766       3.81317       2.715
    0   121   1891.989       3.81186       4.021
    0   122   1893.040       3.81787       4.072
    0   123   1858.930       3.82928       4.516
    0   124   1908.831       3.82126       4.192
    0   125   1898.508       3.82560       4.563
    0   126   1894.146       3.82128       5.223
    0   127   1891.022       3.81415       4.329
    0   128   1901.166       3.82803       3.623
    0   129   1858.148       3.82395       6.070
    0   130   1930.998       3.83212       3.651
    0   131   1886.162       3.80902       4.285
    0   132   1924.930       3.80879       4.314
    0   133   1875.155       3.81795       4.136
    0   134   1937.985       3.81041       5.049
    0   135   1872.849       3.81424       6.662
    0   136   1939.298       3.80917       5.073
    0   137   1843.524       3.81128       5.850
    0   138   1953.066       3.79977       5.542
    0   139   1866.478       3.80419       7.235
    0   140   1931.471       3.80863       4.947
    0   141   1857.556       3.81913       4.643
    0   142   1926.910       3.80633       4.156
    0   143   1850.310       3.81621       3.954
    0   144   1923.595       3.82046       3.628
    0   145   1896.780       3.81647       4.728
    0   146   1919.865       3.82558       4.489
    0   147   1812.680       3.82512       4.210
    0   148   1897.146       3.81572       5.900
    0   149   1879.402       3.82388       4.407
    0   150   1932.979       3.80422       4.236
    0   151   1866.735       3.82060       4.291
    0   152   1932.919       3.80751       5.204
    0   153   1860.658       3.80260       4.410
    0   154   1930.240       3.80516       6.549
    0   155   1878.301       3.81592       6.436
    0   156   1938.823       3.81113       4.227
    0   157   1858.489       3.81218       5.411
    0   158   1897.683       3.81488       4.109
    0   159   1877.044       3.81716       5.943
    0   160   1919.408       3.81864       3.235
    0   161   1855.513       3.82720       5.770
    0   162   1950.252       3.81694       5.694
    0   163   1850.030       3.82089       4.478
    0   164   1921.422       3.82888       3.279
    0   165   1912.757       3.81246       2.462
    0   166   1911.139       3.80702       3.527
    0   167   1854.538       3.81614       3.671
    0   168   1888.971       3.82039       2.934
    0   169   1914.120       3.81016       3.010
    0   170   1933.188       3.81641       3.431
    0   171   1890.983       3.82292       5.718
    0   172   1938.880       3.82239       6.544
    0   173   1885.170       3.81201       5.320
    0   174   1917.192       3.81758       4.379
    0   175   1870.943       3.82545       4.828
    0   176   1929.333       3.82025       4.996
    0   177   1861.449       3.82977       3.929
    0   178   1910.277       3.82641       2.937
    0   179   1869.743       3.81972       4.094
    0   180   1943.269       3.79858       6.330
    0   181   1874.941       3.80318       5.101
    0   182   1902.122       3.80799       6.118
    0   183   1874.646       3.80542       6.446
    0   184   1919.349       3.81289       5.228
    0   185   1871.901       3.82467       6.037
    0   186   1950.886       3.81131       4.330
    0   187   1878.863       3.80804       6.442
    0   188   1947.488       3.81096       3.854
    0   189   1878.610       3.82296       3.572
    0   190   1922.588       3.81395       4.662
    0   191   1890.170       3.80688       5.436
    0   192   1917.893       3.81002       6.516
    0   193   1894.660       3.80794       5.614
    0   194   1918.185       3.81405       6.215
    0   195   1862.472       3.81397       5.703
    0   196   1927.743       3.82106       3.531
    0   197   1846.454       3.82321       4.056
    0   198   1920.099       3.80907       6.273
    0   199   1859.903       3.82532       7.087
    0   200   1884.211       3.83256       4.290
    0   201   1870.649       3.82319       4.254
    0   202   1923.363       3.80567       4.182
    0   203   1825.697       3.81489       4.727
    0   204   1929.912       3.80972       3.775
    0   205   1847.291       3.80533       5.515
    0   206   1904.823       3.81661       4.193
    0   207   1880.192       3.81104       8.045
    0   208   1911.297       3.81581       6.648
    0   209   1870.887       3.81535       6.673
    0   210   1939.658       3.82363       6.047
    0   211   1844.064       3.82985       5.750
    0   212   1925.101       3.83370       3.518
    0   213   1899.542       3.82632       4.276
    0   214   1912.250       3.81120       3.823
    0   215   1885.420       3.81118       3.360
    0   216   1920.260       3.81369       5.358
    0   217   1902.231       3.80029       5.038
    0   218   1917.883       3.80792       6.534
    0   219   1859.721       3.81467       9.040
    0   220   1935.459       3.82096       5.210
    0   221   1867.135       3.82468       5.403
    0   222   1929.451       3.82856       4.618
    0   223   1867.149       3.81786       5.054
    0   224   1914.318       3.81877       2.732
    0   225   1828.900       3.80964       4.728
    0   226   1935.770       3.80100       4.144
    0   227   1885.658       3.80536       4.988
    0   228   1948.883       3.80413       7.295
    0   229   1824.554       3.81745       5.363
    0   230   1884.090       3.82371       5.451
    0   231   1858.671       3.81825       5.723
    0   232   1937.252       3.80374       4.931
    0   233   1862.080       3.81520       4.212
    0   234   1918.824       3.80425       5.134
    0   235   1885.130       3.80376       6.142
    0   236   1908.125       3.82466       5.016
    0   237   1881.674       3.81318       7.421
    0   238   1942.218       3.81322       4.294
    0   239   1874.991       3.80431       7.961
    0   240   1911.830       3.81680       4.998
    0   241   1881.686       3.80694       5.346
    0   242   1932.472       3.81153       4.274
    0   243   1893.172       3.81095       6.291
    0   244   1917.439       3.81175       5.587
    0   245   1891.387       3.81641       3.472
    0   246   1928.754       3.80741       6.085
    0   247   1865.332       3.81245       5.293
    0   248   1928.430       3.81344       4.656
    0   249   1873.180       3.80857       6.654
    0   250   1927.209       3.81377       3.820
    0   251   1867.468       3.81502       3.790
    0   252   1905.128       3.81212       4.613
    0   253   1874.116       3.80746       6.883
    0   254   1878.917       3.82644       5.551
    0   255   1877.696       3.81061       9.316
    0   256   1892.024       3.83029       5.586
    0   257   1873.750       3.82061       6.097
    0   258   1925.001       3.81645       3.031
    0   259   1862.465       3.80864       5.565
    0   260   1911.073       3.80899       5.432
    0   261   1870.867       3.80529       4.554
    0   262   1949.021       3.81108       7.205
    0   263   1846.035       3.81839       5.335
    0   264   1936.310       3.80698       7.185
    0   265   1877.969       3.81629       5.430
    0   266   1926.114       3.82340       3.345
    0   267   1872.064       3.80973       5.753
    0   268   1914.728       3.80668       5.873
    0   269   1862.681       3.80314       6.698
    0   270   1962.019       3.79678       5.248
    0   271   1867.962       3.81136       5.031
    0   272   1909.448       3.80364       6.290
    0   273   1886.489       3.81461       4.421
    0   274   1946.837       3.81418       5.135
    0   275   1850.068       3.82138       5.597
    0   276   1960.968       3.81114       6.667
    0   277   1915.848       3.79890       7.011
    0   278   1913.471       3.80963       4.450
    0   279   1894.534       3.80311       6.541
    0   280   1927.631       3.80258       4.294
    0   281   1876.894       3.79801       6.108
    0   282   1929.533       3.81188       4.652
    0   283   1830.214       3.81785       5.772
    0   284   1969.202       3.81767       5.275
    0   285   1885.744       3.80389       6.575
    0   286   1944.765       3.81430       4.408
    0   287   1865.403       3.80448       6.558
    0   288   1929.971       3.81640       4.799
    0   289   1873.441       3.81541       6.722
    0   290   1942.546       3.82103       3.947
    0   291   1906.529       3.80746       6.772
    0   292   1929.383       3.80790       5.141
    0   293   1866.576       3.80975       4.791
    0   294   1928.368       3.81114       4.641
    0   295   1868.453       3.79634       8.223
    0   296   1893.014       3.81726       3.790
    0   297   1848.977       3.80777       5.442
    0   298   1939.115       3.79802       4.268
    0   299   1888.580       3.79904       5.517
    0   300   1948.730       3.81083       4.012
    0   301   1865.746       3.80723       6.242
    0   302   1928.631       3.80851       5.679
    0   303   1898.083       3.79911       3.359
    0   304   1916.195       3.81456       4.034
    0   305   1905.911       3.81251       4.718
    0   306   1919.700       3.81527       4.635
    0   307   1888.708       3.80993       6.212
    0   308   1919.516       3.81464       4.991
    0   309   1894.160       3.81732       5.310
    0   310   1928.518       3.79601       3.346
    0   311   1890.588       3.81379       3.198
    0   312   1928.064       3.81236       4.783
    0   313   1930.562       3.80572       6.536
    0   314   1926.185       3.81751       5.677
    0   315   1837.038       3.82716       6.934
    0   316   1877.146       3.82161       5.421
    0   317   1888.976       3.80938       5.289
    0   318   1932.201       3.81941       3.489
    0   319   1870.465       3.80136       6.846
    0   320   1939.681       3.80069       4.471
    0   321   1877.850       3.80990       4.589
    0   322   1927.554       3.81472       3.333
    0   323   1898.057       3.80977       5.264
    0   324   1970.702       3.80684       4.380
    0   325   1888.070       3.79732       7.393
    0   326   1905.651       3.80782       5.628
    0   327   1852.345       3.80633       7.651
    0   328   1920.658       3.80885       5.708
    0   329   1870.277       3.81272       5.995
    0   330   1902.177       3.81649       4.427
    0   331   1883.653       3.81882       5.048
    0   332   1903.825       3.81020       8.888
    0   333   1897.986       3.81942       4.287
    0   334   1927.566       3.81260       5.032
    0   335   1883.743       3.80870       6.345
    0   336   1924.639       3.81298       5.082
    0   337   1877.196       3.80541       4.155
    0   338   1940.270       3.80518       5.182
    0   339   1885.777       3.79603       6.440
    0   340   1918.790       3.81655       4.523
    0   341   1853.336       3.80320       7.433
    0   342   1942.691       3.79882       6.044
    0   343   1878.349       3.80161       6.536
    0   344   1911.638       3.81450       4.549
    0   345   1858.573       3.81850       6.134
    0   346   1932.660       3.81347       6.476
    0   347   1909.768       3.82065       4.183
    0   348   1913.196       3.82052       5.324
    0   349   1887.807       3.81126       6.250
    0   350   1901.532       3.81316       4.839
    0   351   1873.395       3.80841       4.710
    0   352   1914.618       3.81059       3.986
    0   353   1879.577       3.80956       3.994
    0   354   1922.665       3.80645       5.022
    0   355   1868.582       3.80165       6.717
    0   356   1919.633       3.80517       4.929
    0   357   1886.822       3.80773       5.930
    0   358   1936.889       3.81108       4.744
    0   359   1880.783       3.80697       7.070
    0   360   1941.394       3.81248       4.283
    0   361   1902.702       3.81160       4.306
    0   362   1919.648       3.80470       5.310
    0   363   1892.775       3.79658       5.108
    0   364   1915.656       3.80449       5.818
    0   365   1879.478       3.80547       5.480
    0   366   1938.772       3.79963       5.707
    0   367   1905.997       3.80131       6.556
    0   368   1950.890       3.79969       6.552
    0   369   1891.686       3.81609       5.370
    0   370   1903.941       3.81902       6.896
    0   371   1849.656       3.80524       5.760
    0   372   1873.096       3.81057       6.372
    0   373   1880.569       3.81324       5.172
    0   374   1919.364       3.78831       7.385
    0   375   1879.417       3.79924       5.383
    0   376   1955.961       3.79423       4.514
    0   377   1908.645       3.79450       5.689
    0   378   1864.529       3.80950       7.739
    0   379   1867.509       3.81066       6.362
    0   380   1932.920       3.81675       7.134
    0   381   1864.345       3.81741       5.774
    0   382   1932.577       3.81265       4.576
    0   383   1823.137       3.82647       5.248
    0   384   1912.846       3.81056       4.536
    0   385   1857.899       3.80314       6.121
    0   386   1915.647       3.79731       3.636
    0   387   1872.702       3.81485       3.838
    0   388   1914.838       3.79369       5.043
    0   389   1864.595       3.80665       5.233
    0   390   1905.095       3.80405       8.287
    0   391   1923.678       3.79707       6.864
    0   392   1888.460       3.81509       6.294
    0   393   1885.920       3.80680       6.670
    0   394   1916.202       3.81190       9.321
    0   395   1858.384       3.81812       7.669
    0   396   1919.982       3.82479       3.683
    0   397   1875.014       3.80759       5.650
    0   398   1936.899       3.79742       4.978
    0   399   1840.524       3.80746       5.004
    0   400   1917.024       3.80705       4.245
    0   401   1885.236       3.79639       7.063
    0   402   1916.797       3.81142       6.201
    0   403   1843.033       3.81412       5.159
    0   404   1923.377       3.80927       7.502
    0   405   1912.802       3.80827       5.069
    0   406   1924.322       3.81939       3.635
    0   407   1850.389       3.81624       6.108
    0   408   1895.547       3.80442       4.793
    0   409   1899.956       3.80291       4.200
    0   410   1926.096       3.81093       4.080
    0   411   1889.194       3.80790       5.194
    0   412   1914.645       3.81777       5.730
    0   413   1879.752       3.82718       3.445
    0   414   1923.530       3.80392       6.883
    0   415   1878.321       3.81555       4.255
    0   416   1934.386       3.80325       3.966
    0   417   1801.198       3.81706       2.617
    0   418   1915.542       3.79953       8.127
    0   419   1893.129       3.80162       4.401
    0   420   1960.730       3.79798       3.839
    0   421   1903.318       3.80065       5.069
    0   422   1942.898       3.79817       5.421
    0   423   1868.031       3.80333       7.521
    0   424   1931.538       3.81497       5.574
    0   425   1899.112       3.80579       4.701
    0   426   1917.192       3.80506       5.924
    0   427   1867.404       3.81553       7.565
    0   428   1902.265       3.81919       5.047
    0   429   1895.526       3.80540       5.427
    0   430   1938.465       3.79677       3.689
    0   431   1875.144       3.79798       5.469
    0   432   1923.044       3.81621       5.879
    0   433   1855.723       3.80432       6.345
    0   434   1902.372       3.80655       5.484
    0   435   1901.515       3.80957       6.838
    0   436   1921.549       3.81647       5.711
    0   437   1893.145       3.82047       5.642
    0   438   1908.758       3.80742       5.381
    0   439   1913.239       3.80611       5.042
    0   440   1949.892       3.81131       4.496
    0   441   1893.178       3.81299       4.488
    0   442   1904.945       3.82204       4.295
    0   443   1863.121       3.80822       6.052
    0   444   1931.746       3.82182       3.764
    0   445   1861.941       3.80362       6.960
    0   446   1912.836       3.81256       4.770
    0   447   1870.505       3.80400       5.462
    0   448   1904.104       3.80530       4.153
    0   449   1899.702       3.79703       5.986
    0   450   1899.201       3.81181       3.132
    0   451   1878.500       3.79901       7.012
    0   452   1957.267       3.80701       6.896
    0   453   1887.512       3.80316       5.355
    0   454   1918.105       3.81038       7.109
    0   455   1859.635       3.80561       9.447
    0   456   1911.609       3.81005       7.931
    0   457   1877.489       3.81634       4.359
    0   458   1919.954       3.81787       5.048
    0   459   1876.889       3.81379       5.565
    0   460   1922.725       3.79993       5.747
    0   461   1886.143       3.80676       5.010
    0   462   1949.648       3.80427       4.261
    0   463   1892.710       3.80188       4.868
    0   464   1937.404       3.81090       5.334
    0   465   1911.649       3.81096       5.927
    0   466   1927.057       3.80824       7.288
    0   467   1892.750       3.80828       6.836
    0   468   1936.435       3.80818       5.113
    0   469   1899.528       3.81165       5.062
    0   470   1927.168       3.80934       4.395
    0   471   1889.056       3.79853       5.198
    0   472   1953.065       3.80960       4.811
    0   473   1908.838       3.80725       4.590
    0   474   1886.663       3.81578       6.503
    0   475   1845.276       3.81995       4.310
    0   476   1919.936       3.79965       7.563
    0   477   1890.429       3.80167       7.812
    0   478   1912.064       3.80818       6.124
    0   479   1857.686       3.81865       6.883
    0   480   1878.836       3.83323       5.475
    0   481   1850.129       3.82892       4.787
    0   482   1935.200       3.81177       4.707
    0   483   1865.545       3.80867       6.515
    0   484   1940.718       3.80299       3.898
    0   485   1864.256       3.80128       5.536
    0   486   1887.247       3.80750       4.040
    0   487   1868.036       3.81443       5.534
    0   488   1947.756       3.79912       6.248
    0   489   1870.207       3.81495       4.656
    0   490   1941.665       3.81624       4.961
    0   491   1898.543       3.80557       6.371
    0   492   1917.936       3.81268       3.646
    0   493   1887.928       3.80532       4.439
    0   494   1942.239       3.80882       4.296
    0   495   1862.395       3.80994       5.557
    0   496   1968.713       3.81435       3.642
    0   497   1856.175       3.80198       5.346
    0   498   1882.139       3.77658       4.244
    0   499   1821.370       3.76628       6.008
    0   500   1881.973       3.78488       3.450
    0   501   1800.475       3.78926       6.650
    0   502   1864.556       3.81592       5.817
    0   503   1845.836       3.79350       6.289
    0   504   1942.330       3.83297       5.428
    0   505   1892.843       3.81876       5.712
    0   506   1923.123       3.80734       4.239
    0   507   1886.451       3.79254       4.907
    0   508   1917.031       3.80527       4.998
    0   509   1860.617       3.80640       7.833
    0   510   1934.671       3.81634       5.389
    0   511   1879.944       3.81461       5.065
    0   512   1859.834       3.81178       6.040
    0   513   1889.728       3.80838       6.931
    0   514   1855.130       3.80792       7.403
    0   515   1878.140       3.80620       5.413
    0   516   1850.194       3.80813       5.706
    0   517   1860.067       3.79604       7.309
    0   518   1842.800       3.80326       6.482
    0   519   1816.928       3.80344       7.245
    0   520   1850.909       3.80557       6.877
    0   521   1857.784       3.80332       6.073
    0   522   1834.936       3.81160       5.761
    0   523   1839.043       3.80598       7.418
    0   524   1888.640       3.79056       6.165
    0   525   1856.307       3.79822       6.079
    0   526   1825.621       3.78778       7.964
    0   527   1834.943       3.79505       5.694
    0   528   1827.721       3.80399       6.101
    0   529   1867.019       3.80168       5.939
    0   530   1843.194       3.80639       5.981
    0   531   1880.050       3.80849       4.937
    0   532   1867.548       3.80834       6.083
    0   533   1886.794       3.79650       6.045
    0   534   1872.255       3.80106       5.541
    0   535   1868.023       3.80602       3.054
    0   536   1835.661       3.81815       4.159
    0   537   1882.320       3.80847       5.392
    0   538   1865.102       3.80715       5.206
    0   539   1856.765       3.80778       4.425
    0   540   1820.946       3.80635       4.943
    0   541   1873.207       3.78912       5.763
    0   542   1880.791       3.80069       4.600
    0   543   1861.400       3.80789       4.459
    0   544   1817.520       3.80714       5.735
    0   545   1865.314       3.81312       3.963
    0   546   1849.741       3.79781       7.064
    0   547   1840.165       3.80481       4.002
    0   548   1852.858       3.80273       4.601
    0   549   1874.179       3.79359       5.096
    0   550   1830.412       3.80554       4.682
    0   551   1867.729       3.80034       4.533
    0   552   1860.022       3.80411       6.694
    0   553   1868.522       3.79728       7.516
    0   554   1848.231       3.80226       5.209
    0   555   1896.273       3.80091       5.974
    0   556   1909.730       3.79920       4.948
    0   557   1830.531       3.80813       4.845
    0   558   1855.425       3.80729       4.977
    0   559   1826.890       3.79905       4.822
    0   560   1858.876       3.80908       5.859
    0   561   1911.619       3.79116       5.376
    0   562   1888.862       3.80267       4.591
    0   563   1855.992       3.80055       6.410
    0   564   1851.817       3.80932       6.718
    0   565   1844.370       3.80983       6.306
    0   566   1870.816       3.80626       4.660
    0   567   1890.061       3.80371       4.156
    0   568   1857.788       3.80087       7.151
    0   569   1857.623       3.79762       6.264
    0   570   1865.706       3.79033       5.202
    0   571   1819.855       3.81153       4.501
    0   572   1825.557       3.80511       6.299
    0   573   1865.853       3.80160       5.497
    0   574   1860.277       3.79293       6.183
    0   575   1865.244       3.78772       6.974
    0   576   1896.205       3.79371       5.784
    0   577   1870.643       3.80108       4.988
    0   578   1853.681       3.80398       4.901
    0   579   1861.454       3.80957       4.350
    0   580   1872.992       3.80386       5.352
    0   581   1889.773       3.80663       3.620
    0   582   1865.635       3.80186       8.240
    0   583   1879.360       3.81526       6.035
    0   584   1855.769       3.82870       5.790
    0   585   1872.590       3.81369       6.576
    0   586   1882.410       3.81369       5.779
    0   587   1874.920       3.80573       3.615
    0   588   1858.296       3.80338       3.248
    0   589   1894.823       3.78576       5.141
    0   590   1862.279       3.78833       5.299
    0   591   1864.019       3.79478       4.332
    0   592   1890.457       3.78598       7.075
    0   593   1870.570       3.77903       8.786
    0   594   1883.817       3.79664       6.579
    0   595   1870.136       3.80104       8.266
    0   596   1901.290       3.79679       6.147
    0   597   1838.789       3.80851       5.554
    0   598   1862.342       3.80234       5.826
    0   599   1879.706       3.80674       4.682
    0   600   1857.794       3.80839       5.418
    0   601   1866.972       3.80144       5.190
    0   602   1927.461       3.79177       5.291
    0   603   1861.414       3.79728       4.420
    0   604   1886.646       3.79606       5.696
    0   605   1862.362       3.78918       6.214
    0   606   1878.208       3.79422       6.692
    0   607   1841.637       3.80292       5.129
    0   608   1868.646       3.80014       6.875
    0   609   1869.069       3.80845       5.315
    0   610   1878.250       3.80227       7.492
    0   611   1840.546       3.80698       4.786
    0   612   1868.563       3.80913       6.837
    0   613   1861.334       3.81137       4.558
    0   614   1829.450       3.81219       4.512
    0   615   1875.920       3.80930       5.569
    0   616   1858.017       3.79860       5.704
    0   617   1875.209       3.79721       5.734
    0   618   1891.974       3.80053       5.564
    0   619   1886.865       3.79274       5.556
    0   620   1902.166       3.78321       7.016
    0   621   1869.489       3.80086       5.782
    0   622   1873.163       3.79779       7.604
    0   623   1883.119       3.79400       5.640
    0   624   1864.948       3.80461       5.133
    0   625   1857.507       3.81299       7.633
    0   626   1822.967       3.82055       5.651
    0   627   1846.892       3.81206       5.431
    0   628   1862.625       3.80008       5.655
    0   629   1871.738       3.80700       3.573
    0   630   1902.394       3.79132       3.961
    0   631   1872.005       3.79410       5.358
    0   632   1864.653       3.80290       5.716
    0   633   1854.320       3.80155       6.053
    0   634   1857.892       3.79622       7.829
    0   635   1852.490       3.79821       6.354
    0   636   1865.721       3.79646       6.400
    0   637   1868.929       3.81119       5.849
    0   638   1858.500       3.79511       6.518
    0   639   1890.459       3.80648       6.370
    0   640   1847.124       3.80664       5.430
    0   641   1837.576       3.79638       5.620
    0   642   1899.074       3.78247       5.567
    0   643   1899.258       3.78615       5.408
    0   644   1815.698       3.81135       4.080
    0   645   1861.640       3.79535       4.885
    0   646   1846.279       3.80270       6.457
    0   647   1869.997       3.80265       6.361
    0   648   1818.644       3.80597       5.257
    0   649   1870.780       3.79850       9.899
    0   650   1864.282       3.79991       5.201
    0   651   1822.408       3.80613       6.277
    0   652   1899.781       3.80056       5.060
    0   653   1847.037       3.80362       7.077
    0   654   1840.160       3.80078       6.475
    0   655   1861.057       3.81701       5.647
    0   656   1873.316       3.81662       3.213
    0   657   1876.418       3.81036       4.472
    0   658   1878.313       3.79417       4.375
    0   659   1852.062       3.80191       3.615
    0   660   1870.405       3.80263       3.154
    0   661   1876.722       3.80036       5.249
    0   662   1877.522       3.79139       4.389
    0   663   1901.421       3.78982       5.511
    0   664   1901.841       3.79825       4.969
    0   665   1838.864       3.80200       3.660
    0   666   1855.521       3.81159       5.985
    0   667   1878.217       3.79689       4.719
    0   668   1866.410       3.80774       4.858
    0   669   1895.289       3.80558       6.248
    0   670   1862.571       3.80999       5.796
    0   671   1864.994       3.80998       4.217
    0   672   1875.336       3.80545       5.465
    0   673   1875.274       3.80615       4.042
    0   674   1849.412       3.80704       4.944
    0   675   1866.839       3.80369       4.179
    0   676   1885.327       3.80693       2.603
    0   677   1886.942       3.79847       5.787
    0   678   1849.444       3.81234       3.446
    0   679   1897.189       3.79363       6.000
    0   680   1915.637       3.80541       3.529
    0   681   1829.640       3.81572       3.990
    0   682   1883.249       3.79507       5.663
    0   683   1836.700       3.81064       4.879
    0   684   1874.727       3.80917       4.325
    0   685   1876.818       3.80326       4.473
    0   686   1850.256       3.81955       3.106
    0   687   1863.125       3.80271       4.417
    0   688   1905.167       3.80715       4.130
    0   689   1857.645       3.80594       3.627
    0   690   1872.761       3.79951       5.230
    0   691   1880.385       3.80104       5.354
    0   692   1910.414       3.78887       6.049
    0   693   1886.835       3.79122       6.036
    0   694   1863.868       3.80760       6.343
    0   695   1893.666       3.80049       5.094
    0   696   1877.007       3.81176       5.202
    0   697   1834.418       3.80562       6.704
    0   698   1846.429       3.81059       5.087
    0   699   1844.362       3.80984       5.358
    0   700   1824.721       3.81105       5.022
    0   701   1859.089       3.81123       5.431
    0   702   1854.049       3.81547       4.258
    0   703   1870.477       3.80760       4.392
    0   704   1849.333       3.79974       4.625
    0   705   1866.593       3.80829       3.590
    0   706   1851.868       3.80014       7.017
    0   707   1892.449       3.79699       5.755
    0   708   1865.348       3.79867       5.202
    0   709   1873.757       3.79919       7.152
    0   710   1858.171       3.79921       6.183
    0   711   1883.057       3.79909       6.080
    0   712   1848.209       3.80847       5.733
    0   713   1821.415       3.80847       4.813
    0   714   1857.353       3.79791       6.962
    0   715   1890.031       3.80007       6.965
    0   716   1879.911       3.80243       5.219
    0   717   1873.879       3.80623       5.870
    0   718   1842.452       3.80629       4.875
    0   719   1842.133       3.80751       4.354
    0   720   1886.052       3.80475       5.535
    0   721   1868.770       3.80801       3.055
    0   722   1905.147       3.80768       2.599
    0   723   1850.566       3.80131       4.331
    0   724   1845.353       3.79742       6.584
    0   725   1870.981       3.79247       7.483
    0   726   1815.472       3.80424       4.730
    0   727   1850.490       3.81157       4.948
    0   728   1858.096       3.81078       4.061
    0   729   1909.898       3.79540       4.656
    0   730   1862.084       3.80595       5.165
    0   731   1869.026       3.81449       4.477
    0   732   1844.681       3.80796       5.973
    0   733   1846.802       3.81262       5.188
    0   734   1883.990       3.80634       4.208
    0   735   1847.436       3.81878       2.610
    0   736   1839.327       3.80100       3.634
    0   737   1855.615       3.80420       4.142
    0   738   1887.499       3.80528       2.810
    0   739   1858.420       3.81037       4.099
    0   740   1848.719       3.80102       5.987
    0   741   1843.777       3.80518       6.835
    0   742   1871.961       3.81361       6.342
    0   743   1840.168       3.80542       5.299
    0   744   1864.862       3.80946       3.659
    0   745   1870.432       3.79774       5.558
    0   746   1876.020       3.80534       5.790
    0   747   1869.175       3.79468       4.801
    0   748   1889.248       3.79700       4.993
    0   749   1869.791       3.80549       5.117
    0   750   1856.638       3.80055       5.145
    0   751   1877.437       3.79212       5.326
    0   752   1868.575       3.80665       4.511
    0   753   1838.036       3.80109       5.031
    0   754   1849.257       3.81429       5.338
    0   755   1883.077       3.79540       6.212
    0   756   1896.616       3.80217       4.298
    0   757   1848.647       3.81412       3.923
    0   758   1893.830       3.80312       4.992
    0   759   1846.822       3.81288       4.569
    0   760   1875.609       3.80928       5.127
    0   761   1886.718       3.81278       3.930
    0   762   1864.179       3.80075       6.002
    0   763   1857.649       3.80566       3.483
    0   764   1858.732       3.79801       6.494
    0   765   1869.938       3.80035       4.841
    0   766   1860.776       3.81023       5.033
    0   767   1849.818       3.81151       7.429
    0   768   1826.653       3.81009       7.389
    0   769   1857.322       3.81684       5.641
    0   770   1922.288       3.80265       6.185
    0   771   1849.354       3.81207       6.717
    0   772   1839.397       3.82030       3.799
    0   773   1878.716       3.80856       4.743
    0   774   1886.319       3.80495       6.256
    0   775   1872.369       3.80421       5.462
    0   776   1834.138       3.80672       6.389
    0   777   1873.163       3.79416       6.925
    0   778   1859.064       3.80223       7.407
    0   779   1836.552       3.80080       6.599
    0   780   1878.477       3.80508       4.961
    0   781   1898.717       3.79143       5.404
    0   782   1854.005       3.80496       5.709
    0   783   1877.340       3.79153       5.595
    0   784   1818.922       3.81005       5.752
    0   785   1849.109       3.79851       6.969
    0   786   1884.413       3.80326       7.430
    0   787   1896.314       3.81131       5.830
    0   788   1885.486       3.79633       6.597
    0   789   1857.613       3.81321       6.332
    0   790   1863.930       3.80837       4.758
    0   791   1854.930       3.80112       5.625
    0   792   1845.902       3.80775       5.295
    0   793   1882.445       3.80855       3.915
    0   794   1863.855       3.79790       5.233
    0   795   1849.347       3.80620       4.463
    0   796   1826.270       3.80699       5.311
    0   797   1860.466       3.80779       5.397
    0   798   1917.465       3.80737       6.792
    0   799   1841.172       3.81365       6.563
    0   800   1847.708       3.81070       3.725
    0   801   1789.447       3.82305       4.843
    0   802   1866.105       3.81335       5.011
    0   803   1867.364       3.80554       5.971
    0   804   1885.299       3.81169       5.040
    0   805   1857.753       3.80924       3.777
    0   806   1857.570       3.79091       5.605
    0   807   1874.097       3.79824       3.281
    0   808   1863.444       3.80777       5.312
    0   809   1855.081       3.80337       6.265
    0   810   1815.069       3.80394       5.945
    0   811   1896.848       3.80537       5.798
    0   812   1898.704       3.80600       5.683
    0   813   1876.619       3.80572       6.127
    0   814   1870.789       3.81214       3.921
    0   815   1875.972       3.81137       4.373
    0   816   1852.922       3.81529       4.094
    0   817   1893.110       3.80173       6.159
    0   818   1858.517       3.80281       3.966
    0   819   1882.534       3.79731       5.477
    0   820   1830.967       3.80265       7.458
    0   821   1879.103       3.81140       3.987
    0   822   1881.324       3.79911       4.755
    0   823   1852.144       3.81470       4.106
    0   824   1883.596       3.79454       5.309
    0   825   1828.279       3.80716       6.230
    0   826   1854.178       3.80110       8.968
    0   827   1862.096       3.80898       3.822
    0   828   1835.869       3.81141       4.926
    0   829   1855.690       3.81329       6.076
    0   830   1871.121       3.81038       6.965
    0   831   1858.581       3.81617       5.585
    0   832   1906.137       3.80175       4.691
    0   833   1881.601       3.80490       5.901
    0   834   1861.621       3.80815       2.797
    0   835   1882.975       3.80193       6.158
    0   836   1827.553       3.80540       5.550
    0   837   1841.591       3.80973       4.911
    0   838   1828.804       3.80376       5.756
    0   839   1862.780       3.80336       6.818
    0   840   1890.312       3.80295       4.370
    0   841   1883.783       3.80303       5.448
    0   842   1844.547       3.81295       4.260
    0   843   1879.452       3.81558       4.637
    0   844   1855.828       3.80636       5.930
    0   845   1846.419       3.82037       3.986
    0   846   1876.267       3.82008       3.342
    0   847   1850.608       3.80334       4.532
    0   848   1866.753       3.80902       4.620
    0   849   1875.948       3.81165       6.319
    0   850   1844.832       3.81508       5.156
    0   851   1923.802       3.79934       5.767
    0   852   1884.957       3.81084       5.174
    0   853   1865.546       3.80648       6.974
    0   854   1854.989       3.81449       6.232
    0   855   1827.836       3.81163       4.108
    0   856   1885.869       3.79670       5.643
    0   857   1885.214       3.80222       4.776
    0   858   1851.970       3.80410       5.994
    0   859   1870.626       3.79192       7.165
    0   860   1850.290       3.80743       5.861
    0   861   1849.993       3.80037       6.975
    0   862   1866.663       3.80332       7.240
    0   863   1872.435       3.80335       7.083
    0   864   1907.903       3.81102       6.337
    0   865   1903.520       3.80465       6.192
    0   866   1886.149       3.82080       6.541
    0   867   1872.295       3.81138       4.727
    0   868   1875.280       3.80145       4.975
    0   869   1862.134       3.80207       6.244
    0   870   1846.607       3.80719       6.565
    0   871   1872.348       3.81841       3.623
    0   872   1934.059       3.81552       5.109
    0   873   1887.116       3.81202       5.334
    0   874   1838.872       3.81250       4.390
    0   875   1862.663       3.81028       5.703
    0   876   1888.746       3.78997       4.546
    0   877   1873.211       3.80268       3.750
    0   878   1845.036       3.80813       4.021
    0   879   1859.047       3.80388       5.933
    0   880   1883.997       3.80168       5.994
    0   881   1830.258       3.80384       8.100
    0   882   1873.462       3.81507       4.049
    0   883   1869.268       3.80555       4.584
    0   884   1842.076       3.82268       4.443
    0   885   1848.789       3.81692       5.507
    0   886   1871.602       3.79952       6.221
    0   887   1885.763       3.79860       3.660
    0   888   1860.556       3.80212       3.839
    0   889   1842.241       3.80617       3.121
    0   890   1839.190       3.80083       5.970
    0   891   1849.969       3.80034       6.850
    0   892   1840.726       3.82472       5.359
    0   893   1867.711       3.80939       4.918
    0   894   1836.321       3.80924       8.033
    0   895   1833.461       3.81064       4.754
    0   896   1837.867       3.82040       4.812
    0   897   1844.874       3.80980       6.248
    0   898   1864.801       3.80192       7.191
    0   899   1827.326       3.81797       4.011
    0   900   1859.304       3.80813       4.676
    0   901   1864.842       3.80836       5.430
    0   902   1857.378       3.79781       4.687
    0   903   1898.266       3.79861       4.212
    0   904   1854.326       3.80986       6.088
    0   905   1836.695       3.80518       7.086
    0   906   1859.005       3.80916       8.279
    0   907   1879.850       3.81726       7.219
    0   908   1834.973       3.80107       8.978
    0   909   1877.793       3.80991       6.372
    0   910   1856.504       3.80633       4.889
    0   911   1887.456       3.80642       3.723
    0   912   1870.106       3.81907       2.868
    0   913   1880.088       3.80563       5.618
    0   914   1856.704       3.80947       4.982
    0   915   1861.737       3.81174       5.260
    0   916   1886.990       3.80020       6.178
    0   917   1856.554       3.80740       4.264
    0   918   1891.037       3.80318       5.084
    0   919   1866.724       3.81478       3.670
    0   920   1889.704       3.82138       4.111
    0   921   1855.791       3.82184       6.845
    0   922   1890.052       3.81542       3.180
    0   923   1853.143       3.81353       5.264
    0   924   1848.094       3.80408       4.369
    0   925   1882.761       3.81025       3.904
    0   926   1863.868       3.80111       4.570
    0   927   1867.406       3.81566       2.768
    0   928   1918.787       3.79883       5.977
    0   929   1846.808       3.80166       3.948
    0   930   1862.360       3.81192       4.243
    0   931   1812.854       3.80602       4.771
    0   932   1815.421       3.81764       4.061
    0   933   1881.167       3.80251       5.714
    0   934   1862.367       3.81199       5.705
    0   935   1857.286       3.81549       6.542
    0   936   1847.030       3.81018       4.772
    0   937   1842.669       3.81346       3.435
    0   938   1900.904       3.80220       5.805
    0   939   1868.254       3.80394       4.429
    0   940   1880.006       3.80469       3.305
    0   941   1838.376       3.80755       2.979
    0   942   1859.922       3.79775       5.347
    0   943   1856.562       3.81622       4.111
    0   944   1880.567       3.80028       5.357
    0   945   1818.453       3.80820       6.199
    0   946   1878.371       3.80350       6.563
    0   947   1856.963       3.82424       4.351
    0   948   1890.911       3.80270       6.635
    0   949   1857.994       3.80836       4.063
    0   950   1881.032       3.79683       5.828
    0   951   1867.599       3.80450       4.478
    0   952   1865.218       3.80913       4.566
    0   953   1862.388       3.80636       5.625
    0   954   1835.316       3.81528       4.884
    0   955   1878.468       3.81424       4.412
    0   956   1870.793       3.80739       5.635
    0   957   1857.255       3.82359       3.696
    0   958   1870.786       3.80820       4.944
    0   959   1849.250       3.79694       4.857
    0   960   1843.433       3.81812       4.899
    0   961   1869.164       3.80295       5.744
    0   962   1857.582       3.81091       5.422
    0   963   1850.456       3.81158       6.329
    0   964   1824.372       3.82315       5.112
    0   965   1807.101       3.81689       6.535
    0   966   1825.752       3.81864       5.435
    0   967   1856.557       3.82836       5.962
    0   968   1866.308       3.81724       5.594
    0   969   1872.867       3.81178       6.638
    0   970   1855.098       3.80181       4.869
    0   971   1823.353       3.80964       4.317
    0   972   1857.136       3.79715       4.047
    0   973   1848.080       3.80328       4.841
    0   974   1848.646       3.79469       6.178
    0   975   1824.928       3.80394       4.734
    0   976   1882.258       3.80119       8.781
    0   977   1902.583       3.80909       5.691
    0   978   1846.255       3.82159       6.331
    0   979   1821.060       3.83784       4.568
    0   980   1854.228       3.82224       4.398
    0   981   1892.537       3.80882       3.801
    0   982   1859.134       3.79992       5.351
    0   983   1884.481       3.80278       4.895
    0   984   1892.687       3.79392       4.830
    0   985   1882.780       3.79867       5.160
    0   986   1840.330       3.80728       4.337
    0   987   1903.092       3.79900       5.285
    0   988   1846.939       3.80650       7.171
    0   989   1892.882       3.80830       5.003
    0   990   1823.405       3.81199       3.248
    0   991   1860.642       3.80241       5.465
    0   992   1871.680       3.81854       3.734
    0   993   1836.183       3.80952       8.071
    0   994   1877.545       3.80478       6.353
    0   995   1843.116       3.81196       5.904
    0   996   1884.080       3.81155       4.931
    0   997   1848.121       3.82184       6.306
    0   998   1880.781       3.81236       6.364
    0   999   1848.823       3.81180       5.132
    0  1000   1882.871       3.80128       1.687
    0  1001   1903.404       3.80159       3.829
    0  1002   1845.866       3.79007       4.444
    0  1003   1892.407       3.81456       4.392
    0  1004   1843.066       3.80921       5.628
    0  1005   1870.402       3.82694       4.288
    0  1006   1880.567       3.81174       5.189
    0  1007   1843.608       3.80866       5.732
    0  1008   1852.946       3.81793       4.921
    0  1009   1903.583       3.80714       4.245
    0  1010   1832.862       3.81723       3.160
    0  1011   1850.773       3.80673       2.574
    0  1012   1849.569       3.80132       2.742
    0  1013   1859.676       3.80563       5.643
    0  1014   1863.626       3.80165       4.968
    0  1015   1849.477       3.80795       5.723
    0  1016   1887.864       3.81300       4.395
    0  1017   1858.576       3.80541       4.135
    0  1018   1851.387       3.81744       4.140
    0  1019   1851.722       3.79815       4.785
    0  1020   1830.125       3.81648       4.513
    0  1021   1836.119       3.82915       4.524
    0  1022   1832.988       3.82481       6.885
    0  1023   1852.087       3.82197       4.140
