    4     0   1917.578       3.85285       5.012
    4     1   1910.937       3.84101       4.613
    4     2   1940.872       3.84599       2.324
    4     3   1897.539       3.83413       5.346
    4     4   1967.762       3.82808       4.486
    4     5   1871.574       3.82171       3.446
    4     6   1942.634       3.82453       5.104
    4     7   1863.284       3.81876       7.054
    4     8   1950.209       3.84296       4.042
    4     9   1914.174       3.83496       6.249
    4    10   1896.638       3.85137       5.661
    4    11   1897.514       3.81725       7.322
    4    12   1963.403       3.83864       3.874
    4    13   1884.499       3.83047       2.763
    4    14   1972.354       3.82748       4.750
    4    15   1901.074       3.81722       5.513
    4    16   1950.087       3.82793       6.405
    4    17   1878.315       3.82353       7.185
    4    18   1995.171       3.83232       5.469
    4    19   1926.103       3.81946       6.623
    4    20   1926.748       3.82627       5.627
    4    21   1839.019       3.83465       4.352
    4    22   1941.061       3.83632       4.612
    4    23   1893.115       3.82826       4.717
    4    24   1971.856       3.82561       5.323
    4    25   1891.844       3.84059       3.718
    4    26   1927.377       3.83559       3.913
    4    27   1895.239       3.82384       5.897
    4    28   1984.901       3.83255       3.916
    4    29   1901.647       3.83287       4.032
    4    30   1960.774       3.83094       4.708
    4    31   1898.688       3.82646       2.670
    4    32   1973.252       3.82947       3.987
    4    33   1861.920       3.82565       5.700
    4    34   1976.448       3.82814       4.399
    4    35   1914.900       3.82133       6.585
    4    36   1926.421       3.84275       4.441
    4    37   1903.318       3.82497       7.608
    4    38   1940.326       3.83770       4.378
    4    39   1902.325       3.82180       5.671
    4    40   1943.522       3.83636       3.752
    4    41   1916.849       3.82266       3.482
    4    42   1969.512       3.82844       4.345
    4    43   1892.725       3.81885       5.232
    4    44   1975.399       3.83179       4.534
    4    45   1937.154       3.82164       3.698
    4    46   1915.833       3.83983       5.092
    4    47   1915.362       3.83308       5.314
    4    48   1952.026       3.83564       4.045
    4    49   1879.979       3.83500       3.319
    4    50   1952.699       3.84512       3.777
    4    51   1914.261       3.82060       4.832
    4    52   1956.159       3.82783       4.361
    4    53   1890.869       3.81742       3.839
    4    54   1952.980       3.83618       5.788
    4    55   1913.897       3.82135       5.438
    4    56   1916.952       3.83318       5.149
    4    57   1872.945       3.83529       4.877
    4    58   1946.554       3.83351       6.342
    4    59   1881.404       3.82791       3.972
    4    60   1937.597       3.83875       4.026
    4    61   1894.430       3.82697       4.825
    4    62   1934.921       3.83286       3.110
    4    63   1915.289       3.83027       4.179
    4    64   1919.837       3.83262       5.236
    4    65   1858.523       3.82872       5.728
    4    66   1964.602       3.84673       3.754
    4    67   1897.260       3.83454       5.257
    4    68   1953.303       3.83164       4.035
    4    69   1879.330       3.83060       4.875
    4    70   1938.314       3.83111       5.533
    4    71   1909.977       3.81563       3.803
    4    72   1961.049       3.83769       2.922
    4    73   1881.115       3.82571       4.953
    4    74   1952.822       3.83844       3.504
    4    75   1854.825       3.81888       5.298
    4    76   1961.882       3.83199       2.894
    4    77   1909.381       3.82546       4.253
    4    78   1965.939       3.84208       4.214
    4    79   1923.786       3.81518       4.759
    4    80   1913.323       3.84205       4.724
    4    81   1909.631       3.83097       3.383
    4    82   1947.131       3.82960       3.507
    4    83   1892.015       3.82379       5.609
    4    84   1962.229       3.84479       2.802
    4    85   1913.059       3.82593       5.345
    4    86   1965.223       3.82976       4.322
    4    87   1891.684       3.82969       4.534
    4    88   1981.531       3.83286       3.191
    4    89   1896.481       3.82980       3.273
    4    90   1962.111       3.83201       6.119
    4    91   1919.150       3.82688       3.919
    4    92   1969.521       3.83856       4.710
    4    93   1899.041       3.83011       5.065
    4    94   1962.798       3.83113       3.923
    4    95   1916.195       3.82594       3.641
    4    96   1945.520       3.82340       4.924
    4    97   1881.493       3.82646       5.505
    4    98   1923.873       3.83736       2.972
    4    99   1882.210       3.82379       5.629
    4   100   1961.990       3.83730       3.822
    4   101   1916.166       3.81920       5.276
    4   102   1927.942       3.83149       4.254
    4   103   1927.770       3.81668       4.676
    4   104   1937.841       3.83540       2.935
    4   105   1890.296       3.82991       3.449
    4   106   1931.513       3.82387       6.270
    4   107   1906.429       3.81577       7.446
    4   108   1945.905       3.83345       3.722
    4   109   1902.787       3.81840       6.567
    4   110   1975.215       3.83476       3.486
    4   111   1890.572       3.83694       4.885
    4   112   1954.324       3.83521       2.982
    4   113   1903.762       3.82246       3.890
    4   114   1941.948       3.84031       4.454
    4   115   1911.413       3.81295       4.129
    4   116   1957.776       3.83398       3.259
    4   117   1898.348       3.81877       4.228
    4   118   1974.085       3.82706       2.554
    4   119   1909.290       3.81736       4.077
    4   120   1991.926       3.82304       5.013
    4   121   1926.884       3.80700       5.149
    4   122   1925.048       3.83462       3.723
    4   123   1929.540       3.82331       4.063
    4   124   1953.483       3.84685       3.939
    4   125   1899.638       3.83428       5.148
    4   126   1979.735       3.83892       4.393
    4   127   1940.644       3.82043       4.422
    4   128   1940.251       3.84364       4.675
    4   129   1918.922       3.84168       3.785
    4   130   1982.580       3.84028       2.355
    4   131   1881.279       3.83070       4.454
    4   132   1928.127       3.83032       3.748
    4   133   1886.551       3.82855       3.727
    4   134   1981.844       3.83203       2.485
    4   135   1883.269       3.81086       5.592
    4   136   1966.843       3.83640       2.749
    4   137   1904.753       3.82485       5.266
    4   138   1932.289       3.83249       4.294
    4   139   1889.437       3.81427       6.610
    4   140   1973.099       3.82751       5.291
    4   141   1857.007       3.82848       3.904
    4   142   1947.401       3.82705       3.677
    4   143   1937.827       3.80378       5.374
    4   144   1960.415       3.82802       3.384
    4   145   1885.816       3.82251       4.677
    4   146   1931.859       3.83329       3.948
    4   147   1930.109       3.80558       7.246
    4   148   1975.198       3.83250       4.489
    4   149   1914.108       3.83299       3.837
    4   150   1955.164       3.83218       3.928
    4   151   1864.492       3.82228       4.334
    4   152   1968.939       3.82617       3.072
    4   153   1882.641       3.82262       3.911
    4   154   1947.958       3.82297       3.240
    4   155   1894.664       3.83019       3.431
    4   156   1950.754       3.82461       5.684
    4   157   1904.635       3.83224       3.616
    4   158   1943.194       3.84102       2.445
    4   159   1879.996       3.83772       4.603
    4   160   1950.346       3.84762       1.914
    4   161   1885.613       3.83965       2.437
    4   162   1894.016       3.84328       3.396
    4   163   1901.219       3.83249       2.873
    4   164   1952.210       3.83922       2.092
    4   165   1885.835       3.82540       2.749
    4   166   1953.646       3.83078       4.431
    4   167   1904.465       3.82406       2.840
    4   168   1938.185       3.83041       4.308
    4   169   1875.369       3.82495       3.980
    4   170   1987.645       3.82916       4.066
    4   171   1919.815       3.82100       6.029
    4   172   1955.401       3.84491       2.805
    4   173   1908.172       3.83832       3.623
    4   174   1971.801       3.84187       4.316
    4   175   1908.397       3.82755       4.557
    4   176   1955.844       3.84123       3.466
    4   177   1947.196       3.82438       3.827
    4   178   1949.715       3.84469       2.674
    4   179   1896.254       3.81991       3.788
    4   180   1963.017       3.82353       4.707
    4   181   1913.267       3.82333       2.967
    4   182   1951.551       3.82271       3.767
    4   183   1926.276       3.80230       5.581
    4   184   1949.290       3.83175       5.288
    4   185   1868.114       3.82577       5.681
    4   186   1983.807       3.83645       4.222
    4   187   1889.762       3.83307       3.337
    4   188   1932.398       3.82958       4.621
    4   189   1889.479       3.82488       3.748
    4   190   1951.245       3.83094       3.575
    4   191   1870.373       3.82833       3.898
    4   192   1948.403       3.82739       3.751
    4   193   1887.250       3.81865       7.386
    4   194   1963.816       3.83044       5.115
    4   195   1913.037       3.82003       5.005
    4   196   1950.589       3.82781       4.705
    4   197   1926.304       3.82209       4.734
    4   198   1935.775       3.82616       4.856
    4   199   1919.151       3.82480       4.336
    4   200   1962.453       3.82484       5.442
    4   201   1901.443       3.82630       5.985
    4   202   1999.651       3.82507       4.007
    4   203   1843.296       3.81921       4.260
    4   204   1983.462       3.83564       3.725
    4   205   1879.289       3.81707       5.716
    4   206   1975.862       3.82787       4.587
    4   207   1879.211       3.81740       5.321
    4   208   1946.904       3.84192       3.617
    4   209   1897.887       3.82869       5.681
    4   210   1985.009       3.83738       4.471
    4   211   1911.615       3.82909       8.168
    4   212   1962.920       3.84219       4.148
    4   213   1904.728       3.83510       3.387
    4   214   1932.856       3.82754       3.912
    4   215   1898.727       3.82047       3.381
    4   216   1986.647       3.81958       2.852
    4   217   1897.129       3.81526       4.445
    4   218   1961.092       3.83411       4.301
    4   219   1888.753       3.81202       5.822
    4   220   1955.404       3.82815       6.707
    4   221   1853.077       3.83459       5.006
    4   222   1945.910       3.83666       3.645
    4   223   1864.020       3.82660       5.030
    4   224   1953.992       3.82887       4.184
    4   225   1918.302       3.83453       3.437
    4   226   1962.747       3.82326       4.502
    4   227   1872.492       3.82104       4.682
    4   228   1926.199       3.84128       4.191
    4   229   1923.631       3.82217       4.941
    4   230   1980.082       3.83480       3.952
    4   231   1937.064       3.81186       6.654
    4   232   1930.897       3.82795       3.488
    4   233   1891.805       3.81934       4.737
    4   234   1957.245       3.82220       4.120
    4   235   1872.891       3.81952       3.687
    4   236   1960.358       3.83533       4.041
    4   237   1920.675       3.82615       4.122
    4   238   1955.531       3.83288       6.403
    4   239   1904.408       3.82457       6.890
    4   240   1939.072       3.84128       3.793
    4   241   1898.861       3.82324       5.124
    4   242   1951.248       3.83285       3.531
    4   243   1872.222       3.83107       4.320
    4   244   1955.596       3.83289       3.643
    4   245   1857.922       3.83501       4.238
    4   246   1956.356       3.81796       5.855
    4   247   1905.233       3.81412       6.064
    4   248   1949.030       3.82137       5.660
    4   249   1912.245       3.81170       5.545
    4   250   1961.704       3.82220       3.652
    4   251   1896.121       3.81845       5.143
    4   252   1944.839       3.82491       5.872
    4   253   1904.598       3.81799       5.951
    4   254   1933.377       3.82989       2.857
    4   255   1899.436       3.82515       5.105
    4   256   1954.929       3.83367       3.835
    4   257   1878.786       3.83275       5.743
    4   258   1964.123       3.83162       3.452
    4   259   1843.497       3.82775       4.707
    4   260   1950.972       3.82858       5.544
    4   261   1872.818       3.81895       4.251
    4   262   1964.611       3.83390       4.909
    4   263   1899.958       3.80872       8.642
    4   264   1915.189       3.83471       5.995
    4   265   1893.261       3.81679       5.730
    4   266   1969.971       3.83106       4.483
    4   267   1896.232       3.82285       5.377
    4   268   1974.860       3.82697       3.467
    4   269   1890.264       3.82864       2.780
    4   270   1907.762       3.83497       4.726
    4   271   1893.503       3.81249       5.496
    4   272   1954.784       3.81846       3.797
    4   273   1880.826       3.81861       4.619
    4   274   1988.209       3.82801       3.228
    4   275   1886.369       3.81289       6.944
    4   276   1944.503       3.83017       5.778
    4   277   1928.352       3.81906       4.206
    4   278   1951.850       3.82227       4.137
    4   279   1891.561       3.81165       5.259
    4   280   1913.063       3.82827       4.956
    4   281   1896.735       3.82184       4.848
    4   282   1975.357       3.81735       5.135
    4   283   1869.085       3.81509       6.856
    4   284   1952.195       3.83849       3.549
    4   285   1912.256       3.82538       4.966
    4   286   1926.258       3.83637       4.511
    4   287   1859.420       3.81442       5.641
    4   288   1932.605       3.83403       4.160
    4   289   1897.809       3.81430       5.546
    4   290   1975.882       3.82415       3.791
    4   291   1872.093       3.83107       3.432
    4   292   1968.234       3.82289       3.505
    4   293   1903.112       3.81586       4.908
    4   294   1950.219       3.82507       3.692
    4   295   1923.033       3.81410       5.497
    4   296   1959.493       3.82435       3.216
    4   297   1929.516       3.81007       4.471
    4   298   1978.780       3.81699       4.292
    4   299   1906.462       3.80563       4.440
    4   300   1946.670       3.83309       3.511
    4   301   1857.675       3.82350       5.163
    4   302   1971.020       3.82821       4.414
    4   303   1886.370       3.82675       5.736
    4   304   1943.220       3.82611       4.306
    4   305   1905.603       3.83413       3.123
    4   306   1973.771       3.82827       4.774
    4   307   1905.510       3.82883       4.480
    4   308   1941.549       3.84105       3.154
    4   309   1933.717       3.81522       4.681
    4   310   1910.078       3.83983       3.883
    4   311   1881.485       3.81590       5.401
    4   312   1931.547       3.82788       5.851
    4   313   1907.076       3.81961       4.497
    4   314   1934.284       3.84597       4.326
    4   315   1866.080       3.83383       4.629
    4   316   1934.589       3.83577       4.632
    4   317   1919.045       3.83064       2.791
    4   318   1923.384       3.83324       3.013
    4   319   1906.340       3.81880       3.867
    4   320   1916.037       3.83029       5.004
    4   321   1899.140       3.81324       3.869
    4   322   1946.501       3.82713       3.993
    4   323   1915.501       3.80964       5.802
    4   324   1944.362       3.82360       4.171
    4   325   1872.420       3.82479       4.347
    4   326   1945.993       3.82236       5.735
    4   327   1917.764       3.81363       4.817
    4   328   1933.874       3.83259       4.832
    4   329   1895.510       3.83500       4.756
    4   330   1943.786       3.82601       5.811
    4   331   1913.453       3.81847       3.208
    4   332   2002.790       3.82570       4.150
    4   333   1939.461       3.82606       5.211
    4   334   1982.862       3.83454       3.257
    4   335   1891.277       3.82653       3.552
    4   336   1984.101       3.82833       4.923
    4   337   1917.405       3.81139       4.264
    4   338   1966.831       3.82357       5.618
    4   339   1874.504       3.82129       4.276
    4   340   1950.636       3.83445       3.335
    4   341   1922.661       3.80500       6.210
    4   342   1997.646       3.81911       4.443
    4   343   1912.640       3.81695       5.545
    4   344   1944.280       3.83519       4.811
    4   345   1916.124       3.81971       5.037
    4   346   1993.076       3.82747       4.431
    4   347   1916.058       3.82993       5.488
    4   348   1970.753       3.83567       3.974
    4   349   1852.820       3.82782       4.205
    4   350   1928.405       3.84094       3.451
    4   351   1882.503       3.82780       3.077
    4   352   1938.871       3.82618       4.205
    4   353   1878.511       3.81777       3.578
    4   354   1957.263       3.83004       2.980
    4   355   1907.586       3.81499       6.786
    4   356   1955.909       3.82305       4.939
    4   357   1884.744       3.82024       5.579
    4   358   2005.996       3.82294       4.202
    4   359   1942.375       3.80562       4.490
    4   360   1991.447       3.82145       3.916
    4   361   1890.866       3.81613       5.439
    4   362   1960.367       3.82863       4.566
    4   363   1931.745       3.79996       5.295
    4   364   1912.720       3.83111       3.553
    4   365   1868.112       3.81265       5.533
    4   366   1979.409       3.81525       4.235
    4   367   1905.580       3.80917       5.547
    4   368   1948.860       3.82971       5.883
    4   369   1920.918       3.82584       4.592
    4   370   1983.940       3.82375       4.642
    4   371   1860.499       3.82986       4.446
    4   372   1983.085       3.82559       4.149
    4   373   1921.300       3.82632       4.075
    4   374   1973.670       3.81814       2.636
    4   375   1904.217       3.81100       4.796
    4   376   1930.818       3.82311       2.376
    4   377   1917.942       3.81365       4.200
    4   378   1978.527       3.82013       5.655
    4   379   1921.482       3.80462       6.142
    4   380   1927.038       3.83454       3.614
    4   381   1888.976       3.81547       6.052
    4   382   1963.527       3.82610       4.407
    4   383   1922.873       3.82165       4.820
    4   384   1968.591       3.83273       2.973
    4   385   1887.395       3.82174       3.555
    4   386   1938.993       3.82796       3.447
    4   387   1910.980       3.80963       3.447
    4   388   1923.970       3.81854       3.627
    4   389   1892.188       3.80657       5.771
    4   390   1921.748       3.82505       2.456
    4   391   1900.414       3.79556       8.044
    4   392   1941.169       3.83158       4.349
    4   393   1853.536       3.82556       5.636
    4   394   1908.348       3.83076       5.226
    4   395   1917.533       3.81667       5.207
    4   396   1926.916       3.82674       2.390
    4   397   1949.705       3.82025       3.730
    4   398   1927.362       3.81764       5.548
    4   399   1871.931       3.81318       3.749
    4   400   1954.901       3.82590       4.082
    4   401   1929.019       3.80780       4.700
    4   402   1962.802       3.81603       4.675
    4   403   1890.325       3.81711       4.443
    4   404   1959.220       3.82570       5.298
    4   405   1895.306       3.82306       4.509
    4   406   1956.763       3.82429       2.634
    4   407   1883.153       3.82328       5.162
    4   408   1927.832       3.84196       4.067
    4   409   1897.546       3.82164       3.525
    4   410   1957.553       3.83317       4.665
    4   411   1912.615       3.82155       4.638
    4   412   1943.327       3.83888       3.359
    4   413   1913.911       3.82640       3.613
    4   414   1956.530       3.83285       4.816
    4   415   1898.845       3.82161       5.570
    4   416   1973.141       3.82832       3.247
    4   417   1887.699       3.82046       3.241
    4   418   1972.988       3.81056       4.526
    4   419   1887.037       3.81406       5.308
    4   420   1964.708       3.82546       4.259
    4   421   1916.078       3.80642       5.096
    4   422   1936.590       3.81955       4.684
    4   423   1900.637       3.81364       7.680
    4   424   1948.937       3.82945       4.610
    4   425   1916.179       3.81689       5.416
    4   426   1953.172       3.82922       5.261
    4   427   1911.190       3.82064       3.858
    4   428   1960.807       3.83352       3.310
    4   429   1882.842       3.81114       5.617
    4   430   1957.895       3.83019       4.554
    4   431   1880.931       3.81376       5.878
    4   432   1948.189       3.83522       3.870
    4   433   1933.560       3.81023       4.585
    4   434   1969.084       3.82442       5.058
    4   435   1891.179       3.83205       4.509
    4   436   1931.302       3.82845       4.475
    4   437   1852.419       3.82478       5.807
    4   438   1986.162       3.82804       3.553
    4   439   1911.608       3.81486       5.254
    4   440   1975.606       3.81988       5.257
    4   441   1844.143       3.82392       4.906
    4   442   1942.511       3.83512       3.032
    4   443   1887.302       3.81217       7.670
    4   444   1967.501       3.83195       2.632
    4   445   1889.087       3.80863       6.236
    4   446   1971.404       3.82295       3.997
    4   447   1892.639       3.80875       6.012
    4   448   1970.841       3.82184       4.407
    4   449   1906.987       3.79995       5.356
    4   450   1956.165       3.81871       4.481
    4   451   1873.000       3.80514       6.431
    4   452   1912.950       3.81708       7.201
    4   453   1909.754       3.81231       5.828
    4   454   1943.453       3.82590       4.928
    4   455   1931.507       3.81355       4.949
    4   456   1941.364       3.82702       4.176
    4   457   1865.364       3.83191       3.451
    4   458   1971.981       3.82424       4.182
    4   459   1876.482       3.82044       4.869
    4   460   1986.556       3.81568       4.707
    4   461   1876.762       3.81940       5.026
    4   462   1971.878       3.82788       4.252
    4   463   1883.014       3.82675       4.312
    4   464   1967.431       3.82500       4.210
    4   465   1884.823       3.82425       4.122
    4   466   1960.312       3.82842       4.202
    4   467   1873.622       3.82581       4.528
    4   468   1940.703       3.83208       4.924
    4   469   1889.094       3.81453       4.754
    4   470   1963.594       3.81961       5.331
    4   471   1892.788       3.80518       4.376
    4   472   1939.778       3.82056       4.211
    4   473   1915.351       3.81346       5.259
    4   474   1969.520       3.82281       4.115
    4   475   1908.844       3.81797       6.293
    4   476   1977.429       3.82331       3.576
    4   477   1880.708       3.81168       5.377
    4   478   1966.662       3.82407       4.729
    4   479   1887.938       3.81399       6.640
    4   480   1949.214       3.84528       3.654
    4   481   1919.515       3.81595       6.690
    4   482   1941.072       3.82325       3.536
    4   483   1892.515       3.80693       5.767
    4   484   1925.473       3.82619       4.943
    4   485   1882.262       3.81378       3.850
    4   486   1962.623       3.82314       4.941
    4   487   1865.364       3.82391       4.040
    4   488   1923.462       3.81862       5.629
    4   489   1901.522       3.82445       5.277
    4   490   1960.643       3.83472       6.109
    4   491   1858.351       3.82548       4.739
    4   492   1935.209       3.83299       4.013
    4   493   1886.692       3.83730       3.668
    4   494   1964.968       3.83071       3.691
    4   495   1869.387       3.82171       3.701
    4   496   1976.914       3.82126       3.419
    4   497   1942.606       3.81719       2.711
    4   498   1913.557       3.78263       3.259
    4   499   1829.247       3.77992       3.921
    4   500   1891.148       3.79977       5.896
    4   501   1822.909       3.79953       5.844
    4   502   1835.462       3.81482       5.320
    4   503   1835.994       3.80476       7.456
    4   504   1939.545       3.84827       4.016
    4   505   1894.499       3.82510       5.412
    4   506   1947.459       3.81663       3.699
    4   507   1925.947       3.80387       5.563
    4   508   1915.701       3.82615       4.858
    4   509   1918.799       3.81140       6.457
    4   510   1939.260       3.84252       4.111
    4   511   1912.800       3.82961       4.792
    4   512   1880.025       3.82368       6.218
    4   513   1929.273       3.80923       5.141
    4   514   1873.597       3.81975       4.105
    4   515   1882.701       3.81167       4.778
    4   516   1908.985       3.81547       5.698
    4   517   1857.940       3.81229       5.004
    4   518   1882.860       3.81717       7.216
    4   519   1837.941       3.80840       6.785
    4   520   1837.881       3.82758       3.373
    4   521   1873.568       3.81775       4.591
    4   522   1868.257       3.82089       6.097
    4   523   1889.500       3.80462       5.197
    4   524   1863.450       3.82001       4.759
    4   525   1856.761       3.81423       7.240
    4   526   1942.149       3.80686       4.695
    4   527   1875.734       3.81046       5.138
    4   528   1888.648       3.81381       3.456
    4   529   1857.998       3.80402       5.860
    4   530   1903.159       3.81224       5.843
    4   531   1874.926       3.81650       3.717
    4   532   1903.040       3.81685       4.993
    4   533   1903.105       3.80885       6.187
    4   534   1895.762       3.83134       2.464
    4   535   1902.768       3.82524       3.878
    4   536   1885.388       3.82845       5.316
    4   537   1875.319       3.81173       5.263
    4   538   1879.248       3.83047       4.200
    4   539   1902.171       3.82433       3.690
    4   540   1859.161       3.82264       2.730
    4   541   1892.979       3.80812       4.080
    4   542   1924.285       3.80950       4.272
    4   543   1894.424       3.80842       4.713
    4   544   1901.134       3.81786       4.694
    4   545   1909.209       3.80518       4.711
    4   546   1909.432       3.81770       3.770
    4   547   1857.497       3.80798       4.360
    4   548   1898.693       3.82777       3.087
    4   549   1893.889       3.80076       5.511
    4   550   1885.654       3.82004       4.914
    4   551   1904.192       3.81596       3.176
    4   552   1877.823       3.82052       4.219
    4   553   1891.795       3.80626       5.650
    4   554   1916.566       3.80684       6.449
    4   555   1893.672       3.81145       4.588
    4   556   1927.628       3.82169       3.993
    4   557   1906.037       3.81201       3.985
    4   558   1905.118       3.81326       5.043
    4   559   1867.802       3.81039       4.023
    4   560   1906.619       3.81715       4.318
    4   561   1902.927       3.81435       4.254
    4   562   1929.644       3.81997       3.717
    4   563   1904.604       3.80259       5.165
    4   564   1898.291       3.82566       3.378
    4   565   1906.212       3.81137       5.294
    4   566   1897.087       3.81284       5.818
    4   567   1891.551       3.80946       5.059
    4   568   1897.803       3.82037       3.513
    4   569   1857.764       3.79523       6.339
    4   570   1879.733       3.81512       2.563
    4   571   1906.295       3.80267       3.962
    4   572   1893.460       3.82153       3.199
    4   573   1877.318       3.81043       3.199
    4   574   1877.778       3.81551       3.311
    4   575   1871.465       3.80613       6.159
    4   576   1872.967       3.81869       4.251
    4   577   1883.394       3.80112       5.627
    4   578   1939.275       3.80712       5.439
    4   579   1870.600       3.81427       4.454
    4   580   1903.334       3.81680       3.745
    4   581   1863.776       3.82126       5.338
    4   582   1865.152       3.83788       4.954
    4   583   1889.761       3.82466       5.295
    4   584   1896.129       3.83794       3.412
    4   585   1874.983       3.82135       5.868
    4   586   1906.108       3.82649       3.347
    4   587   1885.541       3.82090       3.525
    4   588   1869.318       3.81624       3.387
    4   589   1869.931       3.80622       3.533
    4   590   1892.366       3.80330       3.506
    4   591   1873.659       3.79798       3.927
    4   592   1934.907       3.80694       5.408
    4   593   1872.206       3.79928       5.886
    4   594   1899.880       3.81604       5.517
    4   595   1878.454       3.80678       6.462
    4   596   1899.174       3.80964       5.973
    4   597   1881.608       3.81902       4.829
    4   598   1893.215       3.82091       6.985
    4   599   1892.233       3.80699       4.910
    4   600   1877.162       3.82360       4.055
    4   601   1928.210       3.80730       4.136
    4   602   1888.355       3.81986       3.484
    4   603   1866.207       3.81217       4.458
    4   604   1886.681       3.81160       4.404
    4   605   1907.364       3.80307       3.736
    4   606   1909.932       3.81718       4.041
    4   607   1880.859       3.80509       4.873
    4   608   1898.419       3.81751       3.991
    4   609   1889.339       3.80115       5.287
    4   610   1904.352       3.81331       6.314
    4   611   1908.203       3.80800       5.058
    4   612   1877.566       3.83282       4.399
    4   613   1874.593       3.80724       5.510
    4   614   1878.188       3.81514       5.663
    4   615   1899.909       3.82666       3.601
    4   616   1873.720       3.82273       3.236
    4   617   1909.954       3.80241       4.856
    4   618   1898.615       3.81581       4.123
    4   619   1876.715       3.80350       4.131
    4   620   1902.629       3.80643       5.837
    4   621   1906.838       3.80715       5.388
    4   622   1865.734       3.81785       4.458
    4   623   1912.467       3.81823       3.692
    4   624   1948.435       3.82496       3.684
    4   625   1910.827       3.81830       3.813
    4   626   1908.090       3.83222       4.398
    4   627   1900.851       3.82054       4.644
    4   628   1866.412       3.82428       2.291
    4   629   1884.322       3.81809       3.829
    4   630   1903.771       3.81271       3.009
    4   631   1883.058       3.80557       2.941
    4   632   1886.290       3.81424       5.327
    4   633   1904.494       3.80494       4.602
    4   634   1888.139       3.81347       4.045
    4   635   1902.205       3.80647       6.572
    4   636   1892.119       3.81141       5.619
    4   637   1898.570       3.79531       6.932
    4   638   1908.357       3.82414       3.751
    4   639   1919.519       3.82088       4.859
    4   640   1890.847       3.82247       4.140
    4   641   1884.391       3.80088       5.213
    4   642   1857.532       3.82614       4.074
    4   643   1854.624       3.80718       5.921
    4   644   1898.095       3.81422       4.511
    4   645   1883.440       3.80203       5.135
    4   646   1922.300       3.81976       3.184
    4   647   1896.537       3.80637       4.033
    4   648   1910.196       3.81500       5.255
    4   649   1892.261       3.80754       6.166
    4   650   1886.132       3.82071       3.855
    4   651   1920.637       3.79591       6.340
    4   652   1893.942       3.81437       5.317
    4   653   1881.757       3.80505       4.751
    4   654   1900.692       3.81926       6.833
    4   655   1871.101       3.82657       4.692
    4   656   1902.643       3.83228       3.815
    4   657   1907.861       3.81355       4.991
    4   658   1854.873       3.81648       5.421
    4   659   1874.221       3.80896       4.440
    4   660   1889.853       3.80438       4.323
    4   661   1890.287       3.80812       3.639
    4   662   1922.331       3.81494       3.469
    4   663   1922.127       3.80506       4.334
    4   664   1888.117       3.81081       7.304
    4   665   1868.193       3.81497       4.230
    4   666   1914.946       3.81835       5.729
    4   667   1853.272       3.82374       2.770
    4   668   1868.289       3.83027       2.636
    4   669   1880.640       3.81959       4.623
    4   670   1916.655       3.82769       4.471
    4   671   1863.993       3.82887       3.623
    4   672   1894.204       3.82326       4.563
    4   673   1881.227       3.81078       5.349
    4   674   1920.875       3.81973       3.944
    4   675   1863.901       3.82741       3.384
    4   676   1904.339       3.81118       3.826
    4   677   1871.831       3.81942       4.116
    4   678   1915.318       3.81476       4.764
    4   679   1884.884       3.80559       5.743
    4   680   1923.159       3.82737       4.606
    4   681   1875.874       3.82080       4.190
    4   682   1900.346       3.81213       5.775
    4   683   1911.178       3.81362       3.995
    4   684   1926.053       3.80888       6.384
    4   685   1900.803       3.80953       3.743
    4   686   1915.796       3.83028       2.250
    4   687   1888.047       3.81674       3.468
    4   688   1898.316       3.81475       4.038
    4   689   1893.394       3.79957       4.274
    4   690   1903.737       3.81912       2.854
    4   691   1888.568       3.81229       3.559
    4   692   1901.895       3.80977       2.546
    4   693   1900.250       3.80426       3.352
    4   694   1881.254       3.82102       3.730
    4   695   1898.355       3.80637       5.155
    4   696   1916.193       3.82250       4.553
    4   697   1889.472       3.80590       5.571
    4   698   1893.261       3.82372       5.524
    4   699   1907.711       3.81441       6.160
    4   700   1903.394       3.83562       4.730
    4   701   1882.442       3.80870       5.589
    4   702   1865.305       3.82936       2.756
    4   703   1871.158       3.81243       4.506
    4   704   1927.386       3.81337       4.206
    4   705   1884.304       3.82043       3.270
    4   706   1844.804       3.81788       5.729
    4   707   1866.398       3.82451       4.320
    4   708   1883.860       3.81017       7.240
    4   709   1876.355       3.80742       5.981
    4   710   1877.741       3.82732       4.063
    4   711   1868.940       3.81637       4.509
    4   712   1880.231       3.81991       4.362
    4   713   1890.979       3.80395       5.520
    4   714   1891.723       3.82315       3.487
    4   715   1876.146       3.81665       4.582
    4   716   1899.622       3.81542       4.205
    4   717   1867.715       3.81581       4.720
    4   718   1884.819       3.82236       5.212
    4   719   1908.407       3.81591       4.952
    4   720   1878.779       3.82938       4.052
    4   721   1856.010       3.81583       5.147
    4   722   1917.633       3.81623       3.571
    4   723   1899.454       3.81650       3.368
    4   724   1884.363       3.81464       5.650
    4   725   1872.691       3.81861       4.804
    4   726   1888.715       3.81696       5.047
    4   727   1916.399       3.79967       4.499
    4   728   1910.593       3.81708       3.451
    4   729   1924.757       3.80082       5.625
    4   730   1897.399       3.82921       4.869
    4   731   1857.259       3.82865       5.010
    4   732   1894.523       3.83090       4.129
    4   733   1900.277       3.81700       6.618
    4   734   1895.832       3.81977       4.170
    4   735   1938.183       3.81491       4.772
    4   736   1892.995       3.81208       4.174
    4   737   1879.488       3.79968       4.969
    4   738   1890.602       3.81810       4.430
    4   739   1860.455       3.81093       3.396
    4   740   1865.199       3.81747       4.417
    4   741   1872.308       3.80637       6.730
    4   742   1852.750       3.83428       4.258
    4   743   1888.255       3.81101       6.780
    4   744   1899.918       3.82167       3.979
    4   745   1913.717       3.81863       3.142
    4   746   1906.039       3.82164       4.495
    4   747   1918.851       3.80853       5.408
    4   748   1928.687       3.80884       4.468
    4   749   1873.690       3.81497       3.550
    4   750   1921.606       3.82041       3.461
    4   751   1880.118       3.79918       5.262
    4   752   1881.300       3.82154       5.092
    4   753   1864.561       3.82056       3.790
    4   754   1864.999       3.83742       3.306
    4   755   1852.518       3.81909       4.763
    4   756   1882.497       3.83164       3.902
    4   757   1911.582       3.81926       2.604
    4   758   1891.698       3.82635       3.625
    4   759   1936.317       3.81284       3.941
    4   760   1942.899       3.81674       3.626
    4   761   1874.647       3.82267       3.599
    4   762   1903.284       3.82084       3.828
    4   763   1886.287       3.81238       3.844
    4   764   1887.169       3.81986       4.346
    4   765   1895.465       3.81008       5.551
    4   766   1834.996       3.82400       5.027
    4   767   1894.561       3.82012       5.239
    4   768   1895.480       3.82871       5.524
    4   769   1866.507       3.83551       3.230
    4   770   1856.433       3.83246       6.153
    4   771   1907.379       3.80402       4.709
    4   772   1919.043       3.81733       4.769
    4   773   1898.359       3.81488       4.126
    4   774   1879.582       3.82435       3.889
    4   775   1898.525       3.82144       4.280
    4   776   1876.475       3.82011       6.168
    4   777   1906.387       3.80723       4.862
    4   778   1876.255       3.82022       4.825
    4   779   1885.926       3.81388       5.345
    4   780   1874.674       3.82267       4.157
    4   781   1888.683       3.80384       6.402
    4   782   1895.123       3.81903       3.862
    4   783   1920.763       3.79701       6.135
    4   784   1911.671       3.81966       3.966
    4   785   1892.483       3.80814       5.126
    4   786   1871.319       3.83217       4.530
    4   787   1896.171       3.81575       5.184
    4   788   1863.839       3.82216       4.948
    4   789   1896.076       3.82215       5.558
    4   790   1900.779       3.82475       4.464
    4   791   1872.158       3.81322       4.319
    4   792   1896.220       3.81953       4.668
    4   793   1892.153       3.81519       4.271
    4   794   1914.135       3.81408       5.289
    4   795   1922.738       3.81766       5.442
    4   796   1874.048       3.82436       4.345
    4   797   1887.946       3.82867       4.508
    4   798   1861.354       3.82716       5.442
    4   799   1893.277       3.82703       4.212
    4   800   1900.205       3.82343       5.096
    4   801   1874.165       3.82263       3.446
    4   802   1872.502       3.81946       4.005
    4   803   1898.374       3.81111       7.356
    4   804   1860.215       3.82937       3.806
    4   805   1894.383       3.80850       4.205
    4   806   1886.842       3.82064       4.715
    4   807   1883.922       3.80305       5.043
    4   808   1879.326       3.81278       5.009
    4   809   1910.240       3.81190       4.097
    4   810   1893.735       3.82254       4.615
    4   811   1906.810       3.81527       5.811
    4   812   1877.255       3.82585       5.694
    4   813   1897.024       3.81784       4.236
    4   814   1912.260       3.82260       3.376
    4   815   1868.008       3.82327       3.661
    4   816   1896.051       3.83331       3.012
    4   817   1873.182       3.81903       3.318
    4   818   1851.370       3.83606       2.696
    4   819   1880.417       3.81055       3.993
    4   820   1894.081       3.82244       3.308
    4   821   1894.817       3.80649       4.939
    4   822   1883.645       3.82574       4.231
    4   823   1856.787       3.81686       6.555
    4   824   1929.554       3.80587       5.092
    4   825   1881.438       3.80105       5.196
    4   826   1878.971       3.82743       4.869
    4   827   1883.322       3.81504       4.412
    4   828   1858.270       3.83058       3.461
    4   829   1904.208       3.80917       6.207
    4   830   1874.332       3.81448       5.857
    4   831   1934.094       3.82294       5.081
    4   832   1895.482       3.82631       4.584
    4   833   1884.860       3.80855       4.834
    4   834   1893.220       3.81664       4.171
    4   835   1897.106       3.81142       4.090
    4   836   1937.835       3.82482       2.951
    4   837   1865.027       3.80796       5.178
    4   838   1860.384       3.82311       4.458
    4   839   1924.561       3.82551       4.010
    4   840   1872.334       3.82584       4.759
    4   841   1889.502       3.81874       3.918
    4   842   1905.722       3.81792       4.561
    4   843   1845.261       3.82040       4.593
    4   844   1928.731       3.82053       3.227
    4   845   1918.177       3.81666       4.719
    4   846   1882.793       3.81883       4.174
    4   847   1858.387       3.81918       5.272
    4   848   1922.080       3.82876       4.349
    4   849   1898.068       3.80444       5.540
    4   850   1903.925       3.81438       4.901
    4   851   1873.458       3.82350       4.611
    4   852   1877.124       3.82629       4.815
    4   853   1923.117       3.81007       3.624
    4   854   1880.768       3.82956       4.856
    4   855   1929.779       3.81077       3.255
    4   856   1863.347       3.82125       2.261
    4   857   1921.510       3.80342       4.846
    4   858   1862.613       3.81367       4.798
    4   859   1890.318       3.80569       6.386
    4   860   1844.758       3.82687       3.143
    4   861   1893.860       3.80931       5.587
    4   862   1902.036       3.82571       3.816
    4   863   1892.450       3.82297       4.003
    4   864   1920.943       3.82194       4.978
    4   865   1894.408       3.82153       3.497
    4   866   1927.826       3.82184       3.862
    4   867   1896.049       3.82080       4.378
    4   868   1880.171       3.83134       3.176
    4   869   1908.602       3.80863       5.256
    4   870   1887.832       3.81827       5.511
    4   871   1887.775       3.80786       6.012
    4   872   1894.972       3.84213       3.512
    4   873   1867.822       3.82973       4.605
    4   874   1902.662       3.83068       3.472
    4   875   1908.886       3.81710       4.245
    4   876   1895.957       3.81331       3.344
    4   877   1895.081       3.81461       3.901
    4   878   1865.608       3.81537       4.175
    4   879   1936.330       3.79767       4.609
    4   880   1895.427       3.81450       6.062
    4   881   1889.702       3.80709       6.295
    4   882   1892.578       3.81245       6.808
    4   883   1861.701       3.81506       5.890
    4   884   1916.635       3.81820       5.213
    4   885   1876.595       3.82533       4.562
    4   886   1869.380       3.83354       2.037
    4   887   1894.866       3.81800       2.475
    4   888   1871.795       3.81988       3.827
    4   889   1855.825       3.82203       3.161
    4   890   1909.006       3.81668       4.105
    4   891   1891.182       3.80518       5.807
    4   892   1885.855       3.83307       5.504
    4   893   1901.977       3.82195       3.130
    4   894   1864.651       3.83038       4.652
    4   895   1890.254       3.81775       3.405
    4   896   1891.366       3.82561       4.385
    4   897   1933.781       3.81430       3.547
    4   898   1929.582       3.82962       1.873
    4   899   1852.368       3.83292       2.925
    4   900   1870.061       3.81511       3.358
    4   901   1869.307       3.80245       3.605
    4   902   1914.496       3.81395       4.432
    4   903   1883.423       3.82298       3.595
    4   904   1901.305       3.81773       5.690
    4   905   1881.364       3.82168       4.900
    4   906   1903.844       3.81373       5.784
    4   907   1888.315       3.83142       4.263
    4   908   1872.332       3.83346       4.224
    4   909   1932.339       3.82190       2.543
    4   910   1889.396       3.83350       3.902
    4   911   1886.452       3.82050       4.464
    4   912   1903.639       3.81842       5.549
    4   913   1872.134       3.82716       3.474
    4   914   1919.100       3.81981       5.254
    4   915   1889.268       3.82506       3.410
    4   916   1907.387       3.81407       4.019
    4   917   1885.213       3.80449       5.120
    4   918   1885.121       3.81869       5.567
    4   919   1920.355       3.82354       4.519
    4   920   1905.561       3.82395       5.891
    4   921   1875.150       3.81739       6.010
    4   922   1885.252       3.83114       3.623
    4   923   1865.697       3.82070       4.817
    4   924   1891.208       3.82589       2.664
    4   925   1894.404       3.81862       3.490
    4   926   1866.308       3.83138       2.417
    4   927   1845.887       3.82395       4.117
    4   928   1872.311       3.81382       4.906
    4   929   1919.640       3.81393       5.942
    4   930   1877.605       3.82208       5.871
    4   931   1906.412       3.81388       5.610
    4   932   1905.347       3.84242       3.359
    4   933   1931.926       3.81234       3.909
    4   934   1891.632       3.82804       3.990
    4   935   1954.458       3.81006       4.758
    4   936   1876.753       3.82908       4.300
    4   937   1904.410       3.81700       2.939
    4   938   1890.149       3.81521       5.851
    4   939   1884.808       3.80721       5.225
    4   940   1896.338       3.82429       2.819
    4   941   1909.572       3.80177       3.204
    4   942   1870.594       3.82111       4.226
    4   943   1886.692       3.81224       3.694
    4   944   1875.600       3.82121       2.648
    4   945   1880.521       3.81519       3.978
    4   946   1891.743       3.83011       3.939
    4   947   1886.389       3.81761       6.119
    4   948   1872.964       3.82239       4.742
    4   949   1892.258       3.82539       4.984
    4   950   1873.606       3.82094       3.535
    4   951   1873.895       3.81918       5.257
    4   952   1902.362       3.82021       2.892
    4   953   1896.831       3.82077       3.595
    4   954   1905.390       3.82173       5.380
    4   955   1894.779       3.82341       4.064
    4   956   1883.983       3.81893       6.027
    4   957   1863.747       3.82487       2.635
    4   958   1906.486       3.81388       3.670
    4   959   1915.343       3.81826       2.955
    4   960   1885.649       3.82849       3.585
    4   961   1878.505       3.81308       4.785
    4   962   1903.884       3.81798       3.394
    4   963   1901.717       3.81029       4.493
    4   964   1910.635       3.82691       5.809
    4   965   1920.167       3.81471       6.390
    4   966   1872.668       3.83181       6.474
    4   967   1861.354       3.82892       5.741
    4   968   1904.114       3.83254       4.264
    4   969   1877.965       3.82096       5.064
    4   970   1889.558       3.81751       3.287
    4   971   1888.639       3.80411       4.454
    4   972   1917.046       3.81046       4.774
    4   973   1877.414       3.81002       3.215
    4   974   1955.101       3.80561       4.964
    4   975   1899.469       3.79564       5.498
    4   976   1894.896       3.81945       4.946
    4   977   1865.472       3.81600       7.774
    4   978   1878.437       3.83682       5.996
    4   979   1904.433       3.83818       2.945
    4   980   1876.694       3.83856       3.717
    4   981   1870.162       3.82444       3.255
    4   982   1912.788       3.82862       2.774
    4   983   1905.153       3.80563       4.216
    4   984   1892.829       3.82204       3.106
    4   985   1895.085       3.80892       3.919
    4   986   1894.991       3.81287       5.724
    4   987   1887.721       3.82334       4.842
    4   988   1881.265       3.82778       4.248
    4   989   1893.196       3.80633       6.973
    4   990   1923.433       3.82572       4.104
    4   991   1863.621       3.82074       3.971
    4   992   1884.639       3.83787       3.357
    4   993   1906.888       3.82907       2.940
    4   994   1893.479       3.82849       5.526
    4   995   1876.289       3.82891       4.496
    4   996   1847.642       3.84062       5.317
    4   997   1841.124       3.82593       4.269
    4   998   1879.728       3.83825       4.653
    4   999   1912.579       3.82862       3.744
    4  1000   1903.271       3.82756       3.542
    4  1001   1894.021       3.81521       3.056
    4  1002   1912.049       3.81229       5.372
    4  1003   1877.587       3.82376       5.821
    4  1004   1906.199       3.82975       5.626
    4  1005   1883.972       3.83215       4.557
    4  1006   1883.759       3.82879       4.263
    4  1007   1852.748       3.81770       4.992
    4  1008   1873.437       3.83626       3.619
    4  1009   1885.076       3.82383       5.023
    4  1010   1872.817       3.81662       2.037
    4  1011   1888.584       3.80946       4.825
    4  1012   1881.993       3.81903       5.475
    4  1013   1903.502       3.80187       5.823
    4  1014   1865.898       3.81938       4.372
    4  1015   1905.752       3.80979       4.142
    4  1016   1912.683       3.82616       3.047
    4  1017   1885.183       3.79902       3.376
    4  1018   1904.714       3.82513       3.391
    4  1019   1836.144       3.82376       2.901
    4  1020   1857.260       3.82859       5.291
    4  1021   1888.424       3.82536       5.921
    4  1022   1828.756       3.84604       4.522
    4  1023   1909.776       3.83172       5.393
