   13     0   1853.146       3.85610       2.579
   13     1   1852.627       3.83727       2.748
   13     2   1842.049       3.83874       2.835
   13     3   1828.999       3.82354       3.028
   13     4   1897.480       3.83733       3.246
   13     5   1830.377       3.83086       1.983
   13     6   1887.782       3.83983       1.828
   13     7   1852.790       3.81986       5.688
   13     8   1926.852       3.83969       4.044
   13     9   1874.809       3.83143       3.136
   13    10   1896.028       3.83699       3.250
   13    11   1832.919       3.82635       3.214
   13    12   1911.526       3.84132       3.222
   13    13   1833.815       3.83805       2.965
   13    14   1898.259       3.83291       4.785
   13    15   1856.136       3.81600       4.753
   13    16   1875.371       3.84038       4.100
   13    17   1849.859       3.82503       4.210
   13    18   1880.417       3.84521       3.655
   13    19   1885.233       3.82645       3.654
   13    20   1904.853       3.84377       4.248
   13    21   1857.473       3.82376       3.957
   13    22   1932.466       3.83092       3.420
   13    23   1835.462       3.82831       3.347
   13    24   1872.139       3.84880       2.712
   13    25   1857.109       3.83170       3.199
   13    26   1924.367       3.83673       3.617
   13    27   1884.053       3.83129       3.753
   13    28   1904.847       3.84418       3.101
   13    29   1845.650       3.82336       3.379
   13    30   1890.795       3.83210       4.147
   13    31   1838.895       3.83044       2.724
   13    32   1869.581       3.83697       2.500
   13    33   1802.872       3.84230       2.848
   13    34   1918.397       3.83419       3.889
   13    35   1794.445       3.84337       2.519
   13    36   1906.515       3.85012       3.531
   13    37   1840.320       3.84063       4.167
   13    38   1876.226       3.85399       1.589
   13    39   1845.802       3.82843       3.952
   13    40   1892.169       3.84636       2.362
   13    41   1902.376       3.82670       4.874
   13    42   1940.933       3.84332       2.073
   13    43   1831.679       3.81915       4.691
   13    44   1925.892       3.84117       3.086
   13    45   1858.014       3.82511       4.955
   13    46   1895.329       3.84377       4.705
   13    47   1853.354       3.84868       2.494
   13    48   1899.131       3.84437       2.746
   13    49   1857.413       3.82214       4.207
   13    50   1894.914       3.82689       2.561
   13    51   1821.090       3.82294       3.351
   13    52   1912.400       3.83750       2.675
   13    53   1889.042       3.81081       4.406
   13    54   1906.737       3.84004       3.590
   13    55   1858.264       3.83521       6.303
   13    56   1913.293       3.84631       4.095
   13    57   1863.478       3.83111       3.397
   13    58   1933.714       3.83735       3.897
   13    59   1854.475       3.84099       2.428
   13    60   1920.916       3.82508       4.914
   13    61   1846.454       3.82416       3.040
   13    62   1931.694       3.82490       2.225
   13    63   1851.218       3.81661       3.635
   13    64   1876.107       3.82175       4.586
   13    65   1841.560       3.82388       3.862
   13    66   1879.057       3.84292       3.546
   13    67   1876.677       3.82602       6.094
   13    68   1887.102       3.83743       4.959
   13    69   1842.048       3.83151       4.197
   13    70   1923.625       3.82762       5.716
   13    71   1867.843       3.82318       6.478
   13    72   1951.350       3.83781       1.869
   13    73   1845.151       3.82569       3.041
   13    74   1900.676       3.83659       3.134
   13    75   1854.080       3.82398       7.672
   13    76   1897.051       3.84603       4.011
   13    77   1872.670       3.83670       3.312
   13    78   1883.940       3.83952       3.293
   13    79   1869.268       3.83356       3.054
   13    80   1887.723       3.82848       5.039
   13    81   1853.794       3.81899       3.167
   13    82   1919.737       3.82204       3.173
   13    83   1830.363       3.82640       4.299
   13    84   1914.550       3.82522       3.425
   13    85   1844.355       3.82761       3.040
   13    86   1927.732       3.85456       2.575
   13    87   1859.372       3.83470       6.676
   13    88   1857.716       3.85642       2.293
   13    89   1838.177       3.83384       3.113
   13    90   1905.733       3.83904       3.114
   13    91   1850.400       3.82156       3.546
   13    92   1885.974       3.83285       4.320
   13    93   1892.404       3.81592       2.077
   13    94   1921.544       3.83796       1.966
   13    95   1866.241       3.81358       3.890
   13    96   1884.878       3.82771       7.266
   13    97   1853.279       3.82429       4.692
   13    98   1874.175       3.83236       4.335
   13    99   1855.976       3.81701       5.224
   13   100   1941.184       3.83060       4.555
   13   101   1890.359       3.82987       4.849
   13   102   1909.024       3.83142       2.947
   13   103   1782.999       3.83423       4.194
   13   104   1867.709       3.84256       3.702
   13   105   1836.936       3.82613       3.687
   13   106   1910.520       3.82266       3.363
   13   107   1851.048       3.82283       1.781
   13   108   1910.670       3.83701       1.836
   13   109   1904.381       3.80843       4.573
   13   110   1941.698       3.82242       2.666
   13   111   1871.419       3.80838       5.675
   13   112   1891.075       3.82295       4.411
   13   113   1826.857       3.81785       5.633
   13   114   1857.479       3.83679       4.704
   13   115   1857.348       3.81670       5.123
   13   116   1882.123       3.83791       3.399
   13   117   1897.594       3.80819       5.091
   13   118   1905.679       3.83587       3.847
   13   119   1831.696       3.83094       4.368
   13   120   1889.024       3.83109       3.092
   13   121   1866.374       3.81924       3.374
   13   122   1872.648       3.84085       2.799
   13   123   1889.980       3.82723       4.269
   13   124   1915.478       3.83296       4.547
   13   125   1845.152       3.83184       3.788
   13   126   1896.377       3.83776       2.245
   13   127   1864.365       3.82462       2.064
   13   128   1903.508       3.83614       3.502
   13   129   1845.832       3.82215       3.755
   13   130   1882.892       3.83631       2.368
   13   131   1873.271       3.82606       3.225
   13   132   1918.073       3.82317       4.469
   13   133   1855.244       3.82632       3.061
   13   134   1896.069       3.82447       5.571
   13   135   1840.254       3.83193       3.658
   13   136   1934.901       3.82992       5.238
   13   137   1847.404       3.82268       6.812
   13   138   1924.851       3.82730       4.198
   13   139   1887.577       3.82672       4.366
   13   140   1896.138       3.83512       4.111
   13   141   1894.107       3.83173       4.203
   13   142   1924.837       3.84034       2.135
   13   143   1816.479       3.82838       6.514
   13   144   1890.224       3.83599       3.414
   13   145   1858.172       3.82885       4.624
   13   146   1905.014       3.83852       3.013
   13   147   1920.847       3.81248       7.060
   13   148   1900.280       3.84534       3.193
   13   149   1839.161       3.81489       5.425
   13   150   1949.783       3.83822       2.115
   13   151   1866.537       3.82361       3.104
   13   152   1918.767       3.83280       3.840
   13   153   1872.182       3.82115       3.164
   13   154   1881.420       3.82827       3.269
   13   155   1838.462       3.82456       5.992
   13   156   1908.196       3.83741       4.107
   13   157   1835.079       3.82286       4.270
   13   158   1885.293       3.83978       2.894
   13   159   1857.691       3.82586       4.229
   13   160   1900.397       3.84648       4.773
   13   161   1840.362       3.83609       2.406
   13   162   1899.545       3.84868       2.218
   13   163   1857.993       3.82901       5.476
   13   164   1907.110       3.84758       2.249
   13   165   1860.336       3.82191       4.545
   13   166   1880.401       3.83195       1.436
   13   167   1882.943       3.81748       2.530
   13   168   1905.765       3.82684       4.818
   13   169   1849.436       3.82105       2.986
   13   170   1902.459       3.82552       4.921
   13   171   1892.774       3.81204       5.210
   13   172   1900.950       3.83829       5.776
   13   173   1878.536       3.82160       6.068
   13   174   1885.404       3.84817       2.195
   13   175   1862.197       3.83807       3.522
   13   176   1904.438       3.83292       3.991
   13   177   1847.447       3.82882       4.193
   13   178   1914.835       3.83029       2.981
   13   179   1899.210       3.81659       4.079
   13   180   1912.520       3.83429       3.396
   13   181   1854.098       3.81915       4.109
   13   182   1914.705       3.84093       2.650
   13   183   1871.079       3.81911       4.322
   13   184   1871.114       3.84699       4.411
   13   185   1850.743       3.82628       4.462
   13   186   1883.241       3.84496       2.780
   13   187   1841.472       3.83716       5.038
   13   188   1939.345       3.83364       2.117
   13   189   1844.538       3.81911       4.797
   13   190   1887.209       3.81501       4.078
   13   191   1859.779       3.81235       2.268
   13   192   1881.845       3.82214       3.693
   13   193   1851.386       3.81099       6.288
   13   194   1898.373       3.83538       5.559
   13   195   1866.999       3.81459       7.288
   13   196   1938.889       3.82192       5.547
   13   197   1850.017       3.82538       4.422
   13   198   1884.903       3.83210       5.773
   13   199   1860.464       3.82413       3.635
   13   200   1875.130       3.83020       4.108
   13   201   1833.059       3.82829       2.849
   13   202   1902.770       3.83183       3.837
   13   203   1864.357       3.81719       3.573
   13   204   1915.129       3.83644       5.323
   13   205   1883.521       3.81107       6.140
   13   206   1922.818       3.83878       5.408
   13   207   1827.031       3.83472       4.967
   13   208   1909.328       3.83980       5.591
   13   209   1810.607       3.82841       4.562
   13   210   1914.276       3.83135       3.703
   13   211   1880.300       3.81892       2.749
   13   212   1957.104       3.82538       3.670
   13   213   1874.283       3.82597       3.292
   13   214   1925.045       3.81778       3.829
   13   215   1848.064       3.81009       4.662
   13   216   1886.670       3.82999       5.329
   13   217   1854.582       3.81385       7.109
   13   218   1872.228       3.83909       3.949
   13   219   1834.317       3.83255       2.856
   13   220   1910.601       3.82652       3.630
   13   221   1889.109       3.81665       4.285
   13   222   1946.590       3.81597       3.165
   13   223   1857.622       3.81417       5.441
   13   224   1886.725       3.84125       2.695
   13   225   1818.088       3.82256       3.219
   13   226   1889.279       3.83388       3.930
   13   227   1855.012       3.81830       4.807
   13   228   1906.425       3.83893       3.400
   13   229   1887.332       3.81602       4.420
   13   230   1927.696       3.83133       2.991
   13   231   1838.973       3.81374       4.698
   13   232   1872.286       3.84749       2.663
   13   233   1843.119       3.83049       5.202
   13   234   1868.527       3.84693       4.228
   13   235   1836.965       3.83145       5.039
   13   236   1918.099       3.83139       5.335
   13   237   1862.655       3.82382       2.801
   13   238   1902.193       3.82885       2.297
   13   239   1905.963       3.81628       3.581
   13   240   1924.304       3.82925       3.584
   13   241   1854.992       3.82438       5.604
   13   242   1958.192       3.82390       4.078
   13   243   1864.954       3.82290       5.386
   13   244   1883.973       3.83855       2.258
   13   245   1885.290       3.80382       4.344
   13   246   1880.579       3.83273       2.337
   13   247   1849.491       3.82003       2.493
   13   248   1897.166       3.82475       3.258
   13   249   1824.456       3.81360       6.324
   13   250   1935.578       3.82031       4.536
   13   251   1822.119       3.83031       3.320
   13   252   1929.291       3.82273       5.117
   13   253   1864.372       3.81562       4.017
   13   254   1909.266       3.83877       3.436
   13   255   1812.913       3.82553       3.863
   13   256   1869.528       3.83910       3.652
   13   257   1822.966       3.82328       5.326
   13   258   1883.024       3.84087       3.704
   13   259   1883.093       3.82294       3.634
   13   260   1904.464       3.82700       5.002
   13   261   1833.134       3.81686       3.725
   13   262   1934.404       3.82041       5.468
   13   263   1899.562       3.81147       3.732
   13   264   1890.013       3.82379       4.479
   13   265   1851.576       3.82248       4.752
   13   266   1903.571       3.83135       5.705
   13   267   1870.720       3.82993       3.515
   13   268   1905.219       3.83522       5.163
   13   269   1853.826       3.83049       6.759
   13   270   1891.745       3.84756       2.792
   13   271   1889.809       3.82618       3.084
   13   272   1881.071       3.83368       2.217
   13   273   1849.487       3.82090       4.129
   13   274   1916.718       3.81544       2.844
   13   275   1847.524       3.80475       6.078
   13   276   1889.798       3.81667       3.770
   13   277   1866.490       3.80945       4.804
   13   278   1920.511       3.83245       5.286
   13   279   1829.460       3.82302       5.316
   13   280   1908.994       3.83142       4.621
   13   281   1869.110       3.82314       5.029
   13   282   1905.464       3.82379       4.384
   13   283   1831.423       3.81479       3.973
   13   284   1886.424       3.83481       4.267
   13   285   1877.225       3.81156       4.477
   13   286   1911.683       3.82225       2.767
   13   287   1880.763       3.81385       4.557
   13   288   1937.284       3.82265       3.728
   13   289   1819.125       3.82592       3.791
   13   290   1879.857       3.82537       3.078
   13   291   1830.895       3.81663       4.655
   13   292   1894.687       3.83789       4.252
   13   293   1807.307       3.83052       3.994
   13   294   1933.398       3.82999       2.802
   13   295   1880.459       3.81288       5.180
   13   296   1901.078       3.82866       3.970
   13   297   1842.206       3.82732       5.485
   13   298   1936.223       3.83239       2.035
   13   299   1854.675       3.82559       5.222
   13   300   1918.523       3.83378       3.940
   13   301   1863.259       3.80981       4.376
   13   302   1877.580       3.83306       3.829
   13   303   1848.387       3.82902       3.554
   13   304   1942.640       3.82949       4.278
   13   305   1848.570       3.83178       3.778
   13   306   1915.102       3.81412       4.585
   13   307   1869.619       3.81396       5.485
   13   308   1884.949       3.84988       3.648
   13   309   1862.716       3.82553       4.045
   13   310   1911.065       3.84132       6.191
   13   311   1843.721       3.82652       5.848
   13   312   1906.913       3.84904       3.221
   13   313   1840.388       3.83902       2.816
   13   314   1891.280       3.83721       2.864
   13   315   1852.678       3.82396       3.137
   13   316   1885.457       3.82686       2.649
   13   317   1878.954       3.81042       4.317
   13   318   1900.914       3.82999       3.888
   13   319   1852.038       3.80496       5.281
   13   320   1919.922       3.82526       3.788
   13   321   1855.724       3.81993       4.754
   13   322   1898.931       3.81627       5.610
   13   323   1893.369       3.81110       6.861
   13   324   1896.221       3.83908       2.441
   13   325   1860.824       3.82900       4.250
   13   326   1879.862       3.83488       4.702
   13   327   1899.634       3.81687       6.165
   13   328   1922.251       3.84259       3.486
   13   329   1824.429       3.82216       5.132
   13   330   1905.926       3.83419       3.650
   13   331   1821.100       3.82688       4.716
   13   332   1939.053       3.82690       2.793
   13   333   1881.484       3.81908       4.675
   13   334   1914.250       3.82951       3.647
   13   335   1872.268       3.80838       4.935
   13   336   1887.426       3.82732       3.968
   13   337   1846.669       3.80889       6.167
   13   338   1892.094       3.82887       4.235
   13   339   1834.598       3.81833       6.782
   13   340   1923.724       3.82108       4.743
   13   341   1871.775       3.80805       5.384
   13   342   1914.682       3.82820       2.228
   13   343   1806.070       3.82239       4.846
   13   344   1892.184       3.82318       4.769
   13   345   1800.041       3.83752       3.523
   13   346   1905.093       3.83394       2.721
   13   347   1851.139       3.82360       3.646
   13   348   1937.757       3.82315       2.806
   13   349   1814.977       3.82519       4.390
   13   350   1921.721       3.82264       4.056
   13   351   1779.021       3.82422       3.935
   13   352   1867.104       3.83467       3.011
   13   353   1845.073       3.82847       4.961
   13   354   1908.578       3.83668       3.060
   13   355   1877.347       3.81676       4.950
   13   356   1925.029       3.83167       3.019
   13   357   1835.524       3.82896       3.703
   13   358   1884.785       3.84103       2.166
   13   359   1841.784       3.82973       3.093
   13   360   1912.817       3.82261       3.876
   13   361   1868.351       3.80913       5.668
   13   362   1905.398       3.82117       4.956
   13   363   1859.777       3.82380       4.452
   13   364   1898.476       3.83950       3.273
   13   365   1828.986       3.83505       2.964
   13   366   1882.112       3.83646       3.320
   13   367   1844.387       3.81896       5.167
   13   368   1887.365       3.82571       4.000
   13   369   1869.384       3.80348       5.379
   13   370   1905.039       3.82723       4.601
   13   371   1871.852       3.82339       3.458
   13   372   1926.993       3.82014       3.841
   13   373   1871.364       3.80725       6.185
   13   374   1899.423       3.82697       5.666
   13   375   1860.589       3.82158       3.865
   13   376   1914.522       3.82483       3.813
   13   377   1845.443       3.82909       5.598
   13   378   1858.864       3.84008       2.693
   13   379   1832.833       3.81508       7.097
   13   380   1908.547       3.82014       3.412
   13   381   1836.046       3.81126       5.147
   13   382   1888.525       3.82671       3.973
   13   383   1853.774       3.81670       5.695
   13   384   1898.955       3.83951       4.304
   13   385   1867.972       3.82090       6.791
   13   386   1923.723       3.82187       4.542
   13   387   1856.321       3.82968       5.247
   13   388   1918.693       3.82089       3.580
   13   389   1877.755       3.81179       4.470
   13   390   1878.079       3.83250       4.214
   13   391   1878.510       3.81494       3.995
   13   392   1926.216       3.82855       4.886
   13   393   1844.346       3.81903       4.983
   13   394   1884.087       3.83316       3.685
   13   395   1848.547       3.82672       4.754
   13   396   1947.194       3.82177       4.495
   13   397   1862.748       3.82660       3.591
   13   398   1890.606       3.83447       3.012
   13   399   1833.998       3.82546       3.162
   13   400   1919.112       3.82955       3.243
   13   401   1881.840       3.81952       4.661
   13   402   1919.770       3.82650       3.162
   13   403   1841.218       3.81990       3.876
   13   404   1900.034       3.81712       3.590
   13   405   1882.229       3.81281       4.321
   13   406   1900.350       3.83086       6.969
   13   407   1824.528       3.83893       4.656
   13   408   1859.564       3.84014       3.986
   13   409   1821.705       3.84353       3.420
   13   410   1916.859       3.83225       2.866
   13   411   1859.877       3.81310       5.306
   13   412   1907.541       3.83065       1.914
   13   413   1868.068       3.81234       2.715
   13   414   1898.633       3.82968       3.261
   13   415   1840.553       3.81838       3.979
   13   416   1849.595       3.83148       4.414
   13   417   1823.053       3.82604       3.353
   13   418   1856.331       3.84362       2.532
   13   419   1899.310       3.80941       4.325
   13   420   1881.603       3.83321       4.148
   13   421   1826.847       3.83427       4.947
   13   422   1893.981       3.84764       2.229
   13   423   1880.784       3.83308       4.681
   13   424   1897.168       3.83163       4.613
   13   425   1867.988       3.82011       4.768
   13   426   1911.142       3.82398       3.922
   13   427   1860.711       3.80986       4.902
   13   428   1940.202       3.82274       2.729
   13   429   1827.148       3.82338       3.413
   13   430   1898.032       3.83683       2.871
   13   431   1828.336       3.82909       4.275
   13   432   1871.955       3.83850       2.961
   13   433   1846.290       3.82270       2.953
   13   434   1906.592       3.83060       2.202
   13   435   1822.239       3.82074       3.809
   13   436   1904.509       3.83153       4.451
   13   437   1863.528       3.82126       4.580
   13   438   1903.290       3.83486       4.419
   13   439   1838.152       3.81406       3.735
   13   440   1895.932       3.82425       5.080
   13   441   1865.991       3.81534       4.980
   13   442   1910.318       3.81728       4.426
   13   443   1845.218       3.81413       4.734
   13   444   1903.873       3.83709       3.614
   13   445   1849.909       3.82044       4.608
   13   446   1926.814       3.82845       2.404
   13   447   1822.268       3.82704       2.872
   13   448   1908.386       3.82497       3.088
   13   449   1839.344       3.82533       4.647
   13   450   1866.037       3.82926       3.829
   13   451   1847.725       3.81271       4.128
   13   452   1884.388       3.82887       4.671
   13   453   1860.315       3.80545       6.695
   13   454   1898.612       3.81886       5.342
   13   455   1868.163       3.82624       5.229
   13   456   1902.321       3.83704       4.468
   13   457   1866.409       3.82392       4.881
   13   458   1943.869       3.83651       4.227
   13   459   1872.374       3.81510       3.951
   13   460   1877.900       3.83401       4.012
   13   461   1837.337       3.81628       4.523
   13   462   1924.138       3.82031       3.957
   13   463   1844.967       3.80245       4.605
   13   464   1932.141       3.82775       3.522
   13   465   1860.182       3.81962       3.797
   13   466   1884.439       3.82117       5.928
   13   467   1839.564       3.82535       5.802
   13   468   1923.902       3.82252       4.473
   13   469   1829.594       3.83330       2.929
   13   470   1901.568       3.84581       2.189
   13   471   1849.319       3.83570       2.216
   13   472   1910.880       3.82406       3.894
   13   473   1837.316       3.81782       4.163
   13   474   1928.767       3.80943       3.790
   13   475   1852.290       3.81209       6.040
   13   476   1901.722       3.82523       2.989
   13   477   1857.869       3.80623       6.175
   13   478   1920.703       3.81462       5.340
   13   479   1872.260       3.80195       5.898
   13   480   1940.560       3.82466       3.105
   13   481   1854.018       3.81098       4.770
   13   482   1909.735       3.81777       5.561
   13   483   1865.091       3.81376       5.820
   13   484   1930.704       3.82605       3.863
   13   485   1865.802       3.81321       4.709
   13   486   1899.049       3.82142       2.461
   13   487   1804.205       3.82260       4.869
   13   488   1951.561       3.81811       4.089
   13   489   1804.808       3.82493       2.680
   13   490   1890.703       3.83661       3.147
   13   491   1827.545       3.81789       3.658
   13   492   1895.793       3.83436       5.595
   13   493   1910.935       3.82177       4.339
   13   494   1896.473       3.84376       3.783
   13   495   1859.778       3.82562       5.113
   13   496   1939.209       3.82860       2.029
   13   497   1831.505       3.80750       5.839
   13   498   1795.390       3.78743       3.086
   13   499   1790.871       3.77817       5.185
   13   500   1837.576       3.81991       5.530
   13   501   1771.261       3.81082       3.947
   13   502   1882.082       3.82302       2.875
   13   503   1785.982       3.80691       8.485
   13   504   1900.745       3.85219       4.811
   13   505   1840.425       3.81814       5.773
   13   506   1924.562       3.82423       4.594
   13   507   1824.237       3.81806       4.837
   13   508   1940.475       3.82906       4.795
   13   509   1891.695       3.81208       8.037
   13   510   1881.027       3.83745       4.652
   13   511   1868.342       3.81944       4.748
   13   512   1889.003       3.82220       4.138
   13   513   1890.662       3.81603       3.399
   13   514   1832.170       3.81891       3.182
   13   515   1818.959       3.81109       3.303
   13   516   1867.283       3.80542       2.958
   13   517   1831.856       3.79512       7.216
   13   518   1872.098       3.80246       6.367
   13   519   1830.548       3.80348       7.243
   13   520   1842.111       3.83037       4.288
   13   521   1839.099       3.81840       7.693
   13   522   1833.343       3.82789       4.099
   13   523   1849.990       3.82471       4.234
   13   524   1841.719       3.82699       3.153
   13   525   1837.130       3.80942       4.230
   13   526   1871.032       3.80781       3.076
   13   527   1849.191       3.80544       4.816
   13   528   1816.484       3.81004       3.401
   13   529   1867.753       3.79660       5.586
   13   530   1847.051       3.80642       5.749
   13   531   1847.860       3.80762       3.470
   13   532   1827.112       3.81820       4.783
   13   533   1845.224       3.82012       5.164
   13   534   1868.915       3.82845       4.321
   13   535   1861.647       3.82163       5.107
   13   536   1832.165       3.81928       3.353
   13   537   1870.494       3.81408       4.158
   13   538   1863.021       3.81495       4.279
   13   539   1881.691       3.80441       4.090
   13   540   1869.635       3.81364       5.491
   13   541   1870.419       3.80117       5.025
   13   542   1854.114       3.81630       6.945
   13   543   1850.238       3.80805       4.927
   13   544   1844.597       3.82194       2.588
   13   545   1832.233       3.80728       3.409
   13   546   1872.676       3.82321       3.882
   13   547   1812.312       3.82754       2.429
   13   548   1808.517       3.82349       3.053
   13   549   1875.986       3.80603       4.076
   13   550   1849.032       3.80374       5.406
   13   551   1830.517       3.80036       4.133
   13   552   1821.654       3.82731       3.356
   13   553   1873.236       3.80156       5.092
   13   554   1860.060       3.82530       4.700
   13   555   1848.437       3.82006       5.985
   13   556   1873.597       3.82073       4.684
   13   557   1845.760       3.81136       4.563
   13   558   1842.934       3.83356       3.115
   13   559   1815.368       3.82654       1.564
   13   560   1860.427       3.82658       2.048
   13   561   1837.022       3.81002       4.488
   13   562   1850.624       3.81775       2.990
   13   563   1857.326       3.80876       4.736
   13   564   1835.050       3.81378       2.916
   13   565   1837.966       3.80553       5.120
   13   566   1868.346       3.81102       6.554
   13   567   1828.925       3.82614       3.364
   13   568   1829.746       3.82744       4.134
   13   569   1841.429       3.81214       5.089
   13   570   1867.839       3.81573       4.362
   13   571   1837.426       3.81227       2.184
   13   572   1848.109       3.81675       2.482
   13   573   1861.048       3.79054       5.225
   13   574   1853.166       3.80185       5.739
   13   575   1835.908       3.81437       2.842
   13   576   1826.266       3.81808       4.381
   13   577   1857.262       3.81612       5.567
   13   578   1822.067       3.82664       2.138
   13   579   1848.443       3.81110       5.692
   13   580   1865.872       3.82529       2.142
   13   581   1809.131       3.82354       3.971
   13   582   1881.885       3.81305       3.809
   13   583   1858.466       3.81267       4.049
   13   584   1848.853       3.82195       3.401
   13   585   1831.773       3.81783       3.270
   13   586   1845.244       3.81836       2.576
   13   587   1840.998       3.80435       4.467
   13   588   1828.033       3.81149       3.906
   13   589   1849.652       3.79794       4.125
   13   590   1814.275       3.81355       4.739
   13   591   1824.855       3.82292       3.421
   13   592   1896.444       3.81708       5.342
   13   593   1817.666       3.81989       3.761
   13   594   1839.351       3.82190       4.167
   13   595   1885.260       3.81715       2.874
   13   596   1842.787       3.81747       3.865
   13   597   1775.934       3.82290       2.725
   13   598   1831.913       3.82441       2.434
   13   599   1854.413       3.80817       3.643
   13   600   1854.646       3.82065       3.262
   13   601   1817.018       3.81907       4.507
   13   602   1860.127       3.82771       3.651
   13   603   1864.770       3.81519       4.098
   13   604   1843.644       3.83236       4.452
   13   605   1849.813       3.83317       3.910
   13   606   1845.797       3.82083       4.278
   13   607   1847.651       3.80947       3.484
   13   608   1883.522       3.80633       3.667
   13   609   1840.804       3.80721       2.980
   13   610   1827.365       3.80540       3.333
   13   611   1854.240       3.80331       4.121
   13   612   1842.503       3.81745       3.055
   13   613   1840.460       3.80885       4.728
   13   614   1801.138       3.83177       6.946
   13   615   1864.566       3.82082       4.636
   13   616   1813.937       3.83368       4.133
   13   617   1850.329       3.81815       3.929
   13   618   1804.103       3.83043       3.748
   13   619   1849.282       3.81433       2.647
   13   620   1829.497       3.82107       2.814
   13   621   1836.576       3.81455       3.454
   13   622   1849.179       3.81611       2.578
   13   623   1826.139       3.79850       4.818
   13   624   1809.972       3.82350       4.584
   13   625   1829.317       3.81532       5.345
   13   626   1877.679       3.83242       3.454
   13   627   1820.880       3.82346       3.834
   13   628   1826.587       3.81572       3.235
   13   629   1869.000       3.80162       3.683
   13   630   1811.805       3.82014       3.928
   13   631   1852.823       3.81300       4.096
   13   632   1833.021       3.81648       2.548
   13   633   1803.026       3.81701       3.382
   13   634   1834.921       3.82537       3.535
   13   635   1841.104       3.79770       5.442
   13   636   1835.919       3.82023       4.873
   13   637   1855.447       3.81205       4.968
   13   638   1845.064       3.83043       3.121
   13   639   1862.330       3.80862       4.678
   13   640   1862.075       3.81559       4.047
   13   641   1837.348       3.82577       2.497
   13   642   1875.963       3.81600       5.277
   13   643   1862.064       3.80878       3.858
   13   644   1835.538       3.82635       3.729
   13   645   1825.281       3.81244       5.727
   13   646   1888.468       3.81584       3.503
   13   647   1786.868       3.81512       4.487
   13   648   1828.199       3.82417       3.384
   13   649   1870.924       3.79926       6.685
   13   650   1834.742       3.82782       4.222
   13   651   1823.455       3.81797       3.082
   13   652   1845.587       3.81365       4.625
   13   653   1845.112       3.81215       3.389
   13   654   1820.754       3.81475       4.695
   13   655   1867.523       3.81381       2.665
   13   656   1885.950       3.82021       5.223
   13   657   1841.649       3.80471       3.925
   13   658   1827.122       3.82468       4.552
   13   659   1838.408       3.81531       2.485
   13   660   1910.330       3.81283       3.209
   13   661   1859.409       3.81628       2.141
   13   662   1857.813       3.82397       4.362
   13   663   1867.246       3.81511       2.813
   13   664   1825.626       3.82712       2.937
   13   665   1850.173       3.80125       7.015
   13   666   1844.046       3.82865       3.914
   13   667   1886.277       3.81434       6.136
   13   668   1862.478       3.82363       2.779
   13   669   1853.715       3.81504       2.574
   13   670   1863.344       3.81288       4.736
   13   671   1844.904       3.81687       2.557
   13   672   1843.847       3.81533       2.441
   13   673   1869.226       3.80544       3.336
   13   674   1874.445       3.81035       4.104
   13   675   1871.194       3.79741       5.177
   13   676   1857.631       3.82190       2.809
   13   677   1848.487       3.80540       5.435
   13   678   1854.292       3.82008       5.605
   13   679   1849.894       3.81302       4.158
   13   680   1820.135       3.83457       3.306
   13   681   1848.440       3.81572       3.616
   13   682   1837.888       3.83033       3.345
   13   683   1853.285       3.80967       3.129
   13   684   1855.440       3.82344       3.069
   13   685   1868.803       3.80557       5.629
   13   686   1863.727       3.81602       5.786
   13   687   1833.749       3.82545       2.301
   13   688   1836.198       3.82334       3.087
   13   689   1811.516       3.82341       2.164
   13   690   1836.337       3.81939       3.139
   13   691   1879.694       3.79601       4.464
   13   692   1838.760       3.81322       4.105
   13   693   1843.579       3.80118       4.974
   13   694   1854.717       3.81411       3.977
   13   695   1839.923       3.81366       4.561
   13   696   1845.280       3.81950       2.880
   13   697   1810.492       3.80453       6.572
   13   698   1855.674       3.81518       7.399
   13   699   1837.776       3.81293       6.494
   13   700   1824.959       3.82348       4.071
   13   701   1835.497       3.82318       2.485
   13   702   1839.551       3.82436       4.232
   13   703   1811.756       3.81460       2.966
   13   704   1853.500       3.81608       2.877
   13   705   1807.039       3.81440       3.790
   13   706   1825.535       3.82726       2.810
   13   707   1860.771       3.80657       4.157
   13   708   1854.478       3.82463       3.643
   13   709   1801.531       3.81762       4.821
   13   710   1849.904       3.82735       3.056
   13   711   1874.551       3.82432       3.305
   13   712   1829.333       3.82595       5.913
   13   713   1854.008       3.81692       5.748
   13   714   1844.522       3.82606       4.540
   13   715   1851.748       3.82358       4.254
   13   716   1864.962       3.82212       4.344
   13   717   1846.288       3.81695       2.980
   13   718   1859.670       3.81958       4.331
   13   719   1863.375       3.80211       3.947
   13   720   1851.065       3.81312       6.170
   13   721   1841.192       3.80554       4.408
   13   722   1883.626       3.80375       4.519
   13   723   1836.308       3.81597       3.925
   13   724   1863.109       3.83215       3.316
   13   725   1818.791       3.81449       5.539
   13   726   1862.561       3.82618       3.770
   13   727   1847.798       3.82319       3.356
   13   728   1887.731       3.82524       1.785
   13   729   1849.180       3.80853       4.492
   13   730   1820.654       3.82885       3.289
   13   731   1818.720       3.81647       2.882
   13   732   1884.238       3.80985       5.521
   13   733   1829.164       3.82220       4.037
   13   734   1850.033       3.82384       3.067
   13   735   1844.872       3.81942       2.967
   13   736   1868.967       3.82453       3.079
   13   737   1847.038       3.81433       3.059
   13   738   1829.614       3.81825       6.276
   13   739   1855.680       3.81672       2.045
   13   740   1845.758       3.82032       2.631
   13   741   1897.918       3.80963       2.455
   13   742   1861.449       3.81421       6.662
   13   743   1871.308       3.81060       4.727
   13   744   1843.985       3.82365       2.314
   13   745   1819.776       3.81917       2.584
   13   746   1855.626       3.82211       5.494
   13   747   1790.602       3.82128       3.734
   13   748   1840.729       3.82953       2.899
   13   749   1831.004       3.82620       2.480
   13   750   1858.457       3.82732       3.471
   13   751   1852.975       3.80784       3.766
   13   752   1862.007       3.81092       3.492
   13   753   1870.860       3.80867       4.151
   13   754   1910.842       3.81682       4.482
   13   755   1834.234       3.82095       3.953
   13   756   1860.417       3.81283       4.937
   13   757   1839.427       3.81157       5.120
   13   758   1855.531       3.82606       3.635
   13   759   1859.397       3.81521       4.048
   13   760   1856.227       3.81614       3.703
   13   761   1842.533       3.81094       2.801
   13   762   1849.610       3.82587       2.544
   13   763   1866.905       3.82277       2.540
   13   764   1867.947       3.82198       3.713
   13   765   1825.542       3.81745       3.928
   13   766   1855.222       3.82816       3.782
   13   767   1854.214       3.81862       4.585
   13   768   1860.663       3.81481       2.922
   13   769   1840.568       3.82412       2.468
   13   770   1861.049       3.82546       2.514
   13   771   1809.270       3.81509       3.865
   13   772   1854.361       3.80951       3.571
   13   773   1837.101       3.81168       2.861
   13   774   1840.391       3.82312       5.136
   13   775   1849.449       3.81218       4.801
   13   776   1857.486       3.82413       6.019
   13   777   1814.752       3.81672       5.859
   13   778   1838.593       3.82153       4.837
   13   779   1843.406       3.81959       4.052
   13   780   1860.216       3.82506       3.785
   13   781   1817.703       3.81888       4.693
   13   782   1845.251       3.82001       3.061
   13   783   1859.363       3.81245       3.675
   13   784   1864.379       3.82259       3.159
   13   785   1828.445       3.80550       4.772
   13   786   1847.928       3.81586       5.389
   13   787   1835.147       3.82100       3.017
   13   788   1837.632       3.82724       3.752
   13   789   1840.681       3.81069       5.274
   13   790   1828.401       3.82976       5.316
   13   791   1842.523       3.81612       4.244
   13   792   1873.403       3.82763       2.274
   13   793   1830.541       3.81377       4.436
   13   794   1863.420       3.81429       4.349
   13   795   1858.746       3.80099       8.353
   13   796   1835.280       3.82097       4.051
   13   797   1810.452       3.81170       3.855
   13   798   1852.768       3.82154       3.700
   13   799   1809.569       3.81976       3.786
   13   800   1847.737       3.81840       4.186
   13   801   1843.195       3.81003       4.325
   13   802   1834.608       3.82433       4.618
   13   803   1842.158       3.81000       4.752
   13   804   1880.253       3.82828       3.894
   13   805   1851.408       3.81209       6.123
   13   806   1839.085       3.83593       3.629
   13   807   1823.712       3.81483       4.273
   13   808   1876.104       3.81629       2.234
   13   809   1847.070       3.80898       3.205
   13   810   1823.977       3.82712       3.714
   13   811   1859.345       3.82847       3.404
   13   812   1843.246       3.83348       3.697
   13   813   1837.969       3.81726       2.618
   13   814   1871.731       3.81572       3.505
   13   815   1817.626       3.81873       3.502
   13   816   1869.354       3.80681       3.392
   13   817   1806.221       3.81896       3.927
   13   818   1863.076       3.82078       3.810
   13   819   1827.054       3.81778       3.468
   13   820   1866.467       3.81137       3.645
   13   821   1867.417       3.80909       5.587
   13   822   1872.845       3.81478       4.023
   13   823   1853.310       3.81170       4.542
   13   824   1886.256       3.82863       2.389
   13   825   1852.353       3.83316       3.693
   13   826   1857.979       3.82707       2.443
   13   827   1846.983       3.82522       3.815
   13   828   1852.724       3.83271       3.512
   13   829   1843.953       3.82516       2.018
   13   830   1822.476       3.82996       3.328
   13   831   1853.900       3.82487       1.325
   13   832   1825.890       3.82900       2.905
   13   833   1850.041       3.81227       3.950
   13   834   1826.406       3.81848       4.567
   13   835   1859.880       3.81066       3.672
   13   836   1855.936       3.82067       2.964
   13   837   1851.293       3.80564       5.111
   13   838   1871.767       3.81076       4.318
   13   839   1859.599       3.81614       4.091
   13   840   1830.602       3.81934       3.338
   13   841   1855.094       3.81837       3.365
   13   842   1844.838       3.82155       4.846
   13   843   1858.995       3.80802       5.195
   13   844   1838.210       3.83037       2.059
   13   845   1842.940       3.80635       3.134
   13   846   1870.900       3.82158       3.288
   13   847   1827.850       3.82084       2.074
   13   848   1873.503       3.82476       3.864
   13   849   1799.339       3.82653       3.315
   13   850   1868.008       3.82639       3.672
   13   851   1826.936       3.81397       3.398
   13   852   1827.206       3.82108       3.298
   13   853   1872.088       3.81583       3.560
   13   854   1892.411       3.82022       3.887
   13   855   1845.952       3.82683       3.336
   13   856   1808.330       3.83222       4.181
   13   857   1862.129       3.81798       4.856
   13   858   1875.713       3.82325       4.813
   13   859   1865.967       3.82944       2.176
   13   860   1836.521       3.83223       3.214
   13   861   1831.950       3.82440       4.396
   13   862   1904.559       3.81453       5.683
   13   863   1845.340       3.81454       3.151
   13   864   1868.024       3.81092       2.770
   13   865   1850.614       3.81558       1.720
   13   866   1866.313       3.80852       4.356
   13   867   1862.425       3.81988       4.717
   13   868   1834.106       3.81673       4.674
   13   869   1848.263       3.80607       6.794
   13   870   1830.002       3.81246       6.067
   13   871   1847.989       3.81876       3.128
   13   872   1860.077       3.82092       4.776
   13   873   1854.488       3.82349       3.536
   13   874   1847.541       3.83188       4.482
   13   875   1829.467       3.82044       5.021
   13   876   1862.235       3.81496       5.352
   13   877   1844.938       3.81558       5.163
   13   878   1847.043       3.81352       3.848
   13   879   1884.601       3.80399       2.821
   13   880   1811.860       3.81053       5.473
   13   881   1860.546       3.81680       2.760
   13   882   1849.930       3.82613       4.037
   13   883   1854.014       3.81962       5.525
   13   884   1844.304       3.83471       2.815
   13   885   1863.303       3.81597       3.027
   13   886   1821.174       3.82858       4.324
   13   887   1849.791       3.83166       3.290
   13   888   1846.769       3.82526       2.677
   13   889   1845.440       3.82053       3.343
   13   890   1847.896       3.81838       3.951
   13   891   1833.636       3.81604       4.485
   13   892   1877.501       3.81173       5.145
   13   893   1859.827       3.80723       3.879
   13   894   1829.967       3.82340       2.805
   13   895   1852.511       3.82540       3.149
   13   896   1828.007       3.82799       4.258
   13   897   1845.173       3.80524       4.221
   13   898   1867.379       3.81864       3.828
   13   899   1828.204       3.81946       4.052
   13   900   1859.438       3.83089       2.841
   13   901   1851.180       3.80947       3.410
   13   902   1827.450       3.82167       4.006
   13   903   1879.953       3.80421       3.055
   13   904   1833.433       3.82202       4.886
   13   905   1806.422       3.81364       5.331
   13   906   1817.960       3.81935       3.865
   13   907   1850.904       3.81547       4.336
   13   908   1874.330       3.82335       4.192
   13   909   1874.718       3.81367       7.000
   13   910   1851.888       3.82650       5.347
   13   911   1850.281       3.82484       5.050
   13   912   1873.465       3.82329       4.486
   13   913   1850.398       3.83378       2.473
   13   914   1832.198       3.81956       2.796
   13   915   1811.505       3.81513       2.946
   13   916   1879.855       3.83188       1.900
   13   917   1846.250       3.81646       3.006
   13   918   1874.073       3.82431       5.500
   13   919   1854.296       3.82346       4.654
   13   920   1863.271       3.82122       5.410
   13   921   1818.046       3.82289       4.008
   13   922   1872.762       3.82559       3.779
   13   923   1826.936       3.82524       2.667
   13   924   1834.052       3.83478       2.593
   13   925   1857.910       3.80354       3.992
   13   926   1842.205       3.82149       2.500
   13   927   1868.663       3.80645       4.269
   13   928   1870.640       3.83380       2.798
   13   929   1860.563       3.82564       3.277
   13   930   1829.659       3.83841       4.576
   13   931   1841.109       3.81984       5.974
   13   932   1862.243       3.83621       1.901
   13   933   1841.111       3.81490       3.968
   13   934   1848.324       3.82124       4.238
   13   935   1839.987       3.83055       3.278
   13   936   1862.567       3.82210       2.837
   13   937   1838.641       3.82281       1.905
   13   938   1831.343       3.83048       3.293
   13   939   1836.249       3.81054       3.812
   13   940   1840.092       3.82397       3.799
   13   941   1851.300       3.81862       3.571
   13   942   1881.888       3.82520       4.025
   13   943   1834.988       3.81784       3.374
   13   944   1839.561       3.82435       4.237
   13   945   1854.498       3.81220       2.860
   13   946   1831.302       3.82616       2.437
   13   947   1877.098       3.80339       4.803
   13   948   1862.426       3.83069       2.940
   13   949   1827.331       3.81435       5.143
   13   950   1833.699       3.83060       4.744
   13   951   1857.747       3.82324       4.192
   13   952   1856.202       3.82737       5.579
   13   953   1843.638       3.81846       4.752
   13   954   1888.773       3.82972       2.983
   13   955   1804.270       3.82168       4.636
   13   956   1835.770       3.82999       3.225
   13   957   1840.028       3.82691       3.360
   13   958   1804.338       3.83551       3.591
   13   959   1841.946       3.82289       3.290
   13   960   1843.371       3.82746       4.152
   13   961   1817.899       3.81861       4.833
   13   962   1837.040       3.82829       2.283
   13   963   1835.074       3.82088       3.088
   13   964   1851.370       3.82199       4.110
   13   965   1847.791       3.82322       3.762
   13   966   1878.356       3.82127       4.762
   13   967   1853.714       3.82055       4.472
   13   968   1870.666       3.81014       4.446
   13   969   1879.338       3.80524       5.044
   13   970   1845.130       3.82312       4.000
   13   971   1838.178       3.82071       1.993
   13   972   1813.856       3.83370       3.263
   13   973   1799.060       3.82617       3.497
   13   974   1854.346       3.83149       3.165
   13   975   1869.222       3.82279       2.828
   13   976   1848.839       3.83942       2.388
   13   977   1833.200       3.82242       3.571
   13   978   1883.072       3.83122       3.179
   13   979   1897.521       3.82038       3.421
   13   980   1863.017       3.81415       3.374
   13   981   1864.034       3.82364       2.616
   13   982   1863.218       3.82366       4.583
   13   983   1838.695       3.82437       2.242
   13   984   1842.942       3.82920       4.021
   13   985   1842.716       3.81414       3.468
   13   986   1829.835       3.82719       3.654
   13   987   1828.927       3.82159       3.713
   13   988   1803.721       3.83181       3.273
   13   989   1845.116       3.80891       4.191
   13   990   1858.788       3.82385       2.472
   13   991   1848.032       3.80910       2.153
   13   992   1831.386       3.81543       4.069
   13   993   1841.057       3.80550       4.375
   13   994   1850.838       3.82015       4.643
   13   995   1852.436       3.82369       4.582
   13   996   1844.567       3.83119       3.862
   13   997   1809.165       3.82091       4.495
   13   998   1844.606       3.84114       3.354
   13   999   1832.113       3.83488       3.282
   13  1000   1825.467       3.84244       2.820
   13  1001   1838.211       3.82091       2.291
   13  1002   1813.444       3.82403       4.363
   13  1003   1851.119       3.81958       1.514
   13  1004   1843.914       3.82107       4.377
   13  1005   1856.321       3.81958       4.926
   13  1006   1871.485       3.83737       3.673
   13  1007   1857.374       3.82224       3.404
   13  1008   1848.426       3.82351       4.557
   13  1009   1791.282       3.83998       2.179
   13  1010   1812.071       3.83204       1.456
   13  1011   1834.946       3.81280       2.834
   13  1012   1810.400       3.82187       2.340
   13  1013   1857.284       3.81132       2.430
   13  1014   1819.214       3.80757       3.174
   13  1015   1834.405       3.79711       4.675
   13  1016   1863.008       3.81322       4.077
   13  1017   1803.270       3.80430       3.308
   13  1018   1843.215       3.83515       3.900
   13  1019   1860.490       3.82344       3.160
   13  1020   1836.401       3.83428       5.324
   13  1021   1834.526       3.83461       5.178
   13  1022   1866.938       3.85296       2.753
   13  1023   1826.471       3.85839       2.828
