   22     0   1922.113       3.80055       3.972
   22     1   1859.450       3.80393       2.365
   22     2   1959.803       3.77552       3.146
   22     3   1870.677       3.78188       4.615
   22     4   1925.397       3.78429       4.761
   22     5   1835.988       3.77753       8.096
   22     6   1891.953       3.80425       3.178
   22     7   1867.321       3.77466       5.847
   22     8   1916.684       3.79053       6.389
   22     9   1860.427       3.77732       7.858
   22    10   1912.672       3.78413       5.559
   22    11   1911.829       3.77457       5.473
   22    12   1894.307       3.79500       5.843
   22    13   1869.119       3.77787       6.220
   22    14   1951.654       3.78221       4.194
   22    15   1884.616       3.77600       5.143
   22    16   1915.784       3.79439       4.207
   22    17   1890.036       3.78131       3.426
   22    18   1867.418       3.79212       4.779
   22    19   1871.759       3.77245       7.448
   22    20   1948.967       3.78784       4.949
   22    21   1889.591       3.78752       3.799
   22    22   1930.859       3.80398       3.043
   22    23   1834.466       3.79777       5.291
   22    24   1951.006       3.79727       4.231
   22    25   1862.784       3.80206       4.325
   22    26   1922.200       3.80211       2.724
   22    27   1843.849       3.79191       3.848
   22    28   1903.516       3.79880       5.664
   22    29   1837.544       3.78856       3.516
   22    30   1951.719       3.79272       2.931
   22    31   1896.841       3.77458       7.390
   22    32   1939.023       3.77862       4.469
   22    33   1870.677       3.77512       7.560
   22    34   1932.781       3.79755       2.562
   22    35   1859.950       3.77899       7.454
   22    36   1920.554       3.80330       3.353
   22    37   1868.885       3.78418       6.991
   22    38   1923.971       3.79505       6.596
   22    39   1857.407       3.79953       4.334
   22    40   1923.966       3.80668       3.513
   22    41   1846.960       3.79189       4.668
   22    42   1887.274       3.78807       5.665
   22    43   1875.991       3.78318       5.770
   22    44   1928.607       3.78330       4.356
   22    45   1845.198       3.78380       3.173
   22    46   1914.069       3.79232       3.581
   22    47   1884.651       3.77205       5.211
   22    48   1884.887       3.79992       3.861
   22    49   1908.716       3.77377       5.918
   22    50   1930.916       3.80266       5.643
   22    51   1886.327       3.78714       5.582
   22    52   1895.325       3.80943       3.130
   22    53   1879.413       3.78942       6.274
   22    54   1921.021       3.79074       4.828
   22    55   1891.940       3.78594       7.053
   22    56   1886.600       3.80952       3.337
   22    57   1895.498       3.78440       4.231
   22    58   1902.452       3.78267       3.699
   22    59   1855.605       3.78087       5.540
   22    60   1952.755       3.78248       3.535
   22    61   1852.310       3.78088       3.360
   22    62   1905.522       3.79638       2.970
   22    63   1859.008       3.77304       6.780
   22    64   1930.096       3.78285       6.152
   22    65   1906.989       3.77458       5.435
   22    66   1909.073       3.78867       4.722
   22    67   1824.884       3.78336       6.110
   22    68   1937.028       3.79028       4.516
   22    69   1873.994       3.78430       5.859
   22    70   1920.961       3.79549       3.459
   22    71   1869.780       3.78528       6.401
   22    72   1907.996       3.79086       3.539
   22    73   1842.427       3.78018       3.571
   22    74   1897.721       3.79338       3.706
   22    75   1895.958       3.76713       7.493
   22    76   1933.245       3.78279       5.571
   22    77   1885.129       3.78810       3.878
   22    78   1933.905       3.78143       5.016
   22    79   1852.821       3.77784       7.588
   22    80   1939.319       3.78625       4.308
   22    81   1853.710       3.78824       5.511
   22    82   1940.144       3.78759       5.608
   22    83   1875.381       3.78010       4.624
   22    84   1931.785       3.79025       5.035
   22    85   1827.473       3.79335       5.429
   22    86   1906.811       3.79571       3.298
   22    87   1892.194       3.77106       5.582
   22    88   1929.518       3.79598       2.756
   22    89   1874.759       3.77832       5.488
   22    90   1905.821       3.79329       4.982
   22    91   1874.642       3.79225       3.848
   22    92   1924.233       3.79596       3.233
   22    93   1848.283       3.77904       5.051
   22    94   1919.221       3.79272       5.097
   22    95   1862.928       3.78110       5.597
   22    96   1905.710       3.79316       2.805
   22    97   1848.769       3.78045       6.245
   22    98   1951.009       3.78385       4.319
   22    99   1874.036       3.76367       8.155
   22   100   1949.314       3.78100       5.034
   22   101   1872.622       3.78146       8.864
   22   102   1921.359       3.79577       3.738
   22   103   1878.981       3.78812       4.724
   22   104   1912.582       3.79541       5.244
   22   105   1917.853       3.77300       5.449
   22   106   1945.126       3.79408       3.498
   22   107   1853.240       3.79527       3.543
   22   108   1938.856       3.79220       5.557
   22   109   1866.625       3.78474       6.628
   22   110   1905.406       3.80019       4.091
   22   111   1877.862       3.78384       4.386
   22   112   1964.992       3.78655       3.126
   22   113   1848.071       3.78272       6.022
   22   114   1915.500       3.78610       4.567
   22   115   1856.276       3.78383       4.727
   22   116   1965.588       3.78769       3.673
   22   117   1841.370       3.78130       4.844
   22   118   1850.656       3.80247       2.899
   22   119   1877.404       3.77881       6.284
   22   120   1917.034       3.80055       6.172
   22   121   1887.178       3.78091       6.205
   22   122   1941.649       3.79375       5.567
   22   123   1829.137       3.78168       4.633
   22   124   1894.449       3.80909       5.270
   22   125   1843.480       3.78160       5.195
   22   126   1912.894       3.80409       4.314
   22   127   1853.751       3.78558       4.021
   22   128   1918.882       3.78989       3.867
   22   129   1845.405       3.79112       3.952
   22   130   1937.071       3.78075       4.413
   22   131   1885.798       3.78589       4.963
   22   132   1912.185       3.78618       3.826
   22   133   1883.257       3.78306       5.292
   22   134   1936.940       3.79753       6.660
   22   135   1844.957       3.78539       6.314
   22   136   1878.770       3.80228       7.702
   22   137   1849.440       3.79910       4.404
   22   138   1913.500       3.78403       5.855
   22   139   1890.749       3.76849       6.328
   22   140   1921.374       3.77724       4.402
   22   141   1872.773       3.76618       8.229
   22   142   1917.285       3.79068       4.024
   22   143   1885.204       3.76978       8.402
   22   144   1920.468       3.78580       6.589
   22   145   1848.615       3.77442       7.989
   22   146   1967.634       3.78824       6.069
   22   147   1882.252       3.77891       7.682
   22   148   1940.594       3.79696       3.544
   22   149   1861.901       3.78711       4.958
   22   150   1922.588       3.78810       5.239
   22   151   1872.109       3.78617       5.536
   22   152   1907.525       3.80289       4.355
   22   153   1886.076       3.77770       5.004
   22   154   1928.160       3.78612       4.119
   22   155   1934.993       3.77989       4.371
   22   156   1957.054       3.78384       5.016
   22   157   1896.338       3.77477       8.425
   22   158   1941.753       3.78790       4.140
   22   159   1878.077       3.77655       4.630
   22   160   1920.217       3.79210       4.552
   22   161   1855.817       3.77272       7.385
   22   162   1906.708       3.78543       5.239
   22   163   1846.813       3.79261       3.574
   22   164   1928.257       3.79465       2.560
   22   165   1918.243       3.77833       4.586
   22   166   1935.705       3.78750       3.862
   22   167   1846.807       3.78911       6.680
   22   168   1949.425       3.78851       2.876
   22   169   1871.610       3.77813       5.766
   22   170   1876.014       3.79551       4.951
   22   171   1855.515       3.79243       4.233
   22   172   1893.975       3.80460       2.512
   22   173   1888.344       3.77127       4.937
   22   174   1910.597       3.79782       5.332
   22   175   1859.227       3.79913       4.621
   22   176   1949.849       3.80425       4.276
   22   177   1910.334       3.78164       4.743
   22   178   1925.860       3.79806       3.435
   22   179   1872.207       3.78662       3.881
   22   180   1922.507       3.79393       4.917
   22   181   1870.819       3.78441       4.725
   22   182   1905.106       3.79962       3.485
   22   183   1843.108       3.78457       4.508
   22   184   1983.796       3.79031       5.276
   22   185   1860.315       3.78695       6.341
   22   186   1888.304       3.78983       6.028
   22   187   1866.115       3.78379       3.761
   22   188   1943.347       3.79232       1.939
   22   189   1839.882       3.78005       4.498
   22   190   1914.552       3.78607       4.479
   22   191   1868.595       3.77664       5.394
   22   192   1909.334       3.78770       5.695
   22   193   1858.668       3.78574       6.034
   22   194   1956.604       3.79194       4.215
   22   195   1834.084       3.79372       4.118
   22   196   1899.901       3.79613       3.982
   22   197   1878.363       3.77570       5.366
   22   198   1920.333       3.80025       3.039
   22   199   1866.693       3.78178       7.415
   22   200   1921.313       3.80794       3.352
   22   201   1838.987       3.78895       3.778
   22   202   1934.993       3.78497       2.675
   22   203   1844.082       3.78561       4.716
   22   204   1939.105       3.78295       3.252
   22   205   1832.786       3.78859       6.836
   22   206   1925.428       3.79703       4.775
   22   207   1879.327       3.77983       8.264
   22   208   1941.512       3.78448       5.712
   22   209   1860.877       3.77611       7.000
   22   210   1921.711       3.80712       2.820
   22   211   1889.631       3.78120       4.778
   22   212   1922.959       3.79651       3.578
   22   213   1892.063       3.77838       3.328
   22   214   1927.491       3.77576       5.110
   22   215   1878.807       3.76959       6.244
   22   216   1932.256       3.79545       2.768
   22   217   1857.690       3.77016       6.968
   22   218   1942.907       3.78559       4.164
   22   219   1880.441       3.78852       6.391
   22   220   1922.419       3.79542       5.510
   22   221   1846.751       3.79564       6.092
   22   222   1908.320       3.80232       3.070
   22   223   1874.914       3.78465       5.148
   22   224   1917.514       3.80292       4.268
   22   225   1862.052       3.77960       5.640
   22   226   1915.009       3.79130       3.340
   22   227   1902.846       3.78120       4.322
   22   228   1911.431       3.79612       4.972
   22   229   1871.707       3.76992       7.366
   22   230   1926.334       3.79095       5.068
   22   231   1870.744       3.79646       4.934
   22   232   1936.545       3.79479       4.838
   22   233   1895.085       3.77853       6.123
   22   234   1946.854       3.77991       4.689
   22   235   1852.248       3.78097       3.870
   22   236   1916.926       3.79107       6.111
   22   237   1853.078       3.77823       7.771
   22   238   1925.443       3.78587       4.341
   22   239   1885.068       3.77699       5.726
   22   240   1941.634       3.78462       6.031
   22   241   1881.772       3.77983       3.823
   22   242   1930.777       3.78086       6.861
   22   243   1875.781       3.78143       5.843
   22   244   1948.612       3.79541       5.424
   22   245   1858.319       3.79487       4.021
   22   246   1937.562       3.78394       3.713
   22   247   1859.068       3.77519       6.209
   22   248   1952.189       3.78900       2.097
   22   249   1869.186       3.77915       6.269
   22   250   1887.862       3.79522       3.217
   22   251   1902.152       3.77864       3.958
   22   252   1939.603       3.79054       5.538
   22   253   1861.366       3.77427       7.030
   22   254   1926.176       3.79315       3.890
   22   255   1851.654       3.76892       7.319
   22   256   1936.865       3.78071       4.613
   22   257   1859.307       3.77809       5.779
   22   258   1930.610       3.79163       5.203
   22   259   1859.754       3.79229       6.905
   22   260   1951.240       3.79510       3.900
   22   261   1829.793       3.78852       5.138
   22   262   1911.506       3.79911       4.662
   22   263   1851.363       3.78153       6.504
   22   264   1918.055       3.79847       3.398
   22   265   1839.860       3.78786       3.938
   22   266   1893.487       3.78844       4.786
   22   267   1887.577       3.76195       4.313
   22   268   1922.569       3.77617       4.908
   22   269   1896.160       3.77341       4.277
   22   270   1951.764       3.78177       5.104
   22   271   1835.369       3.79103       5.456
   22   272   1932.787       3.79183       4.448
   22   273   1874.549       3.78703       6.268
   22   274   1915.668       3.79292       7.153
   22   275   1881.861       3.78534       3.568
   22   276   1902.957       3.79660       4.317
   22   277   1870.167       3.78381       6.204
   22   278   1951.711       3.78390       4.752
   22   279   1861.885       3.76111       7.529
   22   280   1924.902       3.77137       5.915
   22   281   1917.410       3.76097       8.686
   22   282   1910.803       3.79481       4.169
   22   283   1899.528       3.77666       5.884
   22   284   1905.684       3.79619       5.422
   22   285   1859.051       3.79798       5.355
   22   286   1901.111       3.79945       3.854
   22   287   1834.710       3.79313       2.815
   22   288   1913.950       3.79472       3.868
   22   289   1886.763       3.78258       3.242
   22   290   1905.371       3.77759       4.219
   22   291   1875.055       3.78694       4.591
   22   292   1926.634       3.79086       5.165
   22   293   1830.088       3.79036       6.342
   22   294   1917.431       3.79541       7.059
   22   295   1844.981       3.80087       4.152
   22   296   1955.418       3.79552       2.950
   22   297   1888.980       3.78295       4.978
   22   298   1928.902       3.79184       3.020
   22   299   1906.370       3.77183       5.026
   22   300   1920.501       3.78961       5.043
   22   301   1856.194       3.77694       6.906
   22   302   1920.802       3.78703       6.518
   22   303   1878.047       3.77878       5.273
   22   304   1941.300       3.80065       5.190
   22   305   1846.696       3.79141       4.929
   22   306   1927.003       3.80730       3.985
   22   307   1914.475       3.78664       3.483
   22   308   1915.070       3.80000       2.143
   22   309   1829.341       3.80005       3.310
   22   310   1923.244       3.78926       4.319
   22   311   1904.084       3.76508       7.594
   22   312   1923.384       3.79789       4.068
   22   313   1879.195       3.77647       5.636
   22   314   1881.871       3.79686       4.234
   22   315   1859.123       3.78648       5.724
   22   316   1885.899       3.78838       5.016
   22   317   1902.096       3.78377       3.304
   22   318   1931.946       3.79743       1.911
   22   319   1843.775       3.78245       5.907
   22   320   1947.160       3.78575       3.100
   22   321   1881.805       3.77657       6.227
   22   322   1968.003       3.78101       4.166
   22   323   1857.274       3.78572       6.969
   22   324   1919.094       3.78010       6.290
   22   325   1832.188       3.79774       4.416
   22   326   1951.515       3.79861       4.549
   22   327   1891.969       3.77735       8.310
   22   328   1873.571       3.81218       3.626
   22   329   1898.752       3.78379       4.092
   22   330   1953.298       3.79285       3.873
   22   331   1865.929       3.79173       4.115
   22   332   1918.428       3.80356       3.803
   22   333   1825.980       3.78132       6.461
   22   334   1939.107       3.77773       5.492
   22   335   1857.375       3.78650       5.646
   22   336   1984.971       3.77883       4.251
   22   337   1871.329       3.77678       5.704
   22   338   1930.487       3.78511       4.032
   22   339   1889.042       3.76985       5.423
   22   340   1953.993       3.79607       5.263
   22   341   1921.923       3.78320       6.524
   22   342   1943.601       3.78896       4.805
   22   343   1858.463       3.79800       4.680
   22   344   1901.824       3.80931       3.619
   22   345   1839.669       3.78940       5.232
   22   346   1927.788       3.78069       4.203
   22   347   1865.990       3.77656       4.945
   22   348   1932.979       3.78387       5.255
   22   349   1920.562       3.75985       5.952
   22   350   1958.694       3.77469       6.443
   22   351   1878.933       3.78136       4.419
   22   352   1907.989       3.80361       3.989
   22   353   1812.598       3.79234       8.043
   22   354   1922.818       3.79771       3.328
   22   355   1893.694       3.78217       6.458
   22   356   1896.507       3.79826       3.869
   22   357   1900.593       3.77541       5.716
   22   358   1916.419       3.79177       4.403
   22   359   1860.562       3.79087       3.877
   22   360   1912.679       3.78959       5.720
   22   361   1867.076       3.77785       5.082
   22   362   1912.706       3.79213       6.206
   22   363   1846.428       3.78637       7.570
   22   364   1896.694       3.79748       5.394
   22   365   1883.825       3.77701       6.200
   22   366   1915.416       3.79136       4.043
   22   367   1857.450       3.78582       4.186
   22   368   1927.316       3.77750       6.883
   22   369   1873.789       3.77901       4.861
   22   370   1896.428       3.78188       5.847
   22   371   1858.585       3.78030       6.642
   22   372   1924.575       3.78906       5.036
   22   373   1847.627       3.78925       5.713
   22   374   1930.779       3.78786       8.027
   22   375   1867.242       3.79493       5.596
   22   376   1925.012       3.79088       5.813
   22   377   1862.279       3.79476       3.829
   22   378   1934.339       3.79515       3.461
   22   379   1896.760       3.78334       5.018
   22   380   1909.429       3.80729       3.788
   22   381   1875.725       3.79071       4.246
   22   382   1934.047       3.78648       5.101
   22   383   1889.767       3.77209       5.785
   22   384   1914.889       3.78325       5.545
   22   385   1878.566       3.78240       3.346
   22   386   1957.050       3.77813       4.005
   22   387   1847.131       3.76934       7.473
   22   388   1930.905       3.78532       3.354
   22   389   1876.586       3.77144       5.606
   22   390   1901.288       3.77986       4.636
   22   391   1858.457       3.78476       6.599
   22   392   1922.462       3.80075       5.419
   22   393   1841.280       3.78650       3.394
   22   394   1934.177       3.79798       5.064
   22   395   1883.655       3.79043       7.840
   22   396   1941.684       3.79961       4.668
   22   397   1840.410       3.79216       5.988
   22   398   1897.022       3.80565       4.314
   22   399   1896.370       3.78306       4.509
   22   400   1944.777       3.78371       3.088
   22   401   1869.277       3.78239       4.961
   22   402   1951.964       3.78922       2.666
   22   403   1860.286       3.78301       5.690
   22   404   1916.906       3.78964       6.132
   22   405   1839.729       3.77871       6.304
   22   406   1913.887       3.80167       6.122
   22   407   1875.556       3.78805       5.353
   22   408   1941.923       3.78888       5.057
   22   409   1871.268       3.78153       6.426
   22   410   1929.943       3.78392       5.096
   22   411   1879.341       3.78697       5.327
   22   412   1940.641       3.78493       4.300
   22   413   1897.958       3.78842       3.165
   22   414   1903.817       3.80138       3.831
   22   415   1862.543       3.78192       6.816
   22   416   1905.660       3.79607       3.382
   22   417   1892.311       3.76731       5.633
   22   418   1939.564       3.79288       2.925
   22   419   1844.303       3.78302       4.452
   22   420   1913.772       3.79879       4.389
   22   421   1849.171       3.78189       6.524
   22   422   1890.019       3.79510       5.252
   22   423   1860.242       3.80407       4.505
   22   424   1931.320       3.80288       3.376
   22   425   1888.189       3.77961       4.968
   22   426   1883.947       3.79390       4.170
   22   427   1876.726       3.77633       4.206
   22   428   1900.899       3.79489       5.575
   22   429   1872.182       3.77674       7.784
   22   430   1877.989       3.79791       4.121
   22   431   1833.848       3.77865       7.057
   22   432   1916.469       3.78181       3.693
   22   433   1847.315       3.78365       5.578
   22   434   1930.692       3.78218       3.659
   22   435   1887.079       3.78475       4.710
   22   436   1922.814       3.79513       4.927
   22   437   1854.210       3.77992       6.170
   22   438   1917.255       3.78769       4.913
   22   439   1862.040       3.77536       6.851
   22   440   1934.446       3.80217       2.853
   22   441   1870.378       3.78611       3.102
   22   442   1917.069       3.78821       5.520
   22   443   1890.259       3.77001       7.504
   22   444   1925.316       3.79803       4.205
   22   445   1877.579       3.77895       6.230
   22   446   1883.584       3.79702       4.163
   22   447   1862.875       3.78919       5.150
   22   448   1917.527       3.79178       4.731
   22   449   1902.525       3.77659       6.338
   22   450   1912.832       3.78651       5.127
   22   451   1835.431       3.78581       5.462
   22   452   1974.503       3.78376       4.975
   22   453   1842.660       3.78139       5.257
   22   454   1936.308       3.79550       4.498
   22   455   1874.638       3.79316       4.837
   22   456   1933.099       3.79227       4.346
   22   457   1876.953       3.78529       5.714
   22   458   1925.942       3.79015       4.371
   22   459   1827.842       3.79255       5.046
   22   460   1941.137       3.78418       6.429
   22   461   1865.126       3.78960       5.059
   22   462   1943.182       3.80804       4.095
   22   463   1856.164       3.79005       6.761
   22   464   1925.868       3.80014       5.380
   22   465   1889.004       3.79342       3.390
   22   466   1927.054       3.80127       4.122
   22   467   1891.256       3.78523       3.950
   22   468   1943.874       3.79732       2.568
   22   469   1855.918       3.79231       3.259
   22   470   1896.605       3.78213       5.678
   22   471   1887.676       3.77368       5.245
   22   472   1871.440       3.78530       5.053
   22   473   1899.926       3.77134       5.587
   22   474   1948.796       3.77755       5.763
   22   475   1883.062       3.77474       4.933
   22   476   1880.171       3.79697       3.997
   22   477   1852.613       3.77590       5.698
   22   478   1939.595       3.78188       5.041
   22   479   1855.069       3.78815       5.664
   22   480   1928.874       3.79763       4.976
   22   481   1842.910       3.79630       3.061
   22   482   1960.067       3.78808       3.152
   22   483   1864.778       3.77992       5.460
   22   484   1935.191       3.78493       5.693
   22   485   1876.222       3.78206       5.035
   22   486   1885.551       3.79322       5.515
   22   487   1862.561       3.78765       5.298
   22   488   1948.632       3.77726       5.788
   22   489   1845.373       3.79295       4.174
   22   490   1924.522       3.79250       5.769
   22   491   1803.716       3.78868       4.145
   22   492   1908.587       3.78964       5.836
   22   493   1838.890       3.77755       4.844
   22   494   1904.321       3.80659       4.119
   22   495   1865.623       3.79234       6.347
   22   496   1941.466       3.79522       4.365
   22   497   1892.331       3.77265       7.215
   22   498   1847.563       3.75086       4.053
   22   499   1767.834       3.74991       5.447
   22   500   1850.984       3.79136       3.936
   22   501   1823.466       3.76650       6.299
   22   502   1854.351       3.78717       6.051
   22   503   1803.756       3.78985       8.290
   22   504   1937.178       3.81631       4.434
   22   505   1869.189       3.78428       4.382
   22   506   1915.982       3.79022       3.310
   22   507   1851.144       3.79141       3.817
   22   508   1904.594       3.79619       5.352
   22   509   1868.772       3.78971       6.904
   22   510   1923.784       3.80289       4.255
   22   511   1877.211       3.78226       5.947
   22   512   1839.997       3.78998       3.400
   22   513   1857.466       3.77051       6.480
   22   514   1829.024       3.77945       4.181
   22   515   1843.152       3.77336       3.483
   22   516   1878.019       3.77266       4.762
   22   517   1838.113       3.76589       5.261
   22   518   1855.704       3.77538       6.148
   22   519   1848.910       3.76344       7.077
   22   520   1846.684       3.78347       5.477
   22   521   1858.852       3.78512       7.323
   22   522   1838.074       3.79520       6.350
   22   523   1834.502       3.78637       4.790
   22   524   1857.030       3.79007       5.259
   22   525   1825.853       3.78464       4.886
   22   526   1833.713       3.78847       3.920
   22   527   1877.890       3.78128       2.869
   22   528   1854.990       3.77399       3.790
   22   529   1878.969       3.76968       4.103
   22   530   1879.952       3.76497       5.599
   22   531   1868.574       3.76479       6.178
   22   532   1871.015       3.78979       4.360
   22   533   1870.925       3.76174       7.133
   22   534   1859.313       3.80326       5.084
   22   535   1880.787       3.78515       4.205
   22   536   1876.203       3.79382       4.081
   22   537   1827.111       3.78989       4.181
   22   538   1873.658       3.78215       4.493
   22   539   1864.277       3.76400       3.473
   22   540   1857.987       3.77673       5.452
   22   541   1870.038       3.77797       5.670
   22   542   1863.365       3.76759       5.998
   22   543   1876.502       3.76336       6.518
   22   544   1808.484       3.78976       3.461
   22   545   1871.965       3.78061       5.907
   22   546   1845.567       3.79713       4.305
   22   547   1842.145       3.77872       3.692
   22   548   1872.246       3.77629       5.354
   22   549   1879.164       3.77779       3.842
   22   550   1860.693       3.78980       4.682
   22   551   1830.948       3.78863       4.721
   22   552   1858.727       3.79333       4.983
   22   553   1894.865       3.77923       6.022
   22   554   1883.964       3.78993       4.655
   22   555   1846.324       3.77845       6.406
   22   556   1859.528       3.79658       2.824
   22   557   1889.764       3.77826       4.335
   22   558   1829.798       3.79669       4.372
   22   559   1873.189       3.77980       3.269
   22   560   1878.757       3.78248       4.016
   22   561   1829.369       3.77674       3.285
   22   562   1881.539       3.78406       3.162
   22   563   1864.615       3.77527       5.536
   22   564   1881.891       3.77306       5.436
   22   565   1880.634       3.75640       7.414
   22   566   1891.377       3.77830       7.591
   22   567   1878.050       3.76810       6.153
   22   568   1870.647       3.77547       6.285
   22   569   1851.448       3.77578       4.090
   22   570   1879.801       3.77984       4.570
   22   571   1861.839       3.76407       6.549
   22   572   1862.318       3.77264       5.469
   22   573   1859.605       3.77535       5.056
   22   574   1824.360       3.79908       6.402
   22   575   1851.588       3.78356       4.548
   22   576   1827.463       3.78809       6.629
   22   577   1861.434       3.77485       6.068
   22   578   1853.699       3.79510       3.873
   22   579   1858.727       3.76614       4.054
   22   580   1890.460       3.78170       2.609
   22   581   1863.560       3.76108       8.122
   22   582   1868.619       3.76411       6.507
   22   583   1850.122       3.76100       6.795
   22   584   1895.652       3.77960       5.256
   22   585   1848.787       3.77210       7.081
   22   586   1849.264       3.77490       6.277
   22   587   1884.922       3.77101       5.360
   22   588   1840.834       3.78104       6.044
   22   589   1849.080       3.76657       7.895
   22   590   1870.906       3.79312       4.392
   22   591   1858.063       3.78359       7.765
   22   592   1854.075       3.78909       3.843
   22   593   1884.631       3.77024       4.472
   22   594   1878.614       3.77753       5.656
   22   595   1839.327       3.77512       2.556
   22   596   1853.604       3.78168       5.794
   22   597   1860.891       3.76434       4.234
   22   598   1820.589       3.78263       5.677
   22   599   1848.825       3.77517       5.877
   22   600   1843.638       3.79398       6.166
   22   601   1853.269       3.78245       6.859
   22   602   1835.448       3.79173       4.304
   22   603   1823.948       3.79293       2.714
   22   604   1846.292       3.79646       2.678
   22   605   1881.398       3.76899       5.785
   22   606   1869.058       3.79283       3.265
   22   607   1894.250       3.78461       3.623
   22   608   1834.977       3.78437       6.191
   22   609   1884.069       3.77804       5.956
   22   610   1856.697       3.78596       6.029
   22   611   1874.849       3.76027       6.704
   22   612   1865.615       3.76901       4.508
   22   613   1831.071       3.78114       3.361
   22   614   1849.821       3.77734       5.136
   22   615   1881.243       3.75875       5.842
   22   616   1910.449       3.76223       7.087
   22   617   1843.651       3.76629       8.541
   22   618   1832.061       3.78105       5.541
   22   619   1876.790       3.76572       7.697
   22   620   1836.170       3.78754       3.969
   22   621   1877.097       3.78310       4.049
   22   622   1890.275       3.78522       5.106
   22   623   1875.459       3.77755       5.469
   22   624   1863.863       3.79198       4.176
   22   625   1851.514       3.77671       2.841
   22   626   1897.271       3.77264       6.380
   22   627   1848.572       3.77520       5.041
   22   628   1846.451       3.78997       3.043
   22   629   1849.401       3.78266       4.604
   22   630   1891.203       3.78478       3.807
   22   631   1816.636       3.77649       4.786
   22   632   1849.810       3.78961       3.397
   22   633   1875.147       3.76799       4.257
   22   634   1831.493       3.79019       4.755
   22   635   1866.937       3.78107       5.082
   22   636   1885.224       3.78381       5.943
   22   637   1880.488       3.78570       4.820
   22   638   1889.421       3.78807       3.518
   22   639   1850.473       3.78018       5.003
   22   640   1828.317       3.78969       2.575
   22   641   1817.304       3.77306       5.261
   22   642   1882.774       3.76964       5.955
   22   643   1867.402       3.77265       4.639
   22   644   1830.048       3.78542       2.975
   22   645   1868.346       3.75572       8.089
   22   646   1859.774       3.77594       7.164
   22   647   1837.992       3.77684       4.894
   22   648   1893.581       3.78452       4.145
   22   649   1855.485       3.77576       6.633
   22   650   1866.347       3.78965       5.305
   22   651   1822.958       3.77073       6.410
   22   652   1879.234       3.79129       3.173
   22   653   1815.231       3.79033       6.511
   22   654   1883.103       3.77848       3.216
   22   655   1844.225       3.76378       4.353
   22   656   1856.562       3.77958       7.296
   22   657   1859.213       3.76932       5.002
   22   658   1888.391       3.77414       4.844
   22   659   1868.111       3.77132       6.080
   22   660   1880.682       3.76907       4.896
   22   661   1878.039       3.77509       4.292
   22   662   1839.241       3.79087       3.591
   22   663   1872.430       3.77115       5.380
   22   664   1847.691       3.78492       5.002
   22   665   1878.627       3.77090       5.804
   22   666   1849.800       3.78955       6.089
   22   667   1872.326       3.78293       5.775
   22   668   1876.419       3.79593       3.233
   22   669   1840.793       3.79162       3.838
   22   670   1866.590       3.76648       8.145
   22   671   1883.973       3.77180       3.115
   22   672   1849.353       3.78580       3.700
   22   673   1822.785       3.77043       5.270
   22   674   1898.166       3.77459       5.988
   22   675   1868.437       3.77345       7.933
   22   676   1857.955       3.78515       7.991
   22   677   1864.155       3.77953       6.237
   22   678   1879.321       3.79919       5.298
   22   679   1837.431       3.78233       5.290
   22   680   1866.880       3.77747       4.856
   22   681   1873.629       3.76258       5.207
   22   682   1878.803       3.77114       7.351
   22   683   1852.867       3.77929       4.558
   22   684   1826.924       3.77999       4.495
   22   685   1842.639       3.76697       5.946
   22   686   1872.765       3.77225       6.118
   22   687   1881.625       3.77140       5.085
   22   688   1879.203       3.78029       5.576
   22   689   1846.160       3.76994       5.064
   22   690   1876.156       3.77304       6.466
   22   691   1855.407       3.76932       6.696
   22   692   1870.758       3.77009       5.791
   22   693   1841.884       3.77464       8.079
   22   694   1888.469       3.77531       7.184
   22   695   1868.543       3.77615       6.081
   22   696   1841.690       3.78832       3.259
   22   697   1841.578       3.77365       4.849
   22   698   1855.691       3.78982       5.154
   22   699   1845.423       3.78181       4.399
   22   700   1906.909       3.76391       5.640
   22   701   1852.501       3.76758       4.831
   22   702   1901.898       3.76437       7.633
   22   703   1886.515       3.75991       7.251
   22   704   1845.621       3.77681       3.788
   22   705   1841.542       3.76509       5.126
   22   706   1869.225       3.77675       6.285
   22   707   1829.382       3.78369       5.413
   22   708   1845.944       3.77971       4.497
   22   709   1872.175       3.77398       6.996
   22   710   1868.187       3.78502       3.965
   22   711   1872.972       3.77054       5.621
   22   712   1853.623       3.79354       2.468
   22   713   1830.970       3.76140       6.777
   22   714   1867.259       3.78687       9.029
   22   715   1872.913       3.77332       5.086
   22   716   1879.488       3.78031       4.809
   22   717   1873.001       3.77245       5.386
   22   718   1866.857       3.78635       3.572
   22   719   1867.783       3.76739       6.767
   22   720   1867.462       3.78155       4.963
   22   721   1880.068       3.76544       5.854
   22   722   1873.255       3.77936       6.388
   22   723   1839.056       3.78151       2.910
   22   724   1932.419       3.77221       4.406
   22   725   1856.419       3.78405       4.075
   22   726   1852.314       3.78481       4.292
   22   727   1882.323       3.76958       4.290
   22   728   1868.069       3.78211       4.871
   22   729   1873.599       3.76012       5.814
   22   730   1850.286       3.77966       6.491
   22   731   1876.389       3.78322       3.249
   22   732   1858.626       3.77478       5.469
   22   733   1797.146       3.77834       5.089
   22   734   1872.377       3.78496       6.065
   22   735   1860.916       3.77185       6.835
   22   736   1879.993       3.79084       4.975
   22   737   1886.392       3.77570       5.841
   22   738   1844.059       3.79812       2.795
   22   739   1889.196       3.76439       6.794
   22   740   1854.101       3.78340       4.552
   22   741   1882.853       3.76802       5.066
   22   742   1845.639       3.78504       3.953
   22   743   1859.576       3.76723       5.243
   22   744   1871.711       3.77558       5.853
   22   745   1876.294       3.76772       7.748
   22   746   1879.892       3.77187       4.358
   22   747   1857.086       3.76307       8.250
   22   748   1873.757       3.77877       3.963
   22   749   1857.809       3.76766       4.025
   22   750   1865.912       3.77250       6.682
   22   751   1871.611       3.78194       6.247
   22   752   1838.813       3.78328       4.919
   22   753   1844.885       3.77996       7.673
   22   754   1877.951       3.78318       5.521
   22   755   1852.182       3.77880       4.649
   22   756   1873.278       3.78407       4.304
   22   757   1875.631       3.75466       6.203
   22   758   1864.402       3.77384       5.029
   22   759   1861.742       3.77545       6.588
   22   760   1883.589       3.77211       8.474
   22   761   1859.281       3.77918       5.089
   22   762   1837.719       3.79633       3.763
   22   763   1846.487       3.78573       5.187
   22   764   1825.875       3.79130       5.296
   22   765   1865.624       3.78553       5.037
   22   766   1845.943       3.78389       5.860
   22   767   1864.329       3.78221       3.870
   22   768   1844.654       3.77874       3.423
   22   769   1812.533       3.77128       3.008
   22   770   1863.088       3.78037       4.315
   22   771   1884.498       3.76125       5.729
   22   772   1895.825       3.76709       6.817
   22   773   1852.947       3.77683       5.445
   22   774   1914.764       3.77060       5.636
   22   775   1868.902       3.76899       6.013
   22   776   1853.175       3.77674       7.221
   22   777   1845.088       3.75768       7.423
   22   778   1851.943       3.78998       4.934
   22   779   1877.785       3.78249       4.209
   22   780   1852.780       3.78543       4.834
   22   781   1866.484       3.77123       8.463
   22   782   1878.531       3.78819       4.329
   22   783   1877.772       3.76190       6.936
   22   784   1857.792       3.79042       4.643
   22   785   1848.929       3.77550       2.813
   22   786   1833.702       3.78396       5.238
   22   787   1903.150       3.76775       7.004
   22   788   1857.269       3.77110       6.518
   22   789   1846.252       3.76651       5.987
   22   790   1841.911       3.78926       4.783
   22   791   1857.148       3.76499       5.132
   22   792   1861.898       3.78137       4.971
   22   793   1855.008       3.77501       7.396
   22   794   1887.002       3.78041       5.503
   22   795   1874.539       3.78781       4.092
   22   796   1876.757       3.78007       6.255
   22   797   1829.726       3.79061       3.811
   22   798   1877.038       3.78489       4.977
   22   799   1867.642       3.77380       5.953
   22   800   1856.130       3.79492       4.841
   22   801   1879.671       3.76570       6.774
   22   802   1892.182       3.78492       4.308
   22   803   1891.556       3.76730       4.521
   22   804   1877.794       3.76884       6.085
   22   805   1884.489       3.76460       5.120
   22   806   1857.518       3.78263       5.809
   22   807   1840.901       3.77228       3.974
   22   808   1891.492       3.77823       3.978
   22   809   1908.318       3.75657       5.792
   22   810   1860.547       3.78017       6.902
   22   811   1835.100       3.77544       4.836
   22   812   1871.498       3.77521       4.354
   22   813   1847.920       3.76877       4.722
   22   814   1856.484       3.78943       4.471
   22   815   1876.435       3.76669       6.555
   22   816   1844.598       3.77723       4.667
   22   817   1861.831       3.77981       5.913
   22   818   1888.915       3.78358       4.662
   22   819   1840.327       3.77576       5.844
   22   820   1865.869       3.77745       6.133
   22   821   1867.939       3.77301       4.592
   22   822   1856.931       3.77950       5.377
   22   823   1842.745       3.77965       4.419
   22   824   1849.375       3.78146       6.408
   22   825   1919.048       3.75916       6.312
   22   826   1846.454       3.78247       4.801
   22   827   1878.304       3.75900       6.300
   22   828   1870.849       3.76939       3.496
   22   829   1857.976       3.76733       5.322
   22   830   1877.945       3.78950       5.303
   22   831   1866.549       3.77071       5.693
   22   832   1876.480       3.77726       5.072
   22   833   1849.811       3.77795       4.832
   22   834   1908.809       3.77421       5.751
   22   835   1880.366       3.76185       7.761
   22   836   1875.332       3.78369       4.645
   22   837   1861.268       3.77832       6.051
   22   838   1877.984       3.77541       7.904
   22   839   1873.960       3.77875       4.871
   22   840   1858.924       3.77698       5.046
   22   841   1904.203       3.75873       5.354
   22   842   1854.921       3.78441       6.514
   22   843   1826.054       3.76926       5.501
   22   844   1868.607       3.77967       6.303
   22   845   1858.332       3.76166       5.589
   22   846   1820.413       3.77943       5.589
   22   847   1885.450       3.76559       6.255
   22   848   1835.316       3.79175       2.735
   22   849   1840.062       3.77052       5.404
   22   850   1871.460       3.76757       5.810
   22   851   1877.617       3.76593       4.828
   22   852   1833.654       3.77856       4.809
   22   853   1819.124       3.76750       7.527
   22   854   1856.003       3.78375       5.641
   22   855   1856.172       3.77933       6.623
   22   856   1832.402       3.78433       5.630
   22   857   1852.310       3.78375       4.046
   22   858   1903.623       3.76660       7.766
   22   859   1862.918       3.76792       7.358
   22   860   1848.295       3.78666       3.439
   22   861   1858.233       3.77429       6.318
   22   862   1878.604       3.78246       4.809
   22   863   1855.973       3.77863       4.429
   22   864   1885.321       3.77020       5.388
   22   865   1840.444       3.77911       2.712
   22   866   1886.753       3.77304       5.332
   22   867   1883.247       3.76085       4.978
   22   868   1862.771       3.77384       6.980
   22   869   1885.828       3.77710       5.801
   22   870   1842.511       3.78064       5.467
   22   871   1875.187       3.76343       6.996
   22   872   1856.072       3.79087       3.781
   22   873   1866.614       3.77357       6.295
   22   874   1878.242       3.78680       4.773
   22   875   1835.174       3.78208       4.565
   22   876   1854.225       3.79135       4.605
   22   877   1865.484       3.76770       5.029
   22   878   1863.414       3.79301       4.965
   22   879   1875.386       3.76503       9.086
   22   880   1888.503       3.77938       5.409
   22   881   1879.880       3.76189       5.857
   22   882   1880.651       3.77095       7.097
   22   883   1849.226       3.76889       3.943
   22   884   1848.020       3.78976       5.983
   22   885   1860.379       3.76683       8.226
   22   886   1884.138       3.77814       4.931
   22   887   1869.014       3.76833       5.748
   22   888   1863.229       3.78200       5.102
   22   889   1823.894       3.78173       3.796
   22   890   1871.024       3.79280       4.017
   22   891   1868.205       3.77679       4.518
   22   892   1895.584       3.76160       5.312
   22   893   1874.216       3.76924       5.623
   22   894   1853.342       3.77142       6.970
   22   895   1876.275       3.77073       3.752
   22   896   1860.620       3.78668       4.055
   22   897   1899.393       3.76242       5.249
   22   898   1861.394       3.77714       8.909
   22   899   1885.275       3.77942       5.410
   22   900   1855.592       3.79978       4.452
   22   901   1888.301       3.77787       3.805
   22   902   1854.484       3.78043       4.645
   22   903   1854.059       3.77942       4.982
   22   904   1853.410       3.78274       4.645
   22   905   1816.410       3.77318       6.496
   22   906   1892.471       3.76833       4.669
   22   907   1876.134       3.75475       8.001
   22   908   1860.744       3.76297       5.962
   22   909   1868.664       3.75264       5.522
   22   910   1867.913       3.78303       5.197
   22   911   1851.034       3.76326       5.631
   22   912   1851.196       3.77130       6.754
   22   913   1869.674       3.76243       8.423
   22   914   1886.581       3.78741       6.176
   22   915   1881.016       3.76877       7.738
   22   916   1848.930       3.79255       4.933
   22   917   1898.829       3.78386       5.982
   22   918   1827.971       3.79718       5.266
   22   919   1858.493       3.78074       5.709
   22   920   1841.305       3.78606       3.972
   22   921   1844.747       3.78798       2.108
   22   922   1863.969       3.78393       3.361
   22   923   1872.549       3.76263       4.386
   22   924   1842.183       3.78559       4.356
   22   925   1838.344       3.76628       6.409
   22   926   1889.748       3.76669       6.120
   22   927   1864.503       3.76303       6.941
   22   928   1900.481       3.76874       4.958
   22   929   1862.566       3.76770       7.534
   22   930   1833.576       3.79127       6.003
   22   931   1856.300       3.77692       4.928
   22   932   1863.511       3.77937       5.557
   22   933   1866.305       3.76872       5.636
   22   934   1861.460       3.78614       4.447
   22   935   1893.884       3.77401       5.092
   22   936   1837.040       3.79626       2.653
   22   937   1859.626       3.77937       4.068
   22   938   1866.957       3.77757       5.956
   22   939   1840.817       3.77340       3.790
   22   940   1864.144       3.78213       3.844
   22   941   1842.309       3.78544       3.720
   22   942   1879.290       3.78365       3.321
   22   943   1846.797       3.77810       4.786
   22   944   1864.848       3.78240       6.144
   22   945   1843.967       3.77767       6.571
   22   946   1881.807       3.78710       5.064
   22   947   1862.157       3.77787       5.034
   22   948   1862.436       3.77444       7.248
   22   949   1884.394       3.76763       4.672
   22   950   1859.171       3.77306       8.442
   22   951   1891.779       3.76088       7.261
   22   952   1861.499       3.77248       4.885
   22   953   1854.531       3.77227       4.738
   22   954   1853.479       3.78315       6.140
   22   955   1914.113       3.76423       6.669
   22   956   1854.773       3.78899       4.745
   22   957   1831.021       3.78215       3.630
   22   958   1852.784       3.77267       5.819
   22   959   1888.679       3.77402       4.731
   22   960   1883.853       3.77953       4.074
   22   961   1854.266       3.77328       5.331
   22   962   1881.745       3.78674       5.546
   22   963   1867.257       3.77911       4.188
   22   964   1855.990       3.77938       3.915
   22   965   1857.046       3.76522       3.966
   22   966   1869.041       3.77463       5.370
   22   967   1863.174       3.77340       6.075
   22   968   1836.733       3.78413       4.135
   22   969   1858.156       3.77798       6.508
   22   970   1871.694       3.77757       6.085
   22   971   1860.949       3.77736       6.775
   22   972   1864.591       3.77127       4.403
   22   973   1869.162       3.75169       6.717
   22   974   1875.679       3.77807       6.015
   22   975   1895.125       3.75934       5.197
   22   976   1881.216       3.78133       4.385
   22   977   1858.226       3.76766       7.686
   22   978   1864.007       3.77829       6.651
   22   979   1874.012       3.77133       6.257
   22   980   1865.396       3.78566       4.071
   22   981   1835.116       3.77981       6.670
   22   982   1888.905       3.79396       3.825
   22   983   1868.421       3.79350       3.102
   22   984   1892.803       3.78471       2.424
   22   985   1864.460       3.77852       3.690
   22   986   1885.449       3.76913       4.602
   22   987   1877.800       3.77763       3.847
   22   988   1858.216       3.77467       4.288
   22   989   1862.280       3.77109       4.012
   22   990   1868.827       3.77304       5.804
   22   991   1857.939       3.76804       5.880
   22   992   1890.954       3.77338       4.444
   22   993   1856.249       3.78529       5.400
   22   994   1866.522       3.77471       5.528
   22   995   1868.290       3.77949       5.887
   22   996   1881.466       3.78240       3.702
   22   997   1839.386       3.78404       3.823
   22   998   1860.254       3.79241       6.818
   22   999   1897.577       3.76007       5.254
   22  1000   1884.098       3.77696       6.790
   22  1001   1848.662       3.78423       4.868
   22  1002   1870.946       3.78956       4.771
   22  1003   1821.348       3.77808       4.348
   22  1004   1844.194       3.78042       4.722
   22  1005   1866.293       3.78327       2.968
   22  1006   1859.481       3.77857       4.261
   22  1007   1864.802       3.77174       5.200
   22  1008   1852.949       3.79108       3.135
   22  1009   1861.074       3.77658       4.039
   22  1010   1863.607       3.76760       4.177
   22  1011   1866.712       3.75756       6.082
   22  1012   1820.992       3.77300       3.764
   22  1013   1867.632       3.75837       5.679
   22  1014   1828.973       3.76744       3.832
   22  1015   1844.836       3.76352       4.162
   22  1016   1862.341       3.77453       5.261
   22  1017   1858.162       3.75435       4.301
   22  1018   1867.911       3.78596       5.767
   22  1019   1849.541       3.79536       2.562
   22  1020   1844.820       3.80044       5.002
   22  1021   1860.918       3.79359       5.476
   22  1022   1812.002       3.80314       4.005
   22  1023   1858.997       3.79494       4.952
