    1     0   1917.286       3.84063       5.547
    1     1   1865.407       3.82217       9.329
    1     2   1908.269       3.82781       3.882
    1     3   1856.208       3.82550       5.292
    1     4   1921.296       3.81080       4.843
    1     5   1868.662       3.80825       4.595
    1     6   1914.866       3.81017       6.232
    1     7   1837.561       3.81046      10.216
    1     8   1886.923       3.82726       6.380
    1     9   1860.220       3.83131       6.271
    1    10   1880.175       3.83056       5.019
    1    11   1838.174       3.82186       6.423
    1    12   1900.784       3.82327       4.697
    1    13   1846.854       3.81499       4.621
    1    14   1905.764       3.81701       6.282
    1    15   1839.536       3.81239       7.517
    1    16   1914.010       3.81567       5.046
    1    17   1846.846       3.81478       8.354
    1    18   1916.348       3.83565       4.218
    1    19   1879.785       3.82165       5.330
    1    20   1930.730       3.81192       7.646
    1    21   1833.840       3.82372       5.019
    1    22   1912.033       3.82759       5.342
    1    23   1867.138       3.81474       5.992
    1    24   1889.065       3.81903       4.842
    1    25   1844.702       3.82013       3.774
    1    26   1915.407       3.81813       3.859
    1    27   1837.511       3.82208       6.452
    1    28   1870.585       3.81539       7.456
    1    29   1871.896       3.80793       5.296
    1    30   1899.400       3.81259       6.024
    1    31   1859.936       3.81779       7.570
    1    32   1901.321       3.82151       4.735
    1    33   1803.695       3.82342       4.846
    1    34   1907.488       3.81481       5.118
    1    35   1866.681       3.82460       5.226
    1    36   1928.382       3.82980       3.974
    1    37   1870.535       3.81819       5.518
    1    38   1860.763       3.82513       5.268
    1    39   1841.692       3.81801       6.338
    1    40   1911.153       3.81263       5.630
    1    41   1806.633       3.81863       4.945
    1    42   1903.950       3.80553       5.753
    1    43   1841.661       3.80644       5.420
    1    44   1942.349       3.81722       4.844
    1    45   1872.741       3.81029       4.883
    1    46   1882.351       3.83532       4.683
    1    47   1896.249       3.81677       8.247
    1    48   1884.088       3.83900       4.192
    1    49   1825.826       3.83131       4.332
    1    50   1877.154       3.82365       5.261
    1    51   1840.981       3.82010       5.283
    1    52   1877.368       3.81412       5.056
    1    53   1860.475       3.80972       3.621
    1    54   1889.472       3.81677       7.591
    1    55   1827.593       3.82299       6.207
    1    56   1919.449       3.82412       5.597
    1    57   1829.983       3.82022       6.321
    1    58   1901.355       3.81217       6.627
    1    59   1842.950       3.82584       6.225
    1    60   1890.415       3.82673       4.296
    1    61   1823.630       3.82776       5.939
    1    62   1877.199       3.82439       4.688
    1    63   1886.361       3.81090       5.097
    1    64   1913.160       3.82036       6.635
    1    65   1886.141       3.81364       7.253
    1    66   1926.602       3.82472       5.774
    1    67   1863.019       3.81641       5.580
    1    68   1902.524       3.81785       5.801
    1    69   1858.544       3.81328       6.336
    1    70   1870.945       3.81802       4.614
    1    71   1841.136       3.81746       7.467
    1    72   1900.616       3.82488       4.291
    1    73   1846.733       3.81458       5.793
    1    74   1861.483       3.82861       3.273
    1    75   1818.901       3.81700       8.445
    1    76   1859.838       3.83052       4.018
    1    77   1824.400       3.82604       5.321
    1    78   1897.022       3.82661       4.991
    1    79   1863.882       3.82283       4.975
    1    80   1895.354       3.82873       4.692
    1    81   1859.356       3.81622       6.329
    1    82   1897.714       3.82550       4.965
    1    83   1883.579       3.81953       4.725
    1    84   1928.582       3.80792       6.536
    1    85   1873.176       3.81373       5.653
    1    86   1922.169       3.81454       5.721
    1    87   1846.697       3.82148       4.707
    1    88   1895.488       3.81475       4.316
    1    89   1851.635       3.80930       6.375
    1    90   1847.798       3.81734       6.350
    1    91   1841.577       3.81694       5.672
    1    92   1853.244       3.84125       5.732
    1    93   1844.667       3.83402       4.368
    1    94   1901.561       3.82159       4.427
    1    95   1878.882       3.81404       5.190
    1    96   1890.648       3.81785       5.742
    1    97   1840.085       3.81619       4.635
    1    98   1900.937       3.82015       4.186
    1    99   1886.231       3.80593       6.580
    1   100   1936.903       3.81405       4.004
    1   101   1842.049       3.81824       3.786
    1   102   1856.624       3.81317       6.016
    1   103   1874.099       3.81830       3.724
    1   104   1885.741       3.81515       4.745
    1   105   1884.032       3.81104       4.862
    1   106   1934.085       3.81148       4.856
    1   107   1814.122       3.81190       6.502
    1   108   1883.948       3.82276       4.666
    1   109   1861.250       3.81870       6.668
    1   110   1895.172       3.82490       5.083
    1   111   1876.898       3.83393       4.405
    1   112   1910.680       3.82715       5.137
    1   113   1830.096       3.82205       4.458
    1   114   1900.253       3.82712       4.014
    1   115   1877.805       3.81159       4.195
    1   116   1923.914       3.82358       4.545
    1   117   1857.403       3.81868       3.482
    1   118   1885.461       3.81496       4.160
    1   119   1878.369       3.81214       4.723
    1   120   1897.777       3.81598       4.130
    1   121   1895.928       3.81578       3.044
    1   122   1926.322       3.82912       4.560
    1   123   1834.886       3.82293       5.721
    1   124   1880.628       3.82000       5.469
    1   125   1854.089       3.82544       4.805
    1   126   1878.747       3.82657       4.672
    1   127   1808.154       3.82592       3.794
    1   128   1892.884       3.81584       6.080
    1   129   1860.279       3.81996       5.983
    1   130   1883.814       3.83222       3.621
    1   131   1852.624       3.81131       5.973
    1   132   1890.782       3.82062       5.833
    1   133   1858.431       3.81001       5.151
    1   134   1902.570       3.82091       5.436
    1   135   1843.575       3.80522       5.807
    1   136   1886.273       3.82125       5.981
    1   137   1833.296       3.82047       4.462
    1   138   1883.604       3.81756       6.090
    1   139   1835.153       3.82129       5.242
    1   140   1892.245       3.81469       6.703
    1   141   1850.222       3.82839       4.684
    1   142   1881.269       3.81591       6.528
    1   143   1872.439       3.80495       4.667
    1   144   1910.274       3.81231       5.140
    1   145   1862.073       3.81082       6.248
    1   146   1969.399       3.81281       4.202
    1   147   1857.595       3.81264       7.950
    1   148   1890.587       3.82195       5.437
    1   149   1867.946       3.81009       6.045
    1   150   1871.403       3.81814       5.229
    1   151   1840.007       3.82218       3.200
    1   152   1926.707       3.81553       6.420
    1   153   1842.609       3.81562       3.846
    1   154   1903.439       3.80607       5.252
    1   155   1890.807       3.80617       5.686
    1   156   1914.093       3.81720       4.170
    1   157   1870.742       3.81733       6.322
    1   158   1858.456       3.81450       7.159
    1   159   1866.142       3.81684       6.234
    1   160   1929.701       3.82406       7.138
    1   161   1851.578       3.82457       5.348
    1   162   1898.888       3.83278       3.580
    1   163   1874.346       3.82129       3.536
    1   164   1910.658       3.82844       2.443
    1   165   1897.530       3.81563       4.548
    1   166   1908.101       3.81374       5.327
    1   167   1856.776       3.81665       5.210
    1   168   1878.649       3.82425       4.178
    1   169   1825.618       3.81770       3.313
    1   170   1910.560       3.82058       4.709
    1   171   1888.675       3.82450       5.443
    1   172   1911.067       3.84019       4.326
    1   173   1835.131       3.81708       5.926
    1   174   1906.862       3.82551       5.740
    1   175   1813.850       3.82319       7.753
    1   176   1894.617       3.83411       4.718
    1   177   1833.369       3.83398       4.169
    1   178   1877.047       3.82482       5.756
    1   179   1885.142       3.81295       5.073
    1   180   1870.184       3.81615       5.550
    1   181   1900.094       3.81755       4.167
    1   182   1918.997       3.80354       5.793
    1   183   1830.525       3.80995       5.445
    1   184   1875.903       3.81222       6.409
    1   185   1877.274       3.81752       8.072
    1   186   1891.773       3.82095       6.752
    1   187   1862.906       3.82803       5.514
    1   188   1908.596       3.82099       4.788
    1   189   1861.497       3.82548       4.712
    1   190   1915.485       3.81242       3.428
    1   191   1859.251       3.81647       3.312
    1   192   1877.874       3.82696       5.397
    1   193   1861.663       3.81463       5.097
    1   194   1880.885       3.81875       6.866
    1   195   1878.120       3.81396       6.780
    1   196   1896.891       3.81822       4.671
    1   197   1825.793       3.82056       5.181
    1   198   1857.761       3.81811       7.496
    1   199   1864.726       3.82771       4.434
    1   200   1909.188       3.82001       6.555
    1   201   1861.010       3.81911       5.029
    1   202   1851.390       3.83083       3.668
    1   203   1830.565       3.81377       4.239
    1   204   1897.454       3.82432       4.190
    1   205   1837.200       3.80877       6.288
    1   206   1899.982       3.81917       4.507
    1   207   1860.148       3.81742       6.522
    1   208   1904.060       3.82056       5.211
    1   209   1814.021       3.82018       4.381
    1   210   1918.051       3.83195       5.454
    1   211   1862.482       3.83181       6.556
    1   212   1908.260       3.83356       5.184
    1   213   1851.471       3.82599       4.105
    1   214   1910.739       3.81263       6.176
    1   215   1888.605       3.80014       4.481
    1   216   1909.425       3.82204       5.042
    1   217   1834.200       3.81167       5.621
    1   218   1931.644       3.81280       6.590
    1   219   1862.964       3.80765       7.125
    1   220   1878.881       3.81547       7.065
    1   221   1869.563       3.82690       4.530
    1   222   1922.745       3.82069       6.734
    1   223   1895.506       3.81044       6.192
    1   224   1929.564       3.80593       4.160
    1   225   1876.468       3.81851       3.031
    1   226   1915.176       3.80688       4.960
    1   227   1889.531       3.80403       4.982
    1   228   1898.677       3.81672       9.536
    1   229   1850.312       3.81741       5.722
    1   230   1900.844       3.81868       4.385
    1   231   1821.433       3.82503       4.323
    1   232   1898.467       3.81375       5.642
    1   233   1857.813       3.80725       5.860
    1   234   1880.582       3.81891       3.425
    1   235   1868.099       3.81314       4.564
    1   236   1911.946       3.81509       4.850
    1   237   1846.435       3.82131       5.973
    1   238   1928.384       3.81770       6.793
    1   239   1842.807       3.81645       5.134
    1   240   1939.975       3.80838       8.047
    1   241   1874.926       3.81212       6.104
    1   242   1931.680       3.81425       6.346
    1   243   1879.896       3.82288       4.380
    1   244   1905.134       3.81927       5.303
    1   245   1873.838       3.81189       4.031
    1   246   1891.659       3.82058       3.762
    1   247   1862.630       3.81734       5.255
    1   248   1911.599       3.80893       6.574
    1   249   1886.717       3.80501       7.454
    1   250   1902.499       3.81527       5.182
    1   251   1846.432       3.80631       5.494
    1   252   1940.177       3.80802       6.243
    1   253   1879.462       3.79834       5.654
    1   254   1912.696       3.81618       4.979
    1   255   1846.782       3.82489       5.105
    1   256   1901.039       3.83034       4.838
    1   257   1824.485       3.81705       6.976
    1   258   1915.880       3.82079       4.415
    1   259   1842.860       3.81539       5.264
    1   260   1895.615       3.81998       5.224
    1   261   1839.443       3.81245       4.756
    1   262   1903.808       3.81671       5.306
    1   263   1842.477       3.81394       4.930
    1   264   1905.174       3.81323       7.090
    1   265   1866.341       3.81545       6.037
    1   266   1901.554       3.82583       5.184
    1   267   1839.828       3.81606       6.076
    1   268   1916.235       3.81819       7.965
    1   269   1903.193       3.81516       3.266
    1   270   1907.826       3.81041       5.570
    1   271   1840.871       3.80542       5.266
    1   272   1943.545       3.81051       6.801
    1   273   1824.101       3.81304       4.680
    1   274   1908.331       3.81329       6.403
    1   275   1833.763       3.82255       6.075
    1   276   1910.653       3.81237       7.114
    1   277   1841.174       3.81314       5.887
    1   278   1907.756       3.81880       5.274
    1   279   1865.338       3.80820       5.658
    1   280   1931.192       3.79179       7.170
    1   281   1881.636       3.80719       5.369
    1   282   1877.958       3.82225       3.603
    1   283   1872.843       3.80005       7.342
    1   284   1942.059       3.81123       5.981
    1   285   1858.228       3.81434       8.370
    1   286   1900.050       3.82241       5.095
    1   287   1875.734       3.81185       4.910
    1   288   1905.968       3.81799       4.351
    1   289   1839.504       3.80553       6.593
    1   290   1895.700       3.82150       4.793
    1   291   1856.206       3.81501       4.547
    1   292   1894.700       3.81838       4.594
    1   293   1828.053       3.81370       4.998
    1   294   1895.167       3.81480       4.060
    1   295   1869.684       3.81519       4.139
    1   296   1900.770       3.81660       4.981
    1   297   1819.906       3.81538       4.917
    1   298   1905.296       3.81524       5.005
    1   299   1864.452       3.79950       6.427
    1   300   1929.452       3.80610       6.515
    1   301   1869.956       3.81296       4.477
    1   302   1924.957       3.81479       6.250
    1   303   1816.520       3.80761       6.060
    1   304   1897.105       3.81769       6.403
    1   305   1846.589       3.82070       3.779
    1   306   1893.482       3.82898       5.647
    1   307   1830.845       3.82336       3.947
    1   308   1873.100       3.82802       5.980
    1   309   1892.737       3.80776       6.225
    1   310   1931.821       3.81611       3.721
    1   311   1859.978       3.81414       4.198
    1   312   1918.840       3.81827       4.630
    1   313   1860.287       3.80389       7.407
    1   314   1915.204       3.81622       6.719
    1   315   1869.801       3.82936       5.411
    1   316   1913.961       3.83061       4.674
    1   317   1863.042       3.82139       6.639
    1   318   1927.570       3.82046       3.528
    1   319   1825.947       3.81613       4.174
    1   320   1893.948       3.81455       4.767
    1   321   1839.822       3.81171       5.412
    1   322   1888.225       3.81312       8.100
    1   323   1853.934       3.80120       7.618
    1   324   1889.381       3.81673       4.820
    1   325   1800.617       3.81195       5.227
    1   326   1914.322       3.81248       4.836
    1   327   1847.368       3.81515       5.184
    1   328   1874.107       3.82229       4.728
    1   329   1858.890       3.82283       4.355
    1   330   1923.934       3.82261       4.892
    1   331   1841.245       3.81837       6.600
    1   332   1929.726       3.81276       5.636
    1   333   1838.078       3.80875       5.545
    1   334   1891.671       3.82417       5.603
    1   335   1866.041       3.80408       7.126
    1   336   1870.705       3.80822       6.010
    1   337   1837.513       3.81019       5.889
    1   338   1870.897       3.81011       8.174
    1   339   1837.525       3.81119       5.079
    1   340   1920.533       3.81889       4.514
    1   341   1852.865       3.81065       6.238
    1   342   1917.878       3.80781       5.037
    1   343   1838.462       3.80783       7.167
    1   344   1892.077       3.82638       4.140
    1   345   1840.122       3.81959       4.666
    1   346   1944.005       3.81768       7.130
    1   347   1854.917       3.82338       6.663
    1   348   1917.615       3.81673       7.646
    1   349   1857.954       3.81793       6.463
    1   350   1889.397       3.81835       6.150
    1   351   1865.838       3.81343       5.264
    1   352   1911.592       3.80474       3.667
    1   353   1866.217       3.81145       4.584
    1   354   1884.814       3.81128       4.645
    1   355   1868.974       3.80786       6.678
    1   356   1859.068       3.82712       6.265
    1   357   1872.819       3.81035       6.979
    1   358   1877.064       3.81361       5.180
    1   359   1823.943       3.80414       7.338
    1   360   1937.981       3.80875       5.916
    1   361   1904.597       3.80375       5.293
    1   362   1894.236       3.80792       7.005
    1   363   1884.079       3.80433       5.439
    1   364   1922.777       3.80777       6.469
    1   365   1838.218       3.81098       6.927
    1   366   1933.333       3.80534       5.104
    1   367   1874.638       3.80834       4.375
    1   368   1868.516       3.82647       7.062
    1   369   1822.150       3.82428       5.699
    1   370   1924.303       3.82162       6.291
    1   371   1865.975       3.81665       4.553
    1   372   1889.847       3.81482       4.888
    1   373   1880.938       3.80328       5.131
    1   374   1932.601       3.80542       5.300
    1   375   1850.572       3.80655       4.690
    1   376   1883.179       3.81001       4.766
    1   377   1845.730       3.80360       7.687
    1   378   1940.146       3.78084       1.587
    1   379   1856.675       3.80363       7.003
    1   380   1839.120       3.82426       6.396
    1   381   1857.103       3.81645       8.600
    1   382   1886.101       3.81825       5.502
    1   383   1844.078       3.81269       4.780
    1   384   1886.216       3.82056       4.258
    1   385   1850.136       3.81025       5.145
    1   386   1885.321       3.81450       4.361
    1   387   1846.731       3.81385       3.734
    1   388   1914.239       3.79738       6.019
    1   389   1831.136       3.80034       4.845
    1   390   1878.522       3.81976       4.905
    1   391   1834.356       3.80157       8.440
    1   392   1893.254       3.81054       6.968
    1   393   1883.619       3.81055       7.936
    1   394   1911.513       3.81221       7.662
    1   395   1857.770       3.81701       7.829
    1   396   1866.790       3.82547       5.053
    1   397   1867.539       3.80424       5.921
    1   398   1911.231       3.81293       3.999
    1   399   1848.696       3.80619       4.450
    1   400   1927.921       3.81873       5.104
    1   401   1874.302       3.81129       5.767
    1   402   1915.283       3.81014       5.931
    1   403   1870.356       3.80758       6.762
    1   404   1904.032       3.82039       6.316
    1   405   1887.976       3.81121       5.117
    1   406   1911.942       3.81722       5.715
    1   407   1865.186       3.81545       2.768
    1   408   1901.461       3.81470       4.393
    1   409   1854.432       3.81383       4.158
    1   410   1937.711       3.81344       3.289
    1   411   1845.659       3.81463       5.540
    1   412   1878.476       3.82302       5.055
    1   413   1861.136       3.81806       4.615
    1   414   1881.761       3.81657       5.433
    1   415   1848.577       3.81738       4.965
    1   416   1906.496       3.81621       5.851
    1   417   1873.538       3.80665       3.556
    1   418   1888.850       3.80572       4.396
    1   419   1869.344       3.80039       5.241
    1   420   1911.976       3.80641       6.241
    1   421   1878.002       3.79681       6.284
    1   422   1941.231       3.79277       5.549
    1   423   1863.404       3.80542       5.444
    1   424   1894.831       3.81673       7.539
    1   425   1875.366       3.81552       6.328
    1   426   1897.387       3.81247       6.426
    1   427   1853.038       3.81719       6.457
    1   428   1909.384       3.81434       5.019
    1   429   1860.283       3.81167       3.777
    1   430   1913.135       3.80236       6.166
    1   431   1851.001       3.80117       4.653
    1   432   1918.269       3.81529       6.526
    1   433   1862.355       3.81137       6.571
    1   434   1934.696       3.80420       6.838
    1   435   1856.277       3.81276       7.512
    1   436   1905.653       3.81337       6.504
    1   437   1835.804       3.81699       5.002
    1   438   1912.182       3.81107       5.324
    1   439   1838.790       3.81714       5.152
    1   440   1928.142       3.81515       6.419
    1   441   1877.649       3.82349       6.993
    1   442   1917.751       3.81777       5.248
    1   443   1841.965       3.81330       7.694
    1   444   1870.300       3.82247       5.465
    1   445   1836.379       3.80317       7.161
    1   446   1876.267       3.81636       3.866
    1   447   1873.457       3.79890       5.624
    1   448   1895.050       3.80234       6.838
    1   449   1883.738       3.80110       7.290
    1   450   1889.816       3.80801       6.257
    1   451   1843.439       3.80714       6.080
    1   452   1884.244       3.81233       6.080
    1   453   1858.038       3.80552       7.728
    1   454   1932.895       3.81981       5.288
    1   455   1851.522       3.80722       6.121
    1   456   1905.804       3.82583       4.987
    1   457   1831.955       3.81536       7.863
    1   458   1889.751       3.82718       4.949
    1   459   1880.035       3.80405       6.236
    1   460   1869.507       3.81181       5.821
    1   461   1882.627       3.81029       4.591
    1   462   1917.525       3.80764       7.868
    1   463   1852.560       3.81991       5.693
    1   464   1900.678       3.80500       5.918
    1   465   1856.090       3.81448       6.532
    1   466   1865.799       3.82492       6.051
    1   467   1853.532       3.82270       5.131
    1   468   1869.368       3.82246       5.858
    1   469   1843.957       3.81034       5.104
    1   470   1902.605       3.80642       4.944
    1   471   1865.381       3.80665       6.045
    1   472   1892.897       3.80944       4.887
    1   473   1834.996       3.80863       5.564
    1   474   1905.880       3.81780       5.727
    1   475   1829.475       3.81051       5.750
    1   476   1868.967       3.80877       7.220
    1   477   1868.781       3.80202       6.512
    1   478   1890.070       3.82294       6.047
    1   479   1887.471       3.80514       7.126
    1   480   1915.790       3.82299       6.634
    1   481   1824.899       3.82360       5.143
    1   482   1895.764       3.81844       4.436
    1   483   1855.715       3.80325       7.039
    1   484   1948.295       3.79896       5.567
    1   485   1846.830       3.80740       3.575
    1   486   1909.262       3.81528       5.543
    1   487   1836.393       3.80691       7.218
    1   488   1909.193       3.80317       8.680
    1   489   1834.414       3.81358       6.766
    1   490   1900.256       3.80564       4.756
    1   491   1813.720       3.81362       7.552
    1   492   1873.280       3.82085       4.703
    1   493   1867.939       3.82034       6.144
    1   494   1895.641       3.81788       5.943
    1   495   1847.774       3.81857       3.259
    1   496   1928.570       3.80665       6.952
    1   497   1841.967       3.81250       4.708
    1   498   1804.875       3.77968       5.101
    1   499   1797.561       3.75856      10.071
    1   500   1811.184       3.79595       6.236
    1   501   1779.534       3.79037       7.422
    1   502   1800.135       3.81122       4.534
    1   503   1766.005       3.79499       7.286
    1   504   1922.738       3.84222       4.893
    1   505   1855.025       3.81225       6.257
    1   506   1900.552       3.81572       4.918
    1   507   1855.128       3.80159       6.425
    1   508   1906.657       3.81650       6.694
    1   509   1838.967       3.80892       7.905
    1   510   1861.304       3.82791       4.304
    1   511   1841.912       3.81005       6.494
    1   512   1829.394       3.81567       5.831
    1   513   1868.524       3.80741       5.698
    1   514   1833.184       3.81293       4.366
    1   515   1838.483       3.80835       4.836
    1   516   1844.621       3.80542       4.470
    1   517   1826.466       3.80555       7.544
    1   518   1818.819       3.81120       5.392
    1   519   1823.590       3.80220       5.846
    1   520   1835.756       3.80350       8.412
    1   521   1827.772       3.81232       4.671
    1   522   1822.560       3.80599       6.052
    1   523   1796.245       3.81250       7.704
    1   524   1839.944       3.80262       5.154
    1   525   1842.401       3.79932       6.131
    1   526   1823.169       3.79535       8.246
    1   527   1838.165       3.80317       3.125
    1   528   1814.850       3.80752       7.148
    1   529   1835.331       3.80062       5.028
    1   530   1876.433       3.78767       8.118
    1   531   1823.799       3.80928       5.362
    1   532   1868.832       3.80739       6.082
    1   533   1829.008       3.79433       7.982
    1   534   1852.687       3.82200       4.333
    1   535   1884.354       3.80078       4.928
    1   536   1835.147       3.81163       4.558
    1   537   1852.173       3.81126       5.955
    1   538   1857.008       3.81008       4.862
    1   539   1864.798       3.80549       4.960
    1   540   1816.829       3.80516       4.480
    1   541   1842.967       3.80084       3.860
    1   542   1859.537       3.80094       6.186
    1   543   1858.190       3.80201       4.944
    1   544   1866.367       3.81087       5.301
    1   545   1845.272       3.80899       4.685
    1   546   1876.573       3.81793       4.415
    1   547   1848.093       3.80384       4.741
    1   548   1812.944       3.80499       5.062
    1   549   1841.217       3.80926       5.794
    1   550   1857.197       3.81087       6.604
    1   551   1865.077       3.80561       5.938
    1   552   1894.461       3.80211       5.685
    1   553   1823.747       3.80370       6.967
    1   554   1835.877       3.80843       6.279
    1   555   1866.403       3.79722       7.757
    1   556   1855.574       3.81303       4.892
    1   557   1848.927       3.81066       4.526
    1   558   1820.959       3.79884       6.417
    1   559   1823.336       3.81104       3.380
    1   560   1821.981       3.81309       3.791
    1   561   1848.370       3.80185       4.081
    1   562   1835.245       3.80317       6.383
    1   563   1827.093       3.79414       6.855
    1   564   1861.543       3.80081       7.346
    1   565   1827.979       3.79947       7.823
    1   566   1812.512       3.81339       5.678
    1   567   1852.447       3.81401       4.414
    1   568   1805.252       3.81016       4.989
    1   569   1848.250       3.80560       4.265
    1   570   1841.926       3.80076       5.003
    1   571   1849.347       3.81189       3.911
    1   572   1799.597       3.81022       5.615
    1   573   1848.266       3.79904       4.281
    1   574   1891.110       3.79583       6.734
    1   575   1852.361       3.79532       7.703
    1   576   1812.950       3.81244       3.972
    1   577   1839.234       3.80349       4.923
    1   578   1835.223       3.79670       6.788
    1   579   1831.885       3.79862       4.294
    1   580   1874.611       3.79643       5.851
    1   581   1853.700       3.80715       6.579
    1   582   1833.689       3.80991       7.938
    1   583   1849.138       3.81366       7.605
    1   584   1832.334       3.82454       7.717
    1   585   1826.863       3.81829       6.986
    1   586   1813.772       3.82287       6.594
    1   587   1818.115       3.80540       5.694
    1   588   1822.617       3.80812       4.115
    1   589   1874.761       3.79614       3.703
    1   590   1840.223       3.79670       4.903
    1   591   1820.549       3.79368       5.076
    1   592   1842.884       3.79354       6.625
    1   593   1847.740       3.80359       5.891
    1   594   1841.141       3.79807       9.254
    1   595   1870.931       3.80032       5.031
    1   596   1822.357       3.80157       7.990
    1   597   1855.185       3.79836       6.691
    1   598   1845.707       3.80167       7.434
    1   599   1833.519       3.80940       5.584
    1   600   1828.765       3.81699       5.111
    1   601   1789.289       3.80023       5.795
    1   602   1799.483       3.80463       5.479
    1   603   1854.310       3.80062       3.430
    1   604   1833.375       3.80954       4.301
    1   605   1831.539       3.79820       5.677
    1   606   1881.419       3.79435       7.101
    1   607   1835.179       3.79431       5.983
    1   608   1818.823       3.80897       7.234
    1   609   1830.669       3.81397       4.714
    1   610   1851.358       3.80023      10.444
    1   611   1866.670       3.79730       8.168
    1   612   1826.438       3.82171       4.479
    1   613   1870.588       3.80396       6.822
    1   614   1869.776       3.80284       8.123
    1   615   1836.286       3.80838       5.196
    1   616   1857.095       3.79543       4.852
    1   617   1849.622       3.79612       5.329
    1   618   1857.235       3.80825       6.729
    1   619   1827.090       3.80341       5.607
    1   620   1825.923       3.80271       5.099
    1   621   1832.730       3.79636       7.959
    1   622   1841.924       3.80017       6.542
    1   623   1824.554       3.78965       8.514
    1   624   1821.327       3.82069       6.177
    1   625   1855.514       3.81524       6.879
    1   626   1828.355       3.83044       4.872
    1   627   1847.950       3.82380       3.789
    1   628   1856.057       3.81812       3.202
    1   629   1848.410       3.79642       4.847
    1   630   1844.803       3.79111       2.285
    1   631   1823.056       3.79525       4.859
    1   632   1883.058       3.79598       6.471
    1   633   1831.420       3.80066       5.994
    1   634   1852.272       3.79194       9.642
    1   635   1827.924       3.80431       6.032
    1   636   1858.205       3.80355       8.554
    1   637   1856.696       3.81411       5.184
    1   638   1806.689       3.81232       6.305
    1   639   1857.903       3.80826       5.577
    1   640   1821.389       3.81393       6.311
    1   641   1824.751       3.80404       5.292
    1   642   1828.948       3.80825       4.432
    1   643   1853.335       3.79561       7.966
    1   644   1810.341       3.81995       5.727
    1   645   1842.076       3.79203       5.977
    1   646   1863.858       3.80465       5.788
    1   647   1854.058       3.79809       7.584
    1   648   1846.392       3.81464       6.165
    1   649   1860.928       3.79460       7.174
    1   650   1815.169       3.80849       5.799
    1   651   1841.145       3.80495       5.814
    1   652   1846.454       3.80749       5.549
    1   653   1843.075       3.79936       6.422
    1   654   1814.633       3.81492       9.292
    1   655   1819.831       3.81355       6.217
    1   656   1827.945       3.81790       4.780
    1   657   1837.496       3.81191       7.560
    1   658   1845.663       3.79245       6.902
    1   659   1844.076       3.80103       3.717
    1   660   1833.503       3.80895       4.385
    1   661   1845.192       3.80461       3.519
    1   662   1843.090       3.81044       5.053
    1   663   1841.735       3.80543       5.293
    1   664   1846.380       3.80158       7.947
    1   665   1808.468       3.80692       8.660
    1   666   1833.973       3.80495       6.302
    1   667   1867.483       3.80496       5.930
    1   668   1815.901       3.81757       4.774
    1   669   1847.786       3.81323       4.928
    1   670   1876.794       3.80939       7.860
    1   671   1843.599       3.81648       4.447
    1   672   1851.636       3.81246       5.862
    1   673   1837.818       3.80500       4.780
    1   674   1841.087       3.81389       4.924
    1   675   1854.612       3.80780       5.435
    1   676   1846.287       3.80261       5.086
    1   677   1827.574       3.80508       4.964
    1   678   1845.095       3.79609       6.410
    1   679   1840.384       3.81122       5.417
    1   680   1803.782       3.82086       3.416
    1   681   1854.918       3.80642       4.815
    1   682   1823.437       3.81469       5.311
    1   683   1818.125       3.81418       3.528
    1   684   1816.885       3.80728       5.299
    1   685   1864.467       3.80629       6.021
    1   686   1844.467       3.80463       4.523
    1   687   1818.208       3.81273       4.336
    1   688   1861.056       3.79640       5.731
    1   689   1880.143       3.80500       3.529
    1   690   1819.001       3.79903       7.864
    1   691   1813.292       3.81941       4.251
    1   692   1851.384       3.79319       8.420
    1   693   1846.337       3.80136       5.803
    1   694   1830.627       3.80085       7.465
    1   695   1829.203       3.80471       6.804
    1   696   1835.990       3.80855       6.384
    1   697   1815.372       3.80112       6.342
    1   698   1863.271       3.81894       7.005
    1   699   1859.087       3.81904       5.488
    1   700   1829.130       3.80963       5.479
    1   701   1821.076       3.81008       4.114
    1   702   1829.608       3.81856       4.624
    1   703   1842.876       3.80776       4.659
    1   704   1809.636       3.80283       4.347
    1   705   1856.465       3.80273       3.996
    1   706   1827.242       3.80479       5.696
    1   707   1844.409       3.80235       5.726
    1   708   1819.221       3.80760       7.074
    1   709   1833.670       3.79168       7.652
    1   710   1847.802       3.80557       6.468
    1   711   1817.201       3.80585       4.645
    1   712   1797.860       3.80312       7.501
    1   713   1850.452       3.80237       5.607
    1   714   1852.616       3.80240       7.157
    1   715   1826.390       3.79660       6.995
    1   716   1828.458       3.80374       8.760
    1   717   1837.156       3.80944       5.515
    1   718   1809.842       3.81501       4.860
    1   719   1834.311       3.81442       4.859
    1   720   1837.176       3.81016       4.365
    1   721   1841.830       3.80673       3.939
    1   722   1827.324       3.80457       4.423
    1   723   1830.086       3.80722       4.600
    1   724   1859.080       3.80781       6.134
    1   725   1845.793       3.80958       6.078
    1   726   1848.116       3.80222       6.170
    1   727   1836.172       3.80314       6.051
    1   728   1878.890       3.79004       7.556
    1   729   1852.721       3.81069       6.309
    1   730   1817.468       3.81584       4.844
    1   731   1811.048       3.82382       3.716
    1   732   1830.802       3.81504       6.389
    1   733   1847.244       3.81242       4.500
    1   734   1800.633       3.81854       5.594
    1   735   1845.048       3.81391       3.593
    1   736   1874.412       3.80243       4.700
    1   737   1878.012       3.79364       5.972
    1   738   1836.649       3.80930       4.282
    1   739   1839.971       3.80809       5.534
    1   740   1840.415       3.81335       5.904
    1   741   1838.005       3.80820       6.167
    1   742   1827.483       3.81418       5.854
    1   743   1878.784       3.79918       7.623
    1   744   1828.631       3.82053       4.537
    1   745   1835.358       3.80624       4.597
    1   746   1810.951       3.80899       6.626
    1   747   1844.187       3.80173       5.655
    1   748   1823.768       3.80815       5.778
    1   749   1851.281       3.80358       4.337
    1   750   1837.712       3.80231       4.372
    1   751   1828.130       3.79261       6.612
    1   752   1841.067       3.81206       4.773
    1   753   1873.755       3.79767       4.787
    1   754   1853.899       3.81907       5.520
    1   755   1835.126       3.80850       6.199
    1   756   1868.999       3.80766       5.650
    1   757   1835.516       3.80204       5.440
    1   758   1853.667       3.81746       5.455
    1   759   1856.810       3.80916       4.386
    1   760   1856.593       3.80913       4.953
    1   761   1830.054       3.81098       5.262
    1   762   1856.087       3.79670       7.323
    1   763   1878.500       3.81291       2.993
    1   764   1842.866       3.80647       3.570
    1   765   1856.600       3.79273       4.857
    1   766   1845.129       3.82073       4.850
    1   767   1814.617       3.81307       6.437
    1   768   1839.356       3.80878       5.278
    1   769   1876.765       3.82136       4.537
    1   770   1816.487       3.82463       4.661
    1   771   1836.898       3.81132       4.063
    1   772   1831.644       3.80974       3.889
    1   773   1807.806       3.82141       3.836
    1   774   1849.794       3.81418       4.456
    1   775   1821.160       3.81146       4.267
    1   776   1836.043       3.80901       5.539
    1   777   1819.267       3.81119       5.131
    1   778   1849.474       3.80623       5.743
    1   779   1829.340       3.80332       4.569
    1   780   1833.359       3.81355       5.665
    1   781   1836.868       3.80823       2.828
    1   782   1878.999       3.79747       5.255
    1   783   1827.412       3.79278       5.516
    1   784   1825.579       3.80187       6.503
    1   785   1866.475       3.79633       9.750
    1   786   1816.474       3.80822       7.015
    1   787   1828.223       3.80903       4.759
    1   788   1837.300       3.80750       7.767
    1   789   1844.808       3.80810       5.559
    1   790   1849.015       3.81938       5.344
    1   791   1850.773       3.81377       4.706
    1   792   1834.763       3.81302       5.998
    1   793   1813.586       3.80988       4.404
    1   794   1845.753       3.81776       4.582
    1   795   1842.488       3.79933       5.356
    1   796   1809.450       3.81649       4.978
    1   797   1851.260       3.81578       4.416
    1   798   1859.420       3.81560       6.501
    1   799   1896.963       3.80328       6.677
    1   800   1825.189       3.82790       3.490
    1   801   1842.138       3.82535       4.390
    1   802   1835.439       3.81434       6.673
    1   803   1867.362       3.80740       8.280
    1   804   1863.845       3.80493       5.743
    1   805   1837.878       3.81579       3.299
    1   806   1802.646       3.80729       3.621
    1   807   1855.594       3.80046       4.381
    1   808   1860.131       3.80984       7.162
    1   809   1811.164       3.80001       4.787
    1   810   1841.661       3.80255       7.134
    1   811   1822.050       3.81851       4.894
    1   812   1862.338       3.81545       6.830
    1   813   1849.520       3.80740       5.524
    1   814   1837.899       3.80629       5.333
    1   815   1873.212       3.81323       4.511
    1   816   1848.935       3.81022       6.876
    1   817   1841.728       3.80874       4.724
    1   818   1852.451       3.80705       5.673
    1   819   1853.208       3.79789       6.732
    1   820   1830.621       3.80163       5.312
    1   821   1849.688       3.79763       5.915
    1   822   1843.923       3.81072       5.833
    1   823   1870.608       3.80378       5.843
    1   824   1839.970       3.81044       6.849
    1   825   1858.631       3.81665       4.753
    1   826   1800.100       3.80071       7.331
    1   827   1846.501       3.80988       3.587
    1   828   1839.907       3.81716       5.060
    1   829   1860.283       3.81121       6.695
    1   830   1829.269       3.82026       5.672
    1   831   1847.045       3.80837       4.891
    1   832   1828.067       3.81869       4.868
    1   833   1841.569       3.80238       5.610
    1   834   1816.625       3.81577       3.247
    1   835   1874.639       3.81026       5.388
    1   836   1848.424       3.81132       5.525
    1   837   1850.922       3.81250       4.419
    1   838   1817.583       3.81287       5.805
    1   839   1836.417       3.80881       5.527
    1   840   1833.495       3.81207       5.885
    1   841   1852.503       3.80959       6.344
    1   842   1854.663       3.81870       4.388
    1   843   1843.722       3.81187       4.450
    1   844   1846.155       3.81352       4.277
    1   845   1855.498       3.81805       4.186
    1   846   1826.966       3.80962       4.698
    1   847   1853.256       3.81122       4.343
    1   848   1797.452       3.82371       3.485
    1   849   1850.769       3.81421       3.696
    1   850   1831.166       3.82237       4.279
    1   851   1873.962       3.80274       7.419
    1   852   1823.352       3.82078       5.404
    1   853   1849.055       3.81304       5.212
    1   854   1816.530       3.81637       5.474
    1   855   1844.361       3.82066       3.713
    1   856   1820.097       3.80579       3.333
    1   857   1874.405       3.79169       6.353
    1   858   1892.796       3.79583       6.025
    1   859   1830.745       3.80643       6.794
    1   860   1864.270       3.80718       6.572
    1   861   1867.587       3.79798       7.010
    1   862   1838.764       3.82023       5.840
    1   863   1869.441       3.80521       6.409
    1   864   1863.569       3.81072       6.532
    1   865   1857.478       3.81702       5.628
    1   866   1875.876       3.81155       5.522
    1   867   1881.541       3.80468       5.080
    1   868   1826.124       3.80995       4.489
    1   869   1853.167       3.79735       5.971
    1   870   1844.892       3.80434       6.555
    1   871   1869.712       3.80828       7.151
    1   872   1822.967       3.83545       5.150
    1   873   1844.607       3.80924       5.761
    1   874   1825.770       3.81622       6.022
    1   875   1843.242       3.80703       6.188
    1   876   1843.974       3.81288       4.729
    1   877   1840.859       3.80132       3.430
    1   878   1843.872       3.81476       4.081
    1   879   1858.613       3.79868       6.594
    1   880   1869.465       3.80557       7.874
    1   881   1817.292       3.81720       4.936
    1   882   1843.570       3.81646       7.088
    1   883   1833.561       3.79598       7.892
    1   884   1845.074       3.82321       2.387
    1   885   1872.170       3.81451       3.714
    1   886   1819.621       3.82089       4.974
    1   887   1821.798       3.80421       4.293
    1   888   1790.728       3.80672       4.088
    1   889   1828.493       3.80536       3.026
    1   890   1859.882       3.80581       8.667
    1   891   1856.621       3.80358       6.719
    1   892   1818.457       3.82802       4.378
    1   893   1830.944       3.80882       7.222
    1   894   1849.325       3.81415       5.830
    1   895   1799.191       3.81442       6.146
    1   896   1846.962       3.81581       4.431
    1   897   1859.074       3.80968       5.565
    1   898   1842.937       3.81959       5.208
    1   899   1851.599       3.81599       4.174
    1   900   1854.755       3.81446       2.444
    1   901   1834.909       3.80805       4.464
    1   902   1851.327       3.80099       7.574
    1   903   1858.276       3.80767       4.074
    1   904   1854.272       3.80233       8.476
    1   905   1801.544       3.81373       4.543
    1   906   1829.987       3.80528       9.588
    1   907   1865.234       3.81073       7.021
    1   908   1836.756       3.81041       5.662
    1   909   1816.674       3.80966       5.346
    1   910   1835.384       3.81626       4.465
    1   911   1856.941       3.80503       5.100
    1   912   1881.498       3.80704       3.630
    1   913   1860.132       3.81328       4.865
    1   914   1838.184       3.81060       5.047
    1   915   1850.516       3.81272       3.620
    1   916   1863.448       3.81116       5.890
    1   917   1820.051       3.80164       4.933
    1   918   1815.364       3.80934       6.150
    1   919   1824.590       3.80888       5.786
    1   920   1829.366       3.83050       4.246
    1   921   1863.967       3.81440       5.660
    1   922   1839.591       3.81666       5.525
    1   923   1836.672       3.81124       5.681
    1   924   1865.953       3.81082       5.289
    1   925   1828.177       3.81529       4.208
    1   926   1820.272       3.81111       3.539
    1   927   1839.246       3.81599       2.952
    1   928   1827.787       3.80825       5.878
    1   929   1832.637       3.80562       6.532
    1   930   1817.854       3.81720       5.253
    1   931   1831.750       3.82104       4.038
    1   932   1836.728       3.82126       3.526
    1   933   1837.987       3.82262       3.104
    1   934   1863.028       3.81680       6.503
    1   935   1828.696       3.81824       5.280
    1   936   1862.155       3.81994       4.635
    1   937   1832.666       3.81358       4.848
    1   938   1858.665       3.81482       5.761
    1   939   1856.432       3.80707       5.347
    1   940   1830.677       3.81552       4.132
    1   941   1814.548       3.80670       5.434
    1   942   1885.829       3.79786       5.942
    1   943   1833.417       3.81472       3.884
    1   944   1846.438       3.80431       5.371
    1   945   1836.939       3.81561       5.757
    1   946   1842.909       3.80738       6.259
    1   947   1833.831       3.81579       5.696
    1   948   1832.791       3.81635       5.197
    1   949   1848.309       3.80792       6.002
    1   950   1872.526       3.81331       5.642
    1   951   1835.894       3.81640       4.906
    1   952   1848.399       3.81039       3.702
    1   953   1850.617       3.80706       4.555
    1   954   1822.254       3.81701       7.164
    1   955   1856.835       3.81037       4.609
    1   956   1856.688       3.81258       4.921
    1   957   1801.656       3.82426       4.694
    1   958   1786.275       3.82553       4.960
    1   959   1822.952       3.81502       5.057
    1   960   1800.814       3.82013       4.080
    1   961   1800.456       3.81377       4.821
    1   962   1844.889       3.81483       5.110
    1   963   1807.664       3.80953       5.931
    1   964   1859.933       3.80229       7.191
    1   965   1860.335       3.80923       6.396
    1   966   1815.134       3.82561       5.186
    1   967   1840.621       3.81253       5.049
    1   968   1857.805       3.82581       4.863
    1   969   1839.928       3.81332       5.003
    1   970   1842.814       3.80809       5.270
    1   971   1840.327       3.80618       4.596
    1   972   1900.139       3.79537       4.301
    1   973   1790.258       3.80186       5.185
    1   974   1860.442       3.80170       5.346
    1   975   1859.409       3.79854       8.950
    1   976   1821.116       3.82200       6.528
    1   977   1814.071       3.81911       6.768
    1   978   1862.968       3.82730       6.052
    1   979   1864.532       3.82181       5.250
    1   980   1804.093       3.83211       4.233
    1   981   1855.865       3.81765       7.630
    1   982   1849.343       3.81384       4.059
    1   983   1841.065       3.80114       4.506
    1   984   1837.097       3.81371       2.587
    1   985   1819.430       3.80955       5.634
    1   986   1859.958       3.80113       7.174
    1   987   1846.179       3.80882       6.413
    1   988   1884.262       3.80644       5.482
    1   989   1841.196       3.81213       7.130
    1   990   1827.333       3.81029       6.134
    1   991   1850.035       3.82361       4.282
    1   992   1851.378       3.82821       5.392
    1   993   1817.941       3.82148       6.582
    1   994   1860.043       3.80771       7.619
    1   995   1836.263       3.82433       6.569
    1   996   1822.937       3.82674       5.353
    1   997   1870.454       3.81277       5.381
    1   998   1873.048       3.83089       4.819
    1   999   1812.852       3.81707       4.621
    1  1000   1832.738       3.81683       4.859
    1  1001   1805.470       3.81955       3.499
    1  1002   1826.700       3.80874       5.543
    1  1003   1818.938       3.81114       4.645
    1  1004   1845.019       3.80980       5.114
    1  1005   1840.667       3.82062       5.378
    1  1006   1832.209       3.81149       5.446
    1  1007   1858.039       3.80242       6.255
    1  1008   1833.206       3.81399       5.892
    1  1009   1839.071       3.82330       5.563
    1  1010   1853.566       3.79997       4.665
    1  1011   1799.045       3.81136       4.411
    1  1012   1840.807       3.80728       5.209
    1  1013   1808.220       3.80408       6.208
    1  1014   1897.833       3.79596       4.654
    1  1015   1845.866       3.80655       4.668
    1  1016   1835.188       3.81437       5.441
    1  1017   1837.980       3.80577       3.808
    1  1018   1842.669       3.80444       4.615
    1  1019   1827.292       3.79717       4.873
    1  1020   1830.555       3.81396       7.511
    1  1021   1807.753       3.82764       5.618
    1  1022   1809.026       3.82594       5.910
    1  1023   1852.674       3.83004       4.378
