    5     0   1944.130       3.83005       3.597
    5     1   1909.020       3.81890       5.233
    5     2   1921.076       3.83590       3.704
    5     3   1919.091       3.82320       3.384
    5     4   1915.636       3.82073       4.061
    5     5   1885.224       3.81504       3.071
    5     6   1927.665       3.81137       7.540
    5     7   1890.784       3.80138       8.565
    5     8   1909.493       3.83348       3.900
    5     9   1909.852       3.81469       6.865
    5    10   1945.944       3.82633       4.941
    5    11   1954.808       3.79741       7.967
    5    12   1954.048       3.81752       3.611
    5    13   1915.619       3.80631       4.997
    5    14   1963.236       3.81638       4.563
    5    15   1907.440       3.80580       6.873
    5    16   1944.306       3.80612       6.287
    5    17   1921.385       3.79802       7.514
    5    18   1918.783       3.82435       4.547
    5    19   1898.348       3.81017       6.401
    5    20   1962.115       3.81994       5.025
    5    21   1887.359       3.81463       5.120
    5    22   1955.283       3.82061       5.010
    5    23   1888.801       3.82153       4.909
    5    24   1960.988       3.81856       5.382
    5    25   1892.185       3.81441       5.459
    5    26   1989.045       3.81291       3.583
    5    27   1875.868       3.81834       4.425
    5    28   1919.661       3.82213       4.938
    5    29   1899.461       3.80665       4.657
    5    30   1917.667       3.82452       4.674
    5    31   1914.688       3.81537       3.554
    5    32   1975.967       3.81536       5.085
    5    33   1892.768       3.79650       5.115
    5    34   1951.669       3.82404       4.181
    5    35   1896.550       3.80768       5.441
    5    36   1944.720       3.83489       3.573
    5    37   1895.070       3.80974       5.764
    5    38   1956.339       3.82764       3.789
    5    39   1895.966       3.81695       3.257
    5    40   1968.581       3.81450       4.157
    5    41   1923.334       3.80171       4.921
    5    42   1936.985       3.82410       2.897
    5    43   1910.688       3.80237       4.147
    5    44   1962.507       3.80663       5.193
    5    45   1922.130       3.80070       5.336
    5    46   1955.686       3.82187       4.432
    5    47   1906.228       3.80256       7.336
    5    48   1936.221       3.84279       3.272
    5    49   1881.030       3.82947       5.073
    5    50   1941.408       3.82064       3.063
    5    51   1916.477       3.82114       3.238
    5    52   1992.413       3.80441       3.308
    5    53   1912.754       3.81213       3.086
    5    54   1953.796       3.80988       4.590
    5    55   1906.181       3.81567       4.927
    5    56   1985.858       3.82730       3.627
    5    57   1878.163       3.81607       7.502
    5    58   1934.259       3.81766       5.031
    5    59   1896.342       3.80348       6.787
    5    60   1962.701       3.82035       2.560
    5    61   1867.449       3.80746       4.460
    5    62   1941.551       3.81820       5.096
    5    63   1884.383       3.81260       3.735
    5    64   1959.094       3.80537       6.051
    5    65   1870.714       3.80550       6.285
    5    66   1924.406       3.82931       5.102
    5    67   1881.714       3.81596       4.519
    5    68   1956.292       3.81419       3.938
    5    69   1929.116       3.81476       2.913
    5    70   1991.924       3.80705       4.989
    5    71   1910.470       3.81720       4.513
    5    72   1952.356       3.81845       4.165
    5    73   1899.964       3.79325       7.546
    5    74   1969.464       3.81962       3.787
    5    75   1905.786       3.79158       6.193
    5    76   1960.723       3.81715       5.066
    5    77   1916.194       3.81849       4.164
    5    78   1952.727       3.83791       3.147
    5    79   1883.413       3.81742       6.462
    5    80   1965.291       3.81564       3.894
    5    81   1873.181       3.81331       6.570
    5    82   1939.834       3.82614       4.249
    5    83   1864.596       3.81806       5.887
    5    84   1946.094       3.81583       5.032
    5    85   1902.781       3.80844       2.724
    5    86   1966.650       3.81328       4.276
    5    87   1899.246       3.80777       4.639
    5    88   1958.959       3.81559       2.444
    5    89   1896.260       3.80446       5.645
    5    90   1977.079       3.81968       6.907
    5    91   1864.449       3.81452       4.573
    5    92   1968.473       3.81310       5.844
    5    93   1896.304       3.82516       4.394
    5    94   1916.465       3.83304       6.705
    5    95   1898.284       3.81341       4.008
    5    96   1969.024       3.80875       5.394
    5    97   1902.137       3.81109       4.492
    5    98   1967.091       3.82117       4.317
    5    99   1861.721       3.81577       4.730
    5   100   1907.773       3.81231       5.261
    5   101   1889.647       3.80955       3.810
    5   102   1915.818       3.81552       4.845
    5   103   1905.830       3.80709       4.511
    5   104   1957.693       3.81613       4.466
    5   105   1925.434       3.81037       4.496
    5   106   1933.326       3.81087       5.737
    5   107   1920.971       3.80626       7.244
    5   108   1914.791       3.82656       4.187
    5   109   1898.677       3.80513       6.595
    5   110   1955.551       3.82505       2.865
    5   111   1890.291       3.81166       5.132
    5   112   1952.736       3.82881       4.298
    5   113   1882.881       3.82575       4.121
    5   114   1974.039       3.82256       3.536
    5   115   1878.272       3.80670       4.729
    5   116   1914.889       3.83255       3.685
    5   117   1872.803       3.81116       4.579
    5   118   1910.300       3.82129       4.093
    5   119   1863.569       3.80739       4.888
    5   120   1971.374       3.80999       4.750
    5   121   1895.977       3.80869       4.352
    5   122   1936.375       3.81301       4.460
    5   123   1893.397       3.81670       4.843
    5   124   1926.102       3.82358       4.296
    5   125   1891.912       3.82108       5.522
    5   126   1957.561       3.81960       4.185
    5   127   1898.851       3.81826       5.057
    5   128   1942.398       3.82740       3.717
    5   129   1893.517       3.81504       5.495
    5   130   1930.108       3.82634       3.430
    5   131   1888.069       3.81237       4.436
    5   132   1952.787       3.81636       5.597
    5   133   1863.449       3.81403       5.768
    5   134   1934.794       3.81157       4.375
    5   135   1913.969       3.79138       5.137
    5   136   1922.083       3.81588       5.324
    5   137   1907.378       3.80085       7.029
    5   138   1965.649       3.80978       5.744
    5   139   1889.592       3.79955       6.881
    5   140   1940.599       3.82394       4.818
    5   141   1922.541       3.80811       5.017
    5   142   1938.514       3.81980       4.180
    5   143   1887.567       3.80374       6.046
    5   144   1935.160       3.81734       4.143
    5   145   1876.841       3.81055       4.048
    5   146   1929.465       3.82148       4.080
    5   147   1882.572       3.80896       4.907
    5   148   1916.721       3.82768       3.690
    5   149   1908.685       3.81019       5.538
    5   150   1962.542       3.82108       3.048
    5   151   1898.932       3.80618       3.588
    5   152   1992.482       3.80884       4.933
    5   153   1911.232       3.80647       2.849
    5   154   1950.887       3.81798       4.080
    5   155   1915.182       3.79683       6.673
    5   156   1933.177       3.81687       5.325
    5   157   1904.438       3.81534       4.618
    5   158   1982.275       3.81415       4.738
    5   159   1911.397       3.81184       7.295
    5   160   1920.926       3.83265       3.906
    5   161   1876.572       3.82543       4.547
    5   162   1953.030       3.82624       5.222
    5   163   1897.403       3.82050       3.379
    5   164   1936.891       3.82663       2.431
    5   165   1890.528       3.81034       4.463
    5   166   1952.547       3.81929       3.634
    5   167   1847.335       3.80699       5.596
    5   168   1963.068       3.80762       4.675
    5   169   1912.249       3.80130       5.578
    5   170   1964.051       3.82117       5.033
    5   171   1904.003       3.81092       5.578
    5   172   1923.159       3.82946       4.022
    5   173   1936.483       3.81497       4.089
    5   174   1940.346       3.82707       3.401
    5   175   1897.749       3.82417       3.170
    5   176   1936.510       3.83112       4.491
    5   177   1866.645       3.82064       5.918
    5   178   1956.333       3.82322       3.907
    5   179   1870.176       3.81331       5.469
    5   180   1945.405       3.81466       4.644
    5   181   1896.151       3.79981       5.201
    5   182   1950.795       3.80469       6.277
    5   183   1864.915       3.80751       5.223
    5   184   1936.745       3.81416       5.597
    5   185   1898.235       3.80987       5.340
    5   186   1902.430       3.82160       4.364
    5   187   1911.874       3.80194       5.375
    5   188   1950.777       3.82007       4.991
    5   189   1849.803       3.81885       5.254
    5   190   1936.277       3.81690       3.500
    5   191   1854.111       3.81100       4.290
    5   192   1988.763       3.80384       3.322
    5   193   1911.605       3.80004       5.371
    5   194   1995.225       3.80364       6.202
    5   195   1891.595       3.80831       5.220
    5   196   1915.523       3.82832       5.387
    5   197   1929.803       3.80301       5.450
    5   198   1943.010       3.81523       6.248
    5   199   1905.449       3.81408       3.869
    5   200   1945.310       3.82231       3.860
    5   201   1884.909       3.80941       5.339
    5   202   1940.129       3.81452       3.963
    5   203   1888.765       3.79777       5.423
    5   204   1930.806       3.81539       3.571
    5   205   1902.468       3.80182       4.377
    5   206   1944.369       3.82450       5.130
    5   207   1932.188       3.81608       4.889
    5   208   1940.014       3.82098       4.251
    5   209   1913.984       3.80916       6.717
    5   210   1973.951       3.83160       3.027
    5   211   1903.444       3.81216       5.963
    5   212   1937.621       3.83116       4.169
    5   213   1886.116       3.81594       4.724
    5   214   1969.376       3.81245       3.391
    5   215   1928.819       3.80009       4.165
    5   216   1933.663       3.81226       4.743
    5   217   1867.636       3.80480       4.046
    5   218   1945.852       3.81180       5.020
    5   219   1918.623       3.79777       4.690
    5   220   1954.874       3.81993       3.995
    5   221   1892.163       3.80862       6.071
    5   222   1951.922       3.81540       4.799
    5   223   1902.123       3.81303       3.830
    5   224   1942.332       3.80889       5.322
    5   225   1916.723       3.80441       5.858
    5   226   1952.012       3.81498       4.646
    5   227   1914.009       3.80116       5.625
    5   228   1922.642       3.82780       4.166
    5   229   1930.288       3.80611       6.535
    5   230   1905.165       3.82941       5.011
    5   231   1924.171       3.80818       4.709
    5   232   1952.367       3.82424       3.080
    5   233   1940.476       3.80384       4.097
    5   234   1941.767       3.81538       3.191
    5   235   1900.793       3.80136       4.750
    5   236   1933.673       3.81718       4.456
    5   237   1902.780       3.81369       7.168
    5   238   1951.560       3.82188       4.995
    5   239   1942.734       3.81342       5.610
    5   240   1968.810       3.81926       4.866
    5   241   1904.605       3.81313       4.652
    5   242   1936.260       3.81258       4.678
    5   243   1910.841       3.80733       5.272
    5   244   1935.402       3.81594       5.241
    5   245   1900.660       3.81530       5.028
    5   246   1972.949       3.80089       6.584
    5   247   1852.447       3.80282       4.173
    5   248   1942.473       3.80110       6.466
    5   249   1904.670       3.81345       3.801
    5   250   1970.666       3.80486       5.226
    5   251   1901.712       3.80261       3.592
    5   252   1946.136       3.80679       5.599
    5   253   1868.783       3.79890       6.310
    5   254   1993.691       3.81339       5.162
    5   255   1935.278       3.80607       5.422
    5   256   1957.604       3.82514       4.831
    5   257   1928.592       3.79439       3.559
    5   258   1955.781       3.81886       3.127
    5   259   1891.909       3.79268       7.119
    5   260   1963.988       3.81395       5.303
    5   261   1911.211       3.80524       3.695
    5   262   1923.309       3.81846       5.033
    5   263   1903.968       3.80375       4.732
    5   264   1996.409       3.80800       6.284
    5   265   1867.991       3.81734       5.161
    5   266   1951.259       3.81763       3.392
    5   267   1890.993       3.80715       7.565
    5   268   1981.851       3.80902       5.915
    5   269   1868.322       3.80727       4.506
    5   270   1984.260       3.80529       5.440
    5   271   1881.955       3.79676       8.081
    5   272   1950.425       3.80445       4.744
    5   273   1904.169       3.80570       6.100
    5   274   1948.435       3.80719       5.555
    5   275   1913.989       3.81190       5.291
    5   276   1915.834       3.81423       6.336
    5   277   1912.177       3.80236       6.706
    5   278   1904.923       3.81418       4.777
    5   279   1904.489       3.79859       5.200
    5   280   1984.400       3.79870       5.342
    5   281   1906.541       3.79806       5.732
    5   282   1944.454       3.80533       5.047
    5   283   1889.054       3.80140       6.866
    5   284   1932.443       3.83059       4.253
    5   285   1912.270       3.80518       5.788
    5   286   1930.559       3.80794       4.788
    5   287   1941.312       3.80927       4.026
    5   288   1990.862       3.81631       2.656
    5   289   1887.565       3.80089       5.116
    5   290   1965.683       3.81015       6.424
    5   291   1880.855       3.80871       5.741
    5   292   1915.454       3.81744       3.650
    5   293   1874.001       3.80944       6.031
    5   294   1976.689       3.81633       3.458
    5   295   1915.105       3.80184       4.871
    5   296   1978.427       3.80683       3.905
    5   297   1892.799       3.81461       3.986
    5   298   1941.422       3.81463       4.290
    5   299   1874.683       3.79828       5.682
    5   300   1958.586       3.80070       6.664
    5   301   1910.431       3.79458       4.236
    5   302   1982.349       3.80411       4.235
    5   303   1891.270       3.80253       5.441
    5   304   1931.509       3.82888       3.793
    5   305   1880.021       3.82557       5.460
    5   306   1951.973       3.82591       4.350
    5   307   1870.340       3.81422       6.358
    5   308   1954.150       3.82327       3.082
    5   309   1890.026       3.80619       4.237
    5   310   1951.334       3.82317       2.244
    5   311   1882.973       3.80659       4.584
    5   312   1918.311       3.82538       3.716
    5   313   1889.760       3.80816       4.723
    5   314   1933.345       3.82159       6.704
    5   315   1904.611       3.80853       5.657
    5   316   1961.212       3.82628       3.947
    5   317   1912.557       3.80602       5.759
    5   318   1924.149       3.82107       3.755
    5   319   1872.557       3.81488       3.469
    5   320   1939.130       3.80970       3.356
    5   321   1904.264       3.79519       4.766
    5   322   1911.488       3.81856       4.311
    5   323   1883.148       3.79590       8.571
    5   324   1915.801       3.81893       4.373
    5   325   1928.440       3.78756       6.832
    5   326   1979.619       3.81554       5.308
    5   327   1865.978       3.81239       5.090
    5   328   1912.844       3.82178       3.754
    5   329   1902.084       3.81862       5.172
    5   330   1912.042       3.80695       6.769
    5   331   1887.168       3.81380       6.010
    5   332   1923.004       3.81991       4.704
    5   333   1887.453       3.82043       3.798
    5   334   1944.672       3.80574       5.408
    5   335   1905.601       3.80428       5.469
    5   336   1917.995       3.80933       5.180
    5   337   1889.909       3.80760       5.623
    5   338   1979.837       3.81476       5.397
    5   339   1930.709       3.79468       4.742
    5   340   1939.335       3.81170       3.885
    5   341   1924.658       3.78829       5.747
    5   342   1959.050       3.80692       3.423
    5   343   1892.263       3.80130       5.749
    5   344   1969.676       3.81023       4.278
    5   345   1924.167       3.80595       3.261
    5   346   1962.205       3.81012       4.555
    5   347   1893.779       3.81321       6.020
    5   348   1936.757       3.83381       6.260
    5   349   1882.036       3.81702       4.741
    5   350   1935.933       3.82641       3.250
    5   351   1893.216       3.81860       2.784
    5   352   1969.173       3.80948       2.474
    5   353   1855.727       3.80446       6.299
    5   354   1930.606       3.80971       5.562
    5   355   1891.688       3.79895       5.144
    5   356   1924.912       3.80770       8.007
    5   357   1913.207       3.79096       8.197
    5   358   1919.426       3.81594       3.379
    5   359   1950.013       3.78885       5.496
    5   360   1980.065       3.80290       4.507
    5   361   1876.725       3.80349       5.079
    5   362   1930.850       3.81595       4.270
    5   363   1890.991       3.79953       6.721
    5   364   1962.750       3.80760       4.883
    5   365   1898.964       3.80429       4.212
    5   366   1957.439       3.80996       4.057
    5   367   1866.036       3.79849       5.351
    5   368   1931.278       3.82362       4.808
    5   369   1922.531       3.80056       5.470
    5   370   1935.308       3.80566       6.223
    5   371   1891.343       3.80333       4.803
    5   372   1931.658       3.81346       5.403
    5   373   1879.379       3.79786       3.948
    5   374   1974.449       3.80032       4.872
    5   375   1896.797       3.79983       5.625
    5   376   1937.057       3.80798       3.178
    5   377   1857.076       3.79130       6.330
    5   378   1944.368       3.80825       4.586
    5   379   1913.898       3.80530       5.036
    5   380   1953.246       3.82095       4.978
    5   381   1900.362       3.81087       5.186
    5   382   1937.660       3.81786       3.395
    5   383   1889.773       3.81355       4.478
    5   384   1954.869       3.82243       3.041
    5   385   1904.603       3.80505       3.982
    5   386   1954.156       3.80775       3.340
    5   387   1927.017       3.79493       4.096
    5   388   1926.777       3.81203       3.785
    5   389   1921.602       3.78546       6.347
    5   390   1932.176       3.81097       4.590
    5   391   1909.153       3.79848       5.669
    5   392   1953.047       3.81366       4.581
    5   393   1891.289       3.80688       5.641
    5   394   1916.212       3.81363       5.237
    5   395   1869.130       3.81626       4.279
    5   396   1917.477       3.82439       4.470
    5   397   1883.232       3.81340       4.758
    5   398   1956.841       3.80894       3.905
    5   399   1904.061       3.79909       4.771
    5   400   1886.954       3.80905       4.990
    5   401   1916.917       3.79680       7.668
    5   402   1939.054       3.80293       3.783
    5   403   1902.013       3.80483       4.060
    5   404   1963.877       3.80651       4.911
    5   405   1871.379       3.81426       3.958
    5   406   1976.726       3.82195       5.133
    5   407   1905.543       3.80658       4.435
    5   408   1911.739       3.81480       4.950
    5   409   1890.474       3.80837       5.799
    5   410   1926.468       3.81745       5.078
    5   411   1892.536       3.80069       6.636
    5   412   1971.871       3.81573       5.396
    5   413   1902.828       3.81109       3.799
    5   414   1987.800       3.80921       4.611
    5   415   1859.993       3.80996       5.442
    5   416   1939.282       3.81218       2.810
    5   417   1906.653       3.79995       3.861
    5   418   1943.009       3.80089       6.786
    5   419   1894.738       3.81058       5.209
    5   420   1936.167       3.79756       5.818
    5   421   1923.176       3.79055       6.387
    5   422   1912.577       3.79918       8.664
    5   423   1897.513       3.78835       6.701
    5   424   1958.817       3.81618       4.254
    5   425   1919.720       3.79792       6.404
    5   426   1961.791       3.80522       5.424
    5   427   1891.040       3.81211       5.171
    5   428   1942.761       3.80786       3.352
    5   429   1889.157       3.80802       4.948
    5   430   1958.434       3.80328       4.893
    5   431   1878.371       3.80468       3.863
    5   432   1962.786       3.81678       5.235
    5   433   1872.360       3.80867       6.428
    5   434   1954.281       3.82271       4.636
    5   435   1919.293       3.80243       5.252
    5   436   1939.216       3.81552       3.598
    5   437   1880.714       3.81525       4.622
    5   438   1932.390       3.82103       3.157
    5   439   1882.531       3.80113       5.459
    5   440   1940.551       3.81349       5.921
    5   441   1895.873       3.80509       4.119
    5   442   1989.113       3.80328       3.842
    5   443   1905.276       3.79196       7.081
    5   444   1927.913       3.81516       4.756
    5   445   1861.167       3.80017       5.831
    5   446   1932.854       3.81618       4.909
    5   447   1935.707       3.79247       4.513
    5   448   1942.422       3.79805       5.179
    5   449   1872.216       3.79629       7.688
    5   450   1924.434       3.81626       4.158
    5   451   1874.837       3.80174       6.884
    5   452   1969.460       3.80373       5.486
    5   453   1894.152       3.79939       5.501
    5   454   1943.209       3.81126       5.444
    5   455   1870.996       3.80404       8.539
    5   456   1966.371       3.81625       5.117
    5   457   1906.775       3.79896       6.639
    5   458   1927.034       3.82308       4.557
    5   459   1882.468       3.80399       5.698
    5   460   1934.101       3.81343       4.386
    5   461   1865.300       3.81332       5.357
    5   462   1944.517       3.81670       3.359
    5   463   1879.873       3.79540       6.721
    5   464   1931.065       3.81367       6.167
    5   465   1930.109       3.80622       5.047
    5   466   1958.691       3.80493       5.021
    5   467   1925.138       3.79946       6.680
    5   468   1930.157       3.80924       5.124
    5   469   1865.009       3.79305       5.245
    5   470   1958.997       3.80046       4.153
    5   471   1911.457       3.79055       7.243
    5   472   1985.910       3.80462       3.716
    5   473   1934.464       3.78701       5.393
    5   474   1932.873       3.81032       5.738
    5   475   1912.508       3.80736       3.945
    5   476   1939.026       3.81152       4.995
    5   477   1913.364       3.80195       4.894
    5   478   1940.745       3.81645       4.734
    5   479   1879.965       3.80467       5.788
    5   480   1925.082       3.81960       5.242
    5   481   1882.442       3.80486       6.284
    5   482   1935.554       3.81600       3.781
    5   483   1912.149       3.80578       3.521
    5   484   1936.790       3.80500       5.201
    5   485   1906.987       3.80347       3.825
    5   486   1956.837       3.79862       5.928
    5   487   1905.565       3.79789       9.281
    5   488   1924.020       3.81028       6.890
    5   489   1873.618       3.80999       5.535
    5   490   1940.860       3.83121       4.630
    5   491   1894.133       3.81276       4.214
    5   492   1924.959       3.82755       4.395
    5   493   1917.787       3.81630       4.797
    5   494   1932.297       3.82141       2.780
    5   495   1856.294       3.80956       4.053
    5   496   1964.858       3.80429       5.181
    5   497   1892.240       3.78535       5.112
    5   498   1874.604       3.76873       4.505
    5   499   1842.699       3.75813       6.982
    5   500   1869.121       3.79175       5.980
    5   501   1809.617       3.77562       8.406
    5   502   1885.863       3.79184       5.596
    5   503   1854.933       3.79014       8.736
    5   504   1935.696       3.83402       4.614
    5   505   1905.925       3.79403       6.513
    5   506   1949.131       3.80242       4.369
    5   507   1883.082       3.80489       4.291
    5   508   1991.297       3.81143       5.420
    5   509   1823.434       3.81498       5.175
    5   510   1931.584       3.83136       3.473
    5   511   1866.001       3.81863       5.554
    5   512   1920.523       3.80774       6.229
    5   513   1889.844       3.81012       4.131
    5   514   1874.833       3.79791       5.291
    5   515   1884.693       3.78895       5.912
    5   516   1876.122       3.80182       4.130
    5   517   1848.958       3.79240       5.584
    5   518   1892.433       3.80503       6.337
    5   519   1863.639       3.78778       7.157
    5   520   1906.954       3.80612       5.115
    5   521   1874.266       3.79857       6.000
    5   522   1863.105       3.80194       5.792
    5   523   1879.742       3.79535       4.464
    5   524   1925.177       3.79355       4.661
    5   525   1903.395       3.79029       5.760
    5   526   1923.923       3.79734       3.721
    5   527   1869.928       3.79838       4.102
    5   528   1897.101       3.79190       5.015
    5   529   1874.287       3.79801       3.219
    5   530   1862.208       3.79024       8.420
    5   531   1864.059       3.79659       5.423
    5   532   1849.516       3.81627       5.436
    5   533   1881.423       3.79145       5.979
    5   534   1868.165       3.81011       4.470
    5   535   1922.711       3.79383       5.216
    5   536   1916.347       3.80319       4.989
    5   537   1882.958       3.80503       4.386
    5   538   1890.219       3.81358       2.725
    5   539   1935.238       3.79861       4.830
    5   540   1904.876       3.80370       4.521
    5   541   1866.575       3.79819       4.663
    5   542   1891.372       3.79617       4.937
    5   543   1881.371       3.79677       5.456
    5   544   1921.161       3.79716       6.227
    5   545   1863.876       3.79668       5.243
    5   546   1913.302       3.79768       5.232
    5   547   1871.040       3.79912       4.621
    5   548   1868.486       3.80388       5.124
    5   549   1884.582       3.79549       4.711
    5   550   1919.336       3.79517       5.312
    5   551   1918.352       3.79954       4.689
    5   552   1871.514       3.79519       5.706
    5   553   1894.538       3.78932       5.458
    5   554   1885.479       3.79467       8.234
    5   555   1924.210       3.79648       4.075
    5   556   1896.660       3.80635       4.535
    5   557   1870.700       3.80422       4.353
    5   558   1890.386       3.79466       4.132
    5   559   1891.873       3.80038       4.070
    5   560   1917.331       3.79642       4.206
    5   561   1850.499       3.80419       4.820
    5   562   1900.658       3.80492       4.711
    5   563   1885.011       3.79771       4.365
    5   564   1898.700       3.80849       4.367
    5   565   1857.406       3.81151       4.747
    5   566   1878.142       3.80542       5.141
    5   567   1864.386       3.80865       3.215
    5   568   1895.285       3.80423       3.600
    5   569   1889.751       3.78966       4.564
    5   570   1924.787       3.79462       5.212
    5   571   1895.453       3.78874       5.265
    5   572   1908.720       3.80770       5.542
    5   573   1865.605       3.78758       7.833
    5   574   1910.569       3.81188       4.183
    5   575   1875.616       3.79355       7.822
    5   576   1887.364       3.80108       4.665
    5   577   1829.580       3.79355       5.470
    5   578   1880.167       3.80406       7.136
    5   579   1885.481       3.79013       5.887
    5   580   1911.125       3.79228       5.293
    5   581   1865.760       3.79276       5.975
    5   582   1866.363       3.80668       6.489
    5   583   1866.740       3.80921       7.880
    5   584   1870.725       3.83113       6.379
    5   585   1872.785       3.80809       3.907
    5   586   1888.233       3.81306       4.555
    5   587   1885.292       3.80053       3.877
    5   588   1885.073       3.80737       3.547
    5   589   1897.665       3.79515       3.519
    5   590   1884.689       3.79875       3.939
    5   591   1874.772       3.79080       5.643
    5   592   1900.218       3.78868       6.986
    5   593   1881.092       3.77640       7.266
    5   594   1895.745       3.80445       5.598
    5   595   1925.019       3.78338       6.440
    5   596   1870.177       3.80537       4.046
    5   597   1897.960       3.79444       4.872
    5   598   1884.078       3.80940       4.006
    5   599   1882.423       3.79473       3.828
    5   600   1878.109       3.80427       4.077
    5   601   1901.391       3.79103       4.850
    5   602   1848.636       3.80489       3.654
    5   603   1903.030       3.79941       2.448
    5   604   1899.928       3.79402       4.932
    5   605   1884.468       3.78743       5.676
    5   606   1859.928       3.81092       5.129
    5   607   1879.011       3.78883       3.893
    5   608   1893.252       3.80393       4.601
    5   609   1892.479       3.79187       5.461
    5   610   1901.541       3.80180       4.989
    5   611   1882.506       3.79294       8.070
    5   612   1900.112       3.80133       4.481
    5   613   1858.476       3.81243       3.743
    5   614   1870.257       3.79752       4.200
    5   615   1908.207       3.79721       3.678
    5   616   1880.142       3.80126       3.332
    5   617   1864.368       3.78946       5.031
    5   618   1906.089       3.80146       3.966
    5   619   1933.602       3.79815       3.159
    5   620   1879.259       3.80098       5.552
    5   621   1916.627       3.78599       5.213
    5   622   1920.787       3.79138       5.393
    5   623   1881.501       3.79637       5.601
    5   624   1891.187       3.80795       6.172
    5   625   1845.822       3.80629       4.645
    5   626   1903.987       3.81356       5.995
    5   627   1888.343       3.81704       3.832
    5   628   1886.414       3.80565       5.907
    5   629   1917.455       3.80283       2.899
    5   630   1881.367       3.79490       2.849
    5   631   1894.407       3.77799       4.109
    5   632   1886.391       3.80652       3.388
    5   633   1896.996       3.78691       4.855
    5   634   1891.923       3.79965       5.749
    5   635   1899.160       3.80370       5.201
    5   636   1934.768       3.78614       0.253
    5   637   1888.399       3.79974       5.784
    5   638   1952.086       3.79764       5.381
    5   639   1856.866       3.81623       5.128
    5   640   1889.227       3.80944       3.808
    5   641   1884.942       3.79305       3.653
    5   642   1878.043       3.80080       6.221
    5   643   1935.809       3.79346       5.401
    5   644   1845.718       3.81067       3.647
    5   645   1913.953       3.79177       3.289
    5   646   1896.727       3.79893       5.133
    5   647   1875.155       3.79460       4.551
    5   648   1904.975       3.80454       4.170
    5   649   1862.482       3.78680       6.868
    5   650   1896.951       3.80936       3.708
    5   651   1897.047       3.78592       5.335
    5   652   1884.627       3.79450       4.941
    5   653   1904.985       3.79013       4.906
    5   654   1881.944       3.81384       4.377
    5   655   1893.625       3.80483       4.725
    5   656   1878.814       3.82048       3.820
    5   657   1932.967       3.79661       4.584
    5   658   1871.844       3.80943       4.392
    5   659   1902.146       3.79517       3.781
    5   660   1887.720       3.79954       3.740
    5   661   1885.558       3.79452       3.999
    5   662   1903.594       3.79425       3.402
    5   663   1899.220       3.78766       6.615
    5   664   1903.608       3.79703       5.637
    5   665   1901.306       3.79201       6.330
    5   666   1857.632       3.81745       4.578
    5   667   1918.170       3.78929       4.945
    5   668   1910.373       3.81277       3.626
    5   669   1911.210       3.80035       5.339
    5   670   1876.099       3.81034       4.245
    5   671   1892.363       3.80838       4.700
    5   672   1894.555       3.80825       4.527
    5   673   1886.357       3.80613       3.403
    5   674   1876.441       3.81882       3.971
    5   675   1874.956       3.80930       4.370
    5   676   1884.892       3.81300       3.608
    5   677   1891.679       3.79672       3.141
    5   678   1904.287       3.80571       2.570
    5   679   1885.672       3.79552       4.734
    5   680   1874.200       3.80236       4.189
    5   681   1880.966       3.79236       5.562
    5   682   1887.774       3.80580       5.158
    5   683   1905.734       3.80567       3.229
    5   684   1879.042       3.80714       6.310
    5   685   1910.400       3.79275       4.691
    5   686   1912.367       3.80265       3.591
    5   687   1887.993       3.79894       3.802
    5   688   1902.307       3.80445       4.054
    5   689   1867.330       3.79293       4.610
    5   690   1868.178       3.80745       4.923
    5   691   1909.294       3.79332       4.383
    5   692   1852.075       3.80537       5.145
    5   693   1882.748       3.79539       3.425
    5   694   1905.332       3.79697       5.525
    5   695   1883.979       3.79030       5.349
    5   696   1885.112       3.79804       5.548
    5   697   1905.176       3.78688       6.747
    5   698   1890.674       3.81244       6.526
    5   699   1893.823       3.80062       3.609
    5   700   1872.051       3.81050       5.429
    5   701   1893.743       3.80116       3.831
    5   702   1857.711       3.80687       5.432
    5   703   1858.929       3.80144       5.346
    5   704   1883.609       3.80730       3.979
    5   705   1912.460       3.79518       4.393
    5   706   1884.469       3.80738       5.445
    5   707   1869.319       3.79227       6.831
    5   708   1875.401       3.80838       3.284
    5   709   1916.590       3.78801       5.883
    5   710   1903.939       3.80967       4.358
    5   711   1843.592       3.80244       5.716
    5   712   1914.050       3.79382       5.633
    5   713   1903.271       3.78388       6.316
    5   714   1908.913       3.81096       4.453
    5   715   1905.177       3.79713       6.083
    5   716   1884.327       3.80412       6.744
    5   717   1874.351       3.80798       5.697
    5   718   1847.699       3.81630       5.999
    5   719   1889.408       3.80965       5.166
    5   720   1864.536       3.81013       4.540
    5   721   1923.945       3.79576       5.075
    5   722   1895.132       3.80663       4.246
    5   723   1881.898       3.79370       5.612
    5   724   1913.689       3.79748       4.584
    5   725   1899.000       3.79269       4.290
    5   726   1873.825       3.80402       5.856
    5   727   1899.594       3.78057       5.598
    5   728   1891.111       3.79826       7.116
    5   729   1872.197       3.79026       5.110
    5   730   1910.581       3.80995       5.777
    5   731   1864.770       3.80598       5.346
    5   732   1902.147       3.81815       4.251
    5   733   1907.279       3.80976       2.883
    5   734   1901.291       3.82016       1.702
    5   735   1863.113       3.80394       4.596
    5   736   1929.906       3.79882       4.246
    5   737   1849.932       3.80307       3.988
    5   738   1896.997       3.80214       5.853
    5   739   1884.549       3.80673       3.963
    5   740   1823.611       3.81280       7.624
    5   741   1870.761       3.80570       3.578
    5   742   1887.014       3.80454       4.972
    5   743   1861.259       3.80829       4.702
    5   744   1904.842       3.80032       4.162
    5   745   1909.517       3.79761       4.877
    5   746   1945.111       3.80746       4.126
    5   747   1881.295       3.80693       5.511
    5   748   1843.912       3.81685       3.746
    5   749   1870.079       3.80126       4.159
    5   750   1879.633       3.79757       6.239
    5   751   1869.657       3.78580       6.133
    5   752   1838.239       3.81001       3.210
    5   753   1873.987       3.79661       7.577
    5   754   1901.101       3.81297       4.275
    5   755   1899.416       3.79121       7.172
    5   756   1887.560       3.79342       6.556
    5   757   1902.075       3.79244       4.985
    5   758   1903.602       3.79919       6.938
    5   759   1865.588       3.80450       5.061
    5   760   1870.321       3.82259       3.297
    5   761   1869.172       3.79523       4.810
    5   762   1874.834       3.79462       4.607
    5   763   1868.496       3.79269       5.284
    5   764   1878.204       3.80604       3.196
    5   765   1878.681       3.79458       4.052
    5   766   1869.104       3.81536       3.319
    5   767   1876.320       3.79812       6.362
    5   768   1888.204       3.82024       4.860
    5   769   1874.168       3.81041       5.161
    5   770   1893.391       3.81576       4.139
    5   771   1876.536       3.79358       4.503
    5   772   1909.162       3.80221       2.255
    5   773   1861.875       3.79586       4.977
    5   774   1903.188       3.81515       6.721
    5   775   1899.867       3.80103       5.591
    5   776   1859.652       3.81608       4.891
    5   777   1872.073       3.78964       6.395
    5   778   1874.359       3.81159       4.417
    5   779   1858.702       3.80259       4.902
    5   780   1875.859       3.81050       3.836
    5   781   1879.223       3.79280       6.769
    5   782   1879.064       3.79353       7.741
    5   783   1896.920       3.77626       8.319
    5   784   1860.340       3.80288       6.603
    5   785   1881.768       3.79241       7.909
    5   786   1881.970       3.80366       4.460
    5   787   1899.972       3.79345       6.273
    5   788   1897.097       3.80771       4.394
    5   789   1850.430       3.80527       5.497
    5   790   1893.425       3.81596       4.178
    5   791   1910.967       3.79389       4.714
    5   792   1930.023       3.80114       4.757
    5   793   1874.102       3.80399       4.315
    5   794   1928.064       3.80113       3.595
    5   795   1884.315       3.80423       4.629
    5   796   1939.215       3.80410       3.641
    5   797   1914.479       3.79205       5.246
    5   798   1881.427       3.81620       5.341
    5   799   1833.381       3.80290       7.054
    5   800   1915.668       3.80815       4.556
    5   801   1881.298       3.81385       2.567
    5   802   1903.665       3.81082       4.337
    5   803   1892.300       3.80087       5.294
    5   804   1881.749       3.80569       4.573
    5   805   1874.238       3.79023       5.151
    5   806   1892.745       3.80001       3.021
    5   807   1886.603       3.79135       3.765
    5   808   1899.289       3.79624       4.947
    5   809   1896.923       3.78818       5.085
    5   810   1885.188       3.79666       6.638
    5   811   1909.099       3.79655       5.067
    5   812   1856.118       3.81448       4.410
    5   813   1941.236       3.78187       4.814
    5   814   1902.016       3.81309       4.883
    5   815   1879.235       3.80533       3.623
    5   816   1886.045       3.80442       4.290
    5   817   1906.195       3.79666       4.857
    5   818   1876.874       3.81113       3.215
    5   819   1878.210       3.79105       5.000
    5   820   1883.236       3.79578       5.080
    5   821   1873.370       3.79594       4.400
    5   822   1929.300       3.79588       4.650
    5   823   1892.787       3.80029       5.494
    5   824   1909.307       3.79832       6.536
    5   825   1838.816       3.80455       4.357
    5   826   1853.684       3.80858       7.993
    5   827   1915.922       3.79832       4.330
    5   828   1854.129       3.81874       3.760
    5   829   1902.996       3.79576       4.219
    5   830   1903.871       3.80524       3.695
    5   831   1922.950       3.79895       5.274
    5   832   1889.630       3.81363       3.367
    5   833   1878.559       3.80564       4.481
    5   834   1916.622       3.79716       4.912
    5   835   1903.316       3.79485       5.369
    5   836   1937.151       3.80312       3.622
    5   837   1879.421       3.79557       4.520
    5   838   1887.803       3.81409       4.376
    5   839   1908.148       3.80558       3.810
    5   840   1901.040       3.80585       4.130
    5   841   1877.030       3.80043       5.802
    5   842   1908.304       3.81114       4.528
    5   843   1907.398       3.80496       4.408
    5   844   1849.172       3.82110       2.995
    5   845   1879.465       3.80406       4.544
    5   846   1881.165       3.81949       2.840
    5   847   1861.929       3.80864       5.220
    5   848   1872.890       3.81939       3.348
    5   849   1876.694       3.79904       4.559
    5   850   1927.486       3.80768       4.474
    5   851   1920.485       3.79139       6.192
    5   852   1896.643       3.80508       4.262
    5   853   1867.589       3.80171       5.952
    5   854   1892.425       3.81802       2.983
    5   855   1859.155       3.80403       3.755
    5   856   1864.721       3.79535       4.193
    5   857   1885.809       3.78129       6.254
    5   858   1897.501       3.79735       5.165
    5   859   1889.427       3.79641       6.158
    5   860   1911.048       3.79793       7.022
    5   861   1916.545       3.77974       7.571
    5   862   1859.782       3.80788       5.391
    5   863   1874.775       3.79942       5.498
    5   864   1954.238       3.80392       4.966
    5   865   1896.739       3.79705       6.199
    5   866   1840.677       3.81231       5.114
    5   867   1869.829       3.81600       3.878
    5   868   1865.984       3.80146       3.285
    5   869   1881.654       3.79423       4.793
    5   870   1858.995       3.81277       4.582
    5   871   1895.606       3.80669       4.803
    5   872   1911.255       3.81255       4.759
    5   873   1926.984       3.80900       4.873
    5   874   1877.279       3.80744       4.416
    5   875   1903.572       3.80066       3.562
    5   876   1909.944       3.79519       4.092
    5   877   1871.989       3.79783       4.021
    5   878   1887.840       3.80455       3.201
    5   879   1878.581       3.78422       5.492
    5   880   1883.458       3.80558       5.123
    5   881   1850.071       3.79481       7.306
    5   882   1862.879       3.81942       4.918
    5   883   1904.483       3.79782       6.207
    5   884   1890.896       3.81434       3.400
    5   885   1860.373       3.80379       5.126
    5   886   1875.694       3.80798       4.290
    5   887   1867.307       3.80083       2.082
    5   888   1925.124       3.79717       4.708
    5   889   1872.716       3.80199       4.048
    5   890   1885.992       3.80130       5.401
    5   891   1892.631       3.78965       4.835
    5   892   1903.898       3.81923       2.517
    5   893   1892.736       3.79649       5.802
    5   894   1892.349       3.80412       4.951
    5   895   1883.469       3.80354       5.257
    5   896   1885.219       3.81204       3.474
    5   897   1886.648       3.79509       4.527
    5   898   1890.877       3.80039       4.581
    5   899   1882.604       3.79678       4.545
    5   900   1890.132       3.80327       3.673
    5   901   1845.903       3.79231       3.998
    5   902   1852.368       3.80626       4.892
    5   903   1912.311       3.79519       3.524
    5   904   1852.642       3.80396       6.320
    5   905   1896.359       3.78488       6.429
    5   906   1896.590       3.80328       7.503
    5   907   1877.031       3.80218       7.915
    5   908   1907.499       3.80286       5.563
    5   909   1876.954       3.80974       2.888
    5   910   1869.370       3.81260       5.175
    5   911   1857.330       3.80161       5.625
    5   912   1948.211       3.80057       5.743
    5   913   1851.614       3.80985       4.236
    5   914   1849.718       3.82039       3.363
    5   915   1899.825       3.80873       4.719
    5   916   1930.607       3.80254       3.444
    5   917   1889.327       3.79590       3.128
    5   918   1928.042       3.80481       4.927
    5   919   1888.545       3.79976       3.719
    5   920   1932.787       3.80453       6.230
    5   921   1912.302       3.80490       6.509
    5   922   1875.104       3.81453       4.783
    5   923   1864.229       3.79355       6.148
    5   924   1904.281       3.80183       2.957
    5   925   1890.356       3.79943       3.533
    5   926   1892.466       3.79904       5.712
    5   927   1846.848       3.81154       3.710
    5   928   1869.185       3.80921       4.290
    5   929   1879.344       3.79479       4.809
    5   930   1883.143       3.81088       4.510
    5   931   1881.459       3.80411       5.833
    5   932   1868.225       3.82804       4.109
    5   933   1853.037       3.80325       4.248
    5   934   1907.372       3.80945       5.169
    5   935   1875.005       3.80494       6.673
    5   936   1854.118       3.82359       4.154
    5   937   1888.272       3.80225       4.708
    5   938   1898.111       3.80739       3.986
    5   939   1866.021       3.79943       4.888
    5   940   1883.124       3.80395       4.418
    5   941   1878.774       3.78806       4.329
    5   942   1883.769       3.80898       4.989
    5   943   1918.278       3.79601       3.513
    5   944   1900.828       3.80922       3.759
    5   945   1860.215       3.79637       6.585
    5   946   1881.625       3.80693       4.743
    5   947   1883.030       3.80304       4.010
    5   948   1870.564       3.80652       4.275
    5   949   1863.840       3.80215       5.559
    5   950   1896.907       3.80893       4.224
    5   951   1902.484       3.80085       5.912
    5   952   1916.701       3.80380       3.084
    5   953   1899.216       3.79967       5.121
    5   954   1896.174       3.80415       4.923
    5   955   1896.639       3.80165       4.651
    5   956   1890.400       3.82239       3.077
    5   957   1884.263       3.80420       4.210
    5   958   1898.812       3.80905       5.084
    5   959   1877.316       3.81270       4.381
    5   960   1932.366       3.80982       3.843
    5   961   1883.434       3.79731       4.680
    5   962   1855.962       3.81730       5.121
    5   963   1901.723       3.79424       4.770
    5   964   1888.233       3.80565       5.798
    5   965   1892.482       3.79291       4.990
    5   966   1876.012       3.82386       5.053
    5   967   1865.701       3.80957       7.473
    5   968   1877.208       3.82534       4.438
    5   969   1892.387       3.80991       3.434
    5   970   1868.785       3.80588       5.050
    5   971   1923.222       3.79895       2.497
    5   972   1852.953       3.80090       3.828
    5   973   1887.232       3.78504       4.533
    5   974   1916.093       3.80500       4.592
    5   975   1897.566       3.79561       4.748
    5   976   1855.457       3.80887       6.620
    5   977   1883.930       3.79796       6.949
    5   978   1873.350       3.81962       7.598
    5   979   1911.068       3.81838       5.480
    5   980   1901.776       3.81606       5.328
    5   981   1893.801       3.80093       3.068
    5   982   1866.133       3.80787       2.236
    5   983   1903.279       3.79297       2.887
    5   984   1875.525       3.80197       4.701
    5   985   1922.122       3.78659       3.695
    5   986   1867.700       3.80389       4.576
    5   987   1885.615       3.79596       5.296
    5   988   1885.953       3.81235       4.087
    5   989   1887.895       3.79351       7.096
    5   990   1864.697       3.81082       3.595
    5   991   1858.205       3.80842       5.795
    5   992   1899.156       3.80258       4.579
    5   993   1856.816       3.80937       4.396
    5   994   1869.599       3.81542       6.536
    5   995   1871.888       3.81033       4.840
    5   996   1847.126       3.82168       3.086
    5   997   1880.699       3.81122       3.905
    5   998   1917.634       3.81103       5.709
    5   999   1884.074       3.80240       6.683
    5  1000   1899.516       3.80988       3.996
    5  1001   1887.656       3.79589       3.519
    5  1002   1891.768       3.80022       6.012
    5  1003   1846.074       3.81259       3.879
    5  1004   1883.135       3.81486       4.971
    5  1005   1899.606       3.81481       4.908
    5  1006   1879.411       3.81941       4.589
    5  1007   1903.056       3.81078       4.408
    5  1008   1882.442       3.81218       5.651
    5  1009   1906.957       3.81345       3.685
    5  1010   1863.204       3.80013       3.919
    5  1011   1865.392       3.80185       3.690
    5  1012   1930.698       3.79458       5.715
    5  1013   1893.770       3.79211       5.397
    5  1014   1913.254       3.81016       4.147
    5  1015   1853.596       3.80400       4.290
    5  1016   1864.398       3.80843       3.239
    5  1017   1929.187       3.77608       3.039
    5  1018   1941.512       3.80244       2.693
    5  1019   1868.318       3.79626       4.708
    5  1020   1893.353       3.81735       5.361
    5  1021   1893.546       3.81034       6.469
    5  1022   1885.628       3.82719       4.176
    5  1023   1869.366       3.82829       5.194
