   26     0   1915.509       3.82786       4.841
   26     1   1867.826       3.82212       3.888
   26     2   1882.598       3.82508       5.322
   26     3   1899.407       3.81797       4.856
   26     4   1895.894       3.83332       4.450
   26     5   1888.633       3.80688       5.766
   26     6   1935.374       3.82011       6.413
   26     7   1861.610       3.83318       5.016
   26     8   1942.612       3.83493       3.023
   26     9   1880.221       3.82615       4.884
   26    10   1922.310       3.84136       4.489
   26    11   1873.554       3.81458       4.684
   26    12   1924.449       3.83226       2.069
   26    13   1871.476       3.82098       2.550
   26    14   1912.779       3.82273       4.339
   26    15   1863.171       3.81903       3.278
   26    16   1917.719       3.82029       5.804
   26    17   1854.100       3.81000       5.207
   26    18   1855.110       3.82275       7.389
   26    19   1890.430       3.81778       5.255
   26    20   1886.700       3.83322       5.361
   26    21   1895.987       3.80415       4.458
   26    22   1899.204       3.83910       4.983
   26    23   1843.609       3.82945       3.673
   26    24   1947.460       3.83051       4.285
   26    25   1878.086       3.82670       3.448
   26    26   1917.420       3.83764       3.668
   26    27   1866.321       3.82789       2.559
   26    28   1906.004       3.82717       3.957
   26    29   1863.639       3.81220       4.013
   26    30   1942.789       3.83239       4.194
   26    31   1879.046       3.81168       4.049
   26    32   1930.603       3.83213       4.027
   26    33   1862.813       3.81638       4.714
   26    34   1929.698       3.82379       4.759
   26    35   1867.347       3.81601       4.401
   26    36   1887.685       3.83945       2.981
   26    37   1869.494       3.81551       4.753
   26    38   1932.379       3.82913       4.826
   26    39   1867.362       3.83092       3.610
   26    40   1920.938       3.82311       4.980
   26    41   1864.822       3.82428       5.710
   26    42   1864.990       3.83034       4.116
   26    43   1838.361       3.82253       3.554
   26    44   1923.312       3.82781       2.813
   26    45   1856.711       3.81726       5.515
   26    46   1941.150       3.81905       2.751
   26    47   1823.746       3.82506       3.930
   26    48   1933.180       3.80777       5.533
   26    49   1846.916       3.81695       5.166
   26    50   1923.390       3.83123       2.909
   26    51   1899.031       3.82417       3.920
   26    52   1908.243       3.82469       4.712
   26    53   1872.286       3.82499       5.395
   26    54   1924.579       3.83012       5.879
   26    55   1847.738       3.83588       3.800
   26    56   1909.865       3.83072       4.774
   26    57   1899.128       3.82493       3.245
   26    58   1936.125       3.82857       4.259
   26    59   1828.938       3.81558       3.821
   26    60   1897.614       3.82060       3.630
   26    61   1881.100       3.81507       3.227
   26    62   1945.944       3.81019       4.964
   26    63   1845.083       3.81005       5.889
   26    64   1927.528       3.81850       5.083
   26    65   1834.141       3.81507       5.946
   26    66   1917.917       3.82343       7.236
   26    67   1870.226       3.82727       4.578
   26    68   1913.056       3.83707       3.198
   26    69   1875.897       3.81569       6.327
   26    70   1913.293       3.84532       3.944
   26    71   1867.419       3.82754       5.236
   26    72   1937.660       3.83235       5.061
   26    73   1872.661       3.81464       6.838
   26    74   1917.676       3.82297       4.851
   26    75   1847.236       3.81708       4.753
   26    76   1934.479       3.81582       4.761
   26    77   1857.024       3.83046       2.914
   26    78   1919.458       3.83188       3.957
   26    79   1875.383       3.80897       5.360
   26    80   1889.676       3.82233       4.863
   26    81   1910.729       3.80792       4.188
   26    82   1921.389       3.82544       3.642
   26    83   1852.608       3.81893       4.361
   26    84   1947.290       3.81990       4.041
   26    85   1852.178       3.81324       5.157
   26    86   1917.212       3.82168       4.641
   26    87   1846.373       3.82284       4.280
   26    88   1934.448       3.82358       2.567
   26    89   1879.397       3.81966       4.235
   26    90   1877.001       3.82940       4.608
   26    91   1835.449       3.82374       3.719
   26    92   1925.450       3.82936       3.536
   26    93   1874.816       3.82137       5.080
   26    94   1896.412       3.82788       4.675
   26    95   1861.821       3.81931       5.148
   26    96   1888.985       3.83117       5.253
   26    97   1858.499       3.81418       3.762
   26    98   1945.387       3.82785       2.776
   26    99   1874.214       3.80836       5.948
   26   100   1926.808       3.80715       6.081
   26   101   1858.515       3.81072       4.739
   26   102   1921.345       3.82594       4.525
   26   103   1869.177       3.81593       6.453
   26   104   1908.440       3.83103       4.098
   26   105   1843.729       3.82962       5.083
   26   106   1916.104       3.82897       3.402
   26   107   1862.940       3.82432       3.661
   26   108   1890.480       3.84283       3.740
   26   109   1855.044       3.82416       3.342
   26   110   1920.045       3.82243       4.392
   26   111   1840.029       3.81885       4.729
   26   112   1903.052       3.82806       5.749
   26   113   1841.558       3.82946       4.146
   26   114   1893.529       3.83089       6.181
   26   115   1828.384       3.83385       4.713
   26   116   1931.825       3.81985       3.045
   26   117   1874.556       3.81403       3.444
   26   118   1924.764       3.81897       3.551
   26   119   1864.175       3.80715       3.858
   26   120   1958.699       3.81330       3.023
   26   121   1889.216       3.81282       4.479
   26   122   1897.182       3.82533       5.539
   26   123   1884.545       3.80797       4.991
   26   124   1918.016       3.82090       4.194
   26   125   1867.350       3.82111       5.027
   26   126   1896.141       3.83939       3.282
   26   127   1883.946       3.81857       2.840
   26   128   1900.332       3.82160       3.778
   26   129   1855.955       3.81591       3.741
   26   130   1938.877       3.82019       3.652
   26   131   1863.057       3.80776       3.642
   26   132   1910.391       3.81368       5.476
   26   133   1876.096       3.81076       5.494
   26   134   1949.453       3.82321       4.622
   26   135   1857.757       3.82579       5.859
   26   136   1868.655       3.83350       5.086
   26   137   1850.071       3.82669       3.614
   26   138   1941.347       3.83618       4.365
   26   139   1847.744       3.81263       4.471
   26   140   1933.993       3.81929       4.306
   26   141   1884.727       3.81183       6.573
   26   142   1939.335       3.82221       3.537
   26   143   1872.070       3.81228       6.549
   26   144   1918.148       3.81812       4.769
   26   145   1877.972       3.81460       4.876
   26   146   1956.369       3.81614       4.554
   26   147   1890.473       3.81308       5.203
   26   148   1924.075       3.82881       3.555
   26   149   1843.711       3.81408       5.008
   26   150   1924.285       3.82630       4.415
   26   151   1828.829       3.82103       3.450
   26   152   1904.174       3.81932       5.671
   26   153   1867.449       3.81824       5.329
   26   154   1943.368       3.82870       3.370
   26   155   1880.915       3.81963       4.951
   26   156   1904.241       3.83749       2.658
   26   157   1847.107       3.83085       4.384
   26   158   1922.470       3.83456       3.635
   26   159   1879.171       3.82364       4.052
   26   160   1942.494       3.82307       3.025
   26   161   1915.371       3.80749       3.854
   26   162   1933.320       3.82017       2.705
   26   163   1849.448       3.81595       3.470
   26   164   1895.983       3.82463       4.021
   26   165   1832.452       3.81913       4.629
   26   166   1928.944       3.81800       5.138
   26   167   1896.744       3.81117       4.709
   26   168   1913.086       3.82283       4.018
   26   169   1854.263       3.81284       5.790
   26   170   1904.267       3.83708       3.906
   26   171   1874.754       3.82307       4.873
   26   172   1933.211       3.83261       4.436
   26   173   1842.254       3.83002       2.836
   26   174   1932.512       3.82772       3.418
   26   175   1879.322       3.81510       2.776
   26   176   1936.546       3.81027       4.507
   26   177   1855.244       3.83088       3.894
   26   178   1928.835       3.81629       5.303
   26   179   1854.515       3.81455       6.149
   26   180   1915.474       3.82961       4.114
   26   181   1886.378       3.82250       3.301
   26   182   1945.242       3.81686       5.464
   26   183   1865.377       3.81877       5.029
   26   184   1906.959       3.82585       3.470
   26   185   1845.107       3.81547       3.477
   26   186   1881.300       3.82251       4.918
   26   187   1890.247       3.80846       4.997
   26   188   1883.652       3.84213       5.081
   26   189   1857.106       3.83476       3.101
   26   190   1928.183       3.83259       3.258
   26   191   1841.223       3.82559       3.492
   26   192   1888.970       3.81992       3.635
   26   193   1858.386       3.82007       3.383
   26   194   1855.661       3.82758       5.559
   26   195   1857.799       3.82565       5.507
   26   196   1900.724       3.83407       4.013
   26   197   1830.341       3.83190       4.114
   26   198   1903.402       3.82056       4.117
   26   199   1821.808       3.82284       4.060
   26   200   1889.792       3.82094       3.908
   26   201   1869.362       3.81963       2.732
   26   202   1867.013       3.81892       2.946
   26   203   1879.522       3.81444       4.595
   26   204   1922.855       3.81947       3.627
   26   205   1841.823       3.81079       4.440
   26   206   1905.580       3.81780       3.958
   26   207   1849.913       3.82300       4.269
   26   208   1895.032       3.83125       4.814
   26   209   1882.117       3.82365       7.552
   26   210   1926.664       3.82088       4.927
   26   211   1838.476       3.82224       4.387
   26   212   1898.653       3.83461       3.523
   26   213   1854.833       3.81357       4.409
   26   214   1909.908       3.82490       4.848
   26   215   1870.094       3.82034       4.911
   26   216   1919.168       3.82271       4.082
   26   217   1855.550       3.82585       4.716
   26   218   1890.786       3.83365       3.437
   26   219   1857.308       3.81333       4.720
   26   220   1933.613       3.82768       2.990
   26   221   1874.797       3.80968       2.576
   26   222   1935.568       3.81854       3.644
   26   223   1846.390       3.82188       4.006
   26   224   1950.250       3.81374       4.835
   26   225   1886.206       3.81222       5.659
   26   226   1880.696       3.83294       3.797
   26   227   1903.497       3.81791       4.173
   26   228   1913.160       3.82351       4.623
   26   229   1825.270       3.82559       3.752
   26   230   1916.592       3.81878       4.300
   26   231   1831.656       3.81642       4.316
   26   232   1908.224       3.82094       4.652
   26   233   1845.412       3.82212       3.403
   26   234   1955.666       3.81916       5.211
   26   235   1868.595       3.82040       5.915
   26   236   1906.037       3.82422       4.106
   26   237   1853.959       3.82313       3.949
   26   238   1940.520       3.82032       3.341
   26   239   1872.548       3.81638       3.460
   26   240   1894.756       3.81827       4.794
   26   241   1875.686       3.81000       4.466
   26   242   1904.083       3.82941       7.171
   26   243   1860.375       3.83674       4.677
   26   244   1954.595       3.82591       4.260
   26   245   1857.426       3.81848       5.452
   26   246   1888.997       3.82281       3.181
   26   247   1897.637       3.80269       3.516
   26   248   1913.585       3.82423       3.129
   26   249   1841.457       3.82302       4.746
   26   250   1924.979       3.82658       3.553
   26   251   1867.984       3.82585       5.090
   26   252   1912.068       3.83424       3.525
   26   253   1836.107       3.81887       5.444
   26   254   1900.486       3.82101       4.238
   26   255   1828.611       3.82110       3.306
   26   256   1953.684       3.82524       3.092
   26   257   1854.337       3.82472       3.740
   26   258   1933.097       3.81685       4.536
   26   259   1871.070       3.81391       6.240
   26   260   1911.599       3.82513       4.436
   26   261   1886.193       3.81585       4.255
   26   262   1936.570       3.82166       4.045
   26   263   1866.335       3.82395       3.424
   26   264   1890.122       3.82778       4.585
   26   265   1893.114       3.82494       4.002
   26   266   1915.069       3.82142       4.279
   26   267   1848.428       3.81677       4.848
   26   268   1903.214       3.81798       4.473
   26   269   1878.567       3.80741       5.317
   26   270   1880.861       3.82923       4.479
   26   271   1878.803       3.81603       5.191
   26   272   1944.214       3.81855       4.346
   26   273   1818.417       3.81981       4.577
   26   274   1912.000       3.83333       5.171
   26   275   1884.294       3.81319       6.282
   26   276   1938.533       3.83150       4.001
   26   277   1872.899       3.82472       6.361
   26   278   1904.946       3.82940       2.872
   26   279   1873.643       3.82135       4.655
   26   280   1893.020       3.83581       2.891
   26   281   1880.988       3.81694       3.896
   26   282   1903.552       3.81768       3.230
   26   283   1845.247       3.82089       3.805
   26   284   1900.775       3.81783       3.500
   26   285   1862.234       3.80627       5.194
   26   286   1910.547       3.82489       4.395
   26   287   1803.619       3.82489       5.890
   26   288   1896.111       3.83188       5.586
   26   289   1858.010       3.82183       4.631
   26   290   1912.785       3.82557       5.420
   26   291   1848.736       3.82202       4.577
   26   292   1954.626       3.83037       3.572
   26   293   1885.756       3.81794       4.648
   26   294   1936.390       3.80985       3.433
   26   295   1853.278       3.82652       4.004
   26   296   1942.336       3.82096       4.106
   26   297   1882.161       3.80709       3.714
   26   298   1913.777       3.81840       3.975
   26   299   1845.844       3.81523       4.415
   26   300   1944.266       3.81524       4.545
   26   301   1891.842       3.81379       6.898
   26   302   1892.038       3.82392       4.531
   26   303   1870.885       3.80969       3.818
   26   304   1878.847       3.83398       4.046
   26   305   1844.291       3.81189       4.739
   26   306   1914.925       3.82234       4.371
   26   307   1868.740       3.81662       4.561
   26   308   1914.855       3.82384       4.743
   26   309   1873.297       3.82232       4.855
   26   310   1890.168       3.81632       3.650
   26   311   1865.512       3.82293       3.773
   26   312   1884.333       3.82741       3.952
   26   313   1878.328       3.81646       4.708
   26   314   1900.740       3.82225       4.016
   26   315   1848.433       3.81945       3.489
   26   316   1935.035       3.82597       3.278
   26   317   1855.991       3.81383       5.932
   26   318   1879.896       3.82552       5.549
   26   319   1865.641       3.80740       4.125
   26   320   1926.588       3.82110       4.555
   26   321   1888.231       3.82274       3.856
   26   322   1897.006       3.83271       5.282
   26   323   1894.416       3.82030       4.747
   26   324   1850.572       3.83395       5.821
   26   325   1823.944       3.82766       5.806
   26   326   1901.952       3.81713       5.117
   26   327   1867.567       3.81942       3.318
   26   328   1932.445       3.81624       4.596
   26   329   1843.925       3.80865       3.634
   26   330   1905.894       3.81288       5.777
   26   331   1892.322       3.81111       5.950
   26   332   1913.498       3.82828       5.119
   26   333   1866.937       3.81976       4.463
   26   334   1865.015       3.82079       5.540
   26   335   1879.020       3.81276       5.140
   26   336   1902.363       3.82278       3.171
   26   337   1858.694       3.81416       4.701
   26   338   1908.680       3.81351       4.032
   26   339   1867.727       3.82046       3.982
   26   340   1885.563       3.81982       4.298
   26   341   1874.684       3.81387       5.164
   26   342   1920.327       3.81359       3.668
   26   343   1861.633       3.81712       5.603
   26   344   1934.187       3.82225       5.125
   26   345   1838.067       3.82148       4.677
   26   346   1922.916       3.83039       4.033
   26   347   1861.821       3.81239       5.567
   26   348   1924.278       3.83008       4.064
   26   349   1828.654       3.82640       4.950
   26   350   1896.428       3.82842       4.191
   26   351   1894.058       3.81463       5.940
   26   352   1933.696       3.82679       5.319
   26   353   1884.198       3.81605       5.041
   26   354   1904.533       3.81269       3.960
   26   355   1869.768       3.81606       3.625
   26   356   1921.917       3.80960       3.687
   26   357   1890.209       3.81175       4.729
   26   358   1908.451       3.81671       5.708
   26   359   1843.578       3.82026       5.302
   26   360   1923.323       3.82109       3.854
   26   361   1874.676       3.81421       6.717
   26   362   1904.127       3.82156       5.090
   26   363   1888.125       3.81742       3.951
   26   364   1921.481       3.83119       4.364
   26   365   1883.881       3.82387       5.260
   26   366   1923.077       3.82260       3.891
   26   367   1836.359       3.81357       5.025
   26   368   1928.023       3.82463       3.491
   26   369   1872.615       3.81418       3.999
   26   370   1914.227       3.81213       4.823
   26   371   1842.178       3.81532       4.723
   26   372   1927.381       3.81394       4.405
   26   373   1903.163       3.81031       3.310
   26   374   1911.432       3.82110       3.511
   26   375   1855.627       3.80857       4.182
   26   376   1951.314       3.81037       5.154
   26   377   1844.572       3.81385       5.995
   26   378   1918.850       3.82881       2.436
   26   379   1818.410       3.82578       5.483
   26   380   1910.442       3.83284       5.091
   26   381   1879.840       3.81955       6.886
   26   382   1941.820       3.81940       3.357
   26   383   1887.122       3.81653       4.043
   26   384   1917.512       3.81520       4.469
   26   385   1901.494       3.79655       2.870
   26   386   1912.622       3.80811       3.666
   26   387   1863.037       3.80891       5.440
   26   388   1891.231       3.82577       4.589
   26   389   1850.190       3.82561       4.688
   26   390   1935.845       3.82119       4.473
   26   391   1822.972       3.82156       4.456
   26   392   1909.242       3.83148       3.406
   26   393   1879.188       3.81698       5.382
   26   394   1880.466       3.83710       3.393
   26   395   1839.975       3.82851       4.534
   26   396   1893.859       3.83486       5.020
   26   397   1812.873       3.82575       4.631
   26   398   1912.183       3.81975       5.257
   26   399   1808.273       3.81620       4.249
   26   400   1934.188       3.81423       3.713
   26   401   1884.520       3.80314       5.880
   26   402   1939.606       3.81556       4.303
   26   403   1867.236       3.81741       3.463
   26   404   1842.037       3.82919       6.323
   26   405   1858.795       3.81220       6.157
   26   406   1910.490       3.82681       4.078
   26   407   1851.413       3.81335       5.098
   26   408   1915.717       3.83611       2.463
   26   409   1846.694       3.81361       3.482
   26   410   1949.897       3.80399       4.702
   26   411   1843.838       3.81082       3.370
   26   412   1880.778       3.82063       4.002
   26   413   1877.200       3.80272       6.047
   26   414   1933.010       3.81250       4.139
   26   415   1865.938       3.80654       4.617
   26   416   1971.868       3.81206       4.070
   26   417   1833.844       3.81880       4.978
   26   418   1913.239       3.81694       4.980
   26   419   1858.500       3.82239       4.722
   26   420   1891.610       3.83327       4.090
   26   421   1879.202       3.81743       5.192
   26   422   1949.101       3.82479       3.183
   26   423   1846.032       3.81709       4.399
   26   424   1888.114       3.82811       3.330
   26   425   1906.278       3.81112       3.512
   26   426   1900.546       3.82714       3.024
   26   427   1826.284       3.81415       3.505
   26   428   1881.669       3.82650       4.817
   26   429   1868.676       3.80137       5.041
   26   430   1931.055       3.81731       4.251
   26   431   1860.582       3.81695       5.675
   26   432   1939.435       3.81002       4.682
   26   433   1873.100       3.80710       4.226
   26   434   1913.344       3.81639       4.293
   26   435   1850.571       3.81661       3.729
   26   436   1933.464       3.81653       4.445
   26   437   1852.023       3.81765       5.097
   26   438   1890.264       3.82782       3.779
   26   439   1891.389       3.81373       4.752
   26   440   1909.932       3.81595       5.549
   26   441   1860.183       3.82018       6.086
   26   442   1910.480       3.82801       2.895
   26   443   1838.895       3.81741       3.124
   26   444   1956.276       3.81086       3.895
   26   445   1846.188       3.81265       3.567
   26   446   1900.864       3.81696       5.735
   26   447   1855.466       3.81259       4.765
   26   448   1947.955       3.81441       5.419
   26   449   1861.961       3.82079       3.152
   26   450   1919.244       3.81159       5.383
   26   451   1834.409       3.80448       6.887
   26   452   1916.569       3.82701       4.454
   26   453   1837.297       3.82237       3.675
   26   454   1944.855       3.81964       4.594
   26   455   1845.437       3.81872       4.441
   26   456   1942.425       3.81993       3.214
   26   457   1885.858       3.81426       4.794
   26   458   1917.035       3.82396       2.862
   26   459   1872.303       3.82390       2.870
   26   460   1919.937       3.81213       3.788
   26   461   1878.614       3.80897       3.986
   26   462   1894.438       3.81232       3.628
   26   463   1860.863       3.80769       4.779
   26   464   1904.595       3.82464       4.451
   26   465   1850.522       3.81886       6.101
   26   466   1914.392       3.81992       5.665
   26   467   1863.590       3.81843       5.410
   26   468   1928.793       3.81837       4.248
   26   469   1885.312       3.81988       4.358
   26   470   1918.489       3.82394       3.669
   26   471   1842.154       3.82803       3.708
   26   472   1931.383       3.82557       4.006
   26   473   1881.695       3.80799       5.662
   26   474   1927.275       3.81373       3.761
   26   475   1859.748       3.80527       3.964
   26   476   1919.099       3.81250       3.250
   26   477   1878.906       3.80204       4.550
   26   478   1937.821       3.80325       4.805
   26   479   1843.380       3.81168       4.693
   26   480   1918.401       3.82238       5.238
   26   481   1846.432       3.81326       5.675
   26   482   1844.701       3.83037       3.508
   26   483   1808.692       3.82039       3.799
   26   484   1897.475       3.82086       2.900
   26   485   1867.489       3.81846       3.741
   26   486   1925.966       3.82523       4.957
   26   487   1853.141       3.80933       4.050
   26   488   1900.246       3.82737       2.956
   26   489   1843.864       3.83588       2.863
   26   490   1921.646       3.82334       2.405
   26   491   1877.529       3.82293       3.434
   26   492   1943.662       3.81330       4.373
   26   493   1866.867       3.82218       3.950
   26   494   1890.122       3.83372       3.953
   26   495   1863.384       3.82625       3.764
   26   496   1873.882       3.82940       2.134
   26   497   1849.460       3.81372       4.661
   26   498   1865.084       3.78447       4.427
   26   499   1806.980       3.78719       4.160
   26   500   1850.500       3.80805       3.630
   26   501   1762.946       3.81935       4.343
   26   502   1842.302       3.81285       2.602
   26   503   1818.655       3.79922       6.326
   26   504   1960.565       3.83939       3.279
   26   505   1890.864       3.82942       3.036
   26   506   1936.366       3.82629       4.280
   26   507   1852.657       3.81386       4.646
   26   508   1942.069       3.81957       5.176
   26   509   1810.858       3.82711       6.497
   26   510   1934.307       3.82779       3.979
   26   511   1884.128       3.82530       5.044
   26   512   1854.759       3.81486       6.121
   26   513   1871.347       3.82338       4.790
   26   514   1847.625       3.82066       3.420
   26   515   1858.922       3.81357       4.302
   26   516   1856.014       3.81267       4.559
   26   517   1865.844       3.80944       3.808
   26   518   1863.906       3.80001       5.623
   26   519   1848.967       3.80230       7.761
   26   520   1866.563       3.81038       4.545
   26   521   1821.698       3.80620       6.644
   26   522   1868.401       3.81329       6.313
   26   523   1838.691       3.80983       3.203
   26   524   1843.757       3.81150       4.942
   26   525   1867.591       3.80201       5.945
   26   526   1856.591       3.82498       5.220
   26   527   1878.392       3.81175       5.679
   26   528   1843.669       3.82185       4.387
   26   529   1843.234       3.81191       3.686
   26   530   1832.702       3.81792       3.159
   26   531   1856.140       3.80481       4.630
   26   532   1862.699       3.81395       6.364
   26   533   1878.190       3.80927       4.645
   26   534   1838.670       3.82457       4.241
   26   535   1856.453       3.81525       4.975
   26   536   1853.627       3.81409       5.518
   26   537   1869.465       3.80522       4.573
   26   538   1807.313       3.83090       3.152
   26   539   1835.630       3.80022       4.643
   26   540   1863.541       3.80874       3.713
   26   541   1831.972       3.80703       3.187
   26   542   1861.547       3.80873       4.524
   26   543   1848.479       3.80899       3.906
   26   544   1865.369       3.81239       5.244
   26   545   1845.802       3.79980       4.164
   26   546   1823.592       3.81891       4.505
   26   547   1862.312       3.80308       4.647
   26   548   1860.835       3.80198       4.675
   26   549   1839.556       3.80093       5.168
   26   550   1839.199       3.81187       5.405
   26   551   1885.342       3.81614       3.116
   26   552   1817.391       3.82358       3.966
   26   553   1854.275       3.81816       3.899
   26   554   1820.759       3.81502       5.083
   26   555   1833.795       3.80265       3.660
   26   556   1839.659       3.81805       3.692
   26   557   1854.771       3.80698       4.715
   26   558   1855.528       3.82182       5.515
   26   559   1841.970       3.81609       3.605
   26   560   1856.222       3.81891       3.967
   26   561   1904.681       3.80592       4.558
   26   562   1848.292       3.80956       4.042
   26   563   1871.382       3.80877       4.395
   26   564   1872.062       3.80918       5.507
   26   565   1884.763       3.80397       3.774
   26   566   1859.804       3.81879       4.632
   26   567   1810.896       3.81475       4.467
   26   568   1889.937       3.81295       4.920
   26   569   1847.392       3.80718       4.300
   26   570   1837.438       3.80711       3.667
   26   571   1828.286       3.81677       3.839
   26   572   1871.088       3.81184       3.853
   26   573   1826.463       3.80351       5.432
   26   574   1823.921       3.81965       3.645
   26   575   1828.391       3.81127       3.519
   26   576   1829.959       3.80616       5.679
   26   577   1848.141       3.80323       4.271
   26   578   1829.405       3.81459       3.719
   26   579   1823.151       3.80829       4.710
   26   580   1842.969       3.81823       3.992
   26   581   1859.150       3.80189       4.570
   26   582   1833.894       3.80936       5.846
   26   583   1865.806       3.80962       4.122
   26   584   1858.132       3.81812       5.792
   26   585   1886.958       3.80556       5.550
   26   586   1843.648       3.82328       4.146
   26   587   1871.919       3.80465       7.516
   26   588   1836.628       3.82636       2.519
   26   589   1864.460       3.80890       3.811
   26   590   1842.189       3.80337       4.476
   26   591   1863.713       3.80399       4.340
   26   592   1844.040       3.80910       3.309
   26   593   1846.808       3.79439       4.147
   26   594   1815.882       3.80582       6.279
   26   595   1850.691       3.80883       5.186
   26   596   1838.466       3.81687       5.397
   26   597   1855.983       3.81150       6.471
   26   598   1850.785       3.82236       4.503
   26   599   1886.704       3.80655       4.068
   26   600   1860.995       3.82054       2.343
   26   601   1808.084       3.80805       4.413
   26   602   1886.552       3.82347       4.190
   26   603   1840.701       3.82383       2.406
   26   604   1853.143       3.82629       4.692
   26   605   1815.115       3.82382       3.109
   26   606   1844.992       3.80516       4.280
   26   607   1806.190       3.80743       3.402
   26   608   1847.841       3.81067       3.745
   26   609   1842.405       3.80328       4.320
   26   610   1848.625       3.81458       4.911
   26   611   1811.099       3.82269       5.208
   26   612   1861.140       3.80838       6.078
   26   613   1894.112       3.79855       5.760
   26   614   1852.763       3.80317       6.458
   26   615   1849.697       3.80718       3.959
   26   616   1862.148       3.81621       4.204
   26   617   1850.669       3.81474       4.645
   26   618   1858.613       3.81464       6.450
   26   619   1855.040       3.81598       5.280
   26   620   1820.480       3.81729       4.967
   26   621   1880.886       3.80028       3.818
   26   622   1840.203       3.80769       6.075
   26   623   1853.514       3.81052       4.714
   26   624   1855.518       3.81232       4.467
   26   625   1827.432       3.80934       4.297
   26   626   1834.796       3.81934       2.779
   26   627   1869.239       3.80161       5.055
   26   628   1829.215       3.82246       3.796
   26   629   1897.624       3.81021       4.378
   26   630   1848.934       3.82099       4.168
   26   631   1849.012       3.81566       3.389
   26   632   1891.970       3.80433       3.716
   26   633   1868.813       3.80667       3.220
   26   634   1859.216       3.81438       4.006
   26   635   1829.731       3.81112       3.094
   26   636   1851.599       3.81214       3.973
   26   637   1880.181       3.80463       3.306
   26   638   1885.557       3.81532       5.263
   26   639   1838.430       3.80962       4.912
   26   640   1849.744       3.81622       4.119
   26   641   1845.210       3.81839       4.076
   26   642   1826.594       3.81427       6.157
   26   643   1864.195       3.81117       4.411
   26   644   1864.585       3.80786       4.161
   26   645   1866.513       3.80140       4.633
   26   646   1834.882       3.81073       4.381
   26   647   1857.091       3.80643       6.382
   26   648   1856.678       3.81014       5.317
   26   649   1840.849       3.81789       3.314
   26   650   1834.118       3.82035       4.880
   26   651   1860.984       3.81496       5.284
   26   652   1842.461       3.81446       6.495
   26   653   1859.956       3.81707       3.866
   26   654   1890.406       3.81614       3.332
   26   655   1867.393       3.80927       3.972
   26   656   1894.070       3.79925       4.727
   26   657   1859.284       3.80321       3.979
   26   658   1870.252       3.81312       4.149
   26   659   1852.550       3.80529       4.780
   26   660   1864.050       3.82281       3.374
   26   661   1866.758       3.80340       6.305
   26   662   1863.771       3.80800       5.779
   26   663   1878.363       3.80937       4.866
   26   664   1882.873       3.82039       4.428
   26   665   1872.939       3.81385       5.122
   26   666   1855.050       3.82394       4.435
   26   667   1864.558       3.81157       3.752
   26   668   1851.406       3.81684       4.847
   26   669   1866.869       3.81321       4.399
   26   670   1817.110       3.81416       5.488
   26   671   1846.748       3.80556       3.566
   26   672   1843.768       3.81895       4.775
   26   673   1827.557       3.80474       4.071
   26   674   1866.755       3.80995       3.775
   26   675   1811.208       3.80699       5.228
   26   676   1882.339       3.80224       6.206
   26   677   1852.954       3.81490       3.124
   26   678   1823.328       3.81875       5.783
   26   679   1859.506       3.81847       4.323
   26   680   1850.967       3.81757       3.937
   26   681   1821.762       3.82514       3.769
   26   682   1868.213       3.81406       6.438
   26   683   1831.593       3.82283       4.219
   26   684   1826.686       3.81628       3.445
   26   685   1901.245       3.80496       2.541
   26   686   1851.564       3.80912       4.860
   26   687   1890.172       3.80062       5.589
   26   688   1826.631       3.81143       5.742
   26   689   1871.892       3.80523       3.933
   26   690   1868.578       3.81337       4.430
   26   691   1842.025       3.81733       3.491
   26   692   1868.258       3.81531       5.986
   26   693   1871.669       3.80348       5.296
   26   694   1862.932       3.81829       4.115
   26   695   1852.261       3.80416       4.572
   26   696   1866.139       3.80599       3.887
   26   697   1846.954       3.80216       3.839
   26   698   1869.202       3.80983       5.183
   26   699   1860.517       3.80787       4.648
   26   700   1826.342       3.81627       4.289
   26   701   1867.796       3.80602       4.682
   26   702   1849.012       3.81044       6.681
   26   703   1865.409       3.80657       6.118
   26   704   1846.605       3.82479       3.979
   26   705   1827.265       3.81116       3.711
   26   706   1836.264       3.82172       2.324
   26   707   1869.151       3.81181       5.197
   26   708   1865.990       3.80633       5.380
   26   709   1858.438       3.80407       3.997
   26   710   1851.801       3.81298       4.183
   26   711   1861.745       3.80216       4.341
   26   712   1867.906       3.80901       4.103
   26   713   1837.214       3.80318       6.434
   26   714   1844.772       3.80817       5.537
   26   715   1869.951       3.81172       3.577
   26   716   1821.629       3.83318       4.950
   26   717   1857.559       3.80654       5.561
   26   718   1848.575       3.82965       3.724
   26   719   1862.434       3.81881       3.484
   26   720   1901.447       3.82136       3.122
   26   721   1854.101       3.80999       3.797
   26   722   1858.781       3.82230       3.500
   26   723   1825.674       3.81204       4.083
   26   724   1835.377       3.80995       2.792
   26   725   1846.418       3.81025       4.315
   26   726   1860.520       3.81635       4.808
   26   727   1813.753       3.80675       5.702
   26   728   1865.702       3.81042       4.220
   26   729   1801.728       3.81381       3.597
   26   730   1855.467       3.82226       3.187
   26   731   1836.662       3.81721       3.586
   26   732   1875.419       3.82172       3.956
   26   733   1823.525       3.82490       3.414
   26   734   1821.937       3.82597       2.943
   26   735   1863.643       3.81648       3.655
   26   736   1862.320       3.81808       3.535
   26   737   1850.864       3.81249       3.636
   26   738   1868.380       3.80872       5.057
   26   739   1829.234       3.81031       3.609
   26   740   1817.483       3.82481       4.046
   26   741   1862.891       3.80660       5.936
   26   742   1862.557       3.81383       4.321
   26   743   1853.773       3.80868       5.981
   26   744   1842.421       3.81920       4.529
   26   745   1814.118       3.81780       4.043
   26   746   1839.214       3.82806       4.794
   26   747   1831.779       3.81980       3.320
   26   748   1852.324       3.81882       4.817
   26   749   1845.482       3.80977       3.529
   26   750   1870.596       3.79929       4.646
   26   751   1839.136       3.80487       3.884
   26   752   1864.276       3.81296       4.110
   26   753   1815.293       3.81138       5.120
   26   754   1905.325       3.81740       5.799
   26   755   1848.593       3.82328       6.610
   26   756   1849.045       3.82636       3.239
   26   757   1853.151       3.80976       3.510
   26   758   1872.244       3.82198       2.571
   26   759   1839.065       3.81030       4.863
   26   760   1872.964       3.80987       4.704
   26   761   1868.419       3.81798       3.400
   26   762   1831.671       3.81640       3.426
   26   763   1821.881       3.80903       6.338
   26   764   1878.244       3.81521       4.853
   26   765   1866.279       3.80536       4.922
   26   766   1855.112       3.81269       4.071
   26   767   1883.936       3.80868       4.660
   26   768   1852.761       3.81601       5.192
   26   769   1816.244       3.81696       4.495
   26   770   1822.900       3.82686       4.955
   26   771   1842.631       3.81271       3.931
   26   772   1839.316       3.82224       3.395
   26   773   1882.566       3.80404       4.819
   26   774   1845.490       3.82300       5.782
   26   775   1882.716       3.81191       4.317
   26   776   1837.527       3.82480       3.934
   26   777   1859.628       3.81257       4.814
   26   778   1849.786       3.81427       5.702
   26   779   1857.834       3.81835       3.892
   26   780   1869.204       3.81416       4.495
   26   781   1819.525       3.82051       3.832
   26   782   1811.489       3.82889       4.428
   26   783   1874.156       3.82096       4.522
   26   784   1814.533       3.81765       4.721
   26   785   1856.733       3.81168       3.681
   26   786   1822.340       3.80805       6.247
   26   787   1821.826       3.82049       3.463
   26   788   1860.696       3.81875       5.684
   26   789   1858.447       3.81909       4.641
   26   790   1853.694       3.82169       3.343
   26   791   1854.404       3.81638       4.492
   26   792   1817.287       3.81234       4.072
   26   793   1893.890       3.80746       2.943
   26   794   1872.315       3.81109       5.015
   26   795   1823.751       3.81661       3.109
   26   796   1826.495       3.82253       3.262
   26   797   1834.041       3.80643       5.375
   26   798   1829.313       3.81831       4.253
   26   799   1834.054       3.80615       5.681
   26   800   1857.373       3.82225       5.380
   26   801   1823.355       3.82444       3.586
   26   802   1842.789       3.82442       5.448
   26   803   1860.494       3.81078       4.143
   26   804   1864.752       3.81797       3.980
   26   805   1865.399       3.81451       4.238
   26   806   1896.745       3.80902       4.573
   26   807   1889.259       3.80383       4.002
   26   808   1839.053       3.81771       4.916
   26   809   1910.460       3.79715       4.971
   26   810   1848.848       3.81329       4.210
   26   811   1894.673       3.79843       3.849
   26   812   1876.770       3.80859       3.245
   26   813   1849.571       3.79949       5.494
   26   814   1848.116       3.80823       4.586
   26   815   1839.705       3.81721       4.865
   26   816   1869.151       3.81751       5.059
   26   817   1823.061       3.82376       3.663
   26   818   1847.673       3.81296       4.136
   26   819   1835.977       3.81386       4.006
   26   820   1872.406       3.81348       5.556
   26   821   1853.285       3.80877       5.095
   26   822   1858.056       3.81410       5.802
   26   823   1877.059       3.80747       3.418
   26   824   1838.456       3.81489       5.939
   26   825   1842.581       3.80880       6.149
   26   826   1874.355       3.81449       3.642
   26   827   1848.476       3.81691       2.989
   26   828   1832.789       3.81666       5.461
   26   829   1882.788       3.79888       6.929
   26   830   1846.965       3.81855       3.793
   26   831   1863.893       3.81377       4.713
   26   832   1819.817       3.82348       4.123
   26   833   1859.550       3.81027       4.255
   26   834   1853.378       3.81250       4.361
   26   835   1854.614       3.81104       5.468
   26   836   1853.962       3.82440       4.639
   26   837   1833.473       3.81850       4.938
   26   838   1845.464       3.81810       5.429
   26   839   1849.152       3.81424       4.304
   26   840   1862.630       3.81826       5.001
   26   841   1888.434       3.80843       5.453
   26   842   1862.508       3.81421       5.021
   26   843   1844.458       3.81042       4.656
   26   844   1854.889       3.81533       3.715
   26   845   1848.898       3.80761       4.414
   26   846   1847.001       3.80630       4.527
   26   847   1860.719       3.81224       4.659
   26   848   1832.485       3.82455       3.104
   26   849   1853.976       3.80581       3.810
   26   850   1866.411       3.81672       4.926
   26   851   1863.030       3.82765       3.983
   26   852   1896.585       3.81339       5.341
   26   853   1853.323       3.82301       3.363
   26   854   1824.913       3.83131       5.201
   26   855   1856.594       3.82554       3.472
   26   856   1900.671       3.81912       3.442
   26   857   1846.643       3.80741       4.280
   26   858   1857.368       3.81280       3.799
   26   859   1859.062       3.82143       3.141
   26   860   1867.974       3.80717       5.462
   26   861   1892.695       3.80119       4.442
   26   862   1826.578       3.82167       5.690
   26   863   1839.028       3.81276       5.970
   26   864   1848.554       3.81925       4.981
   26   865   1837.706       3.81258       4.963
   26   866   1828.322       3.82068       4.594
   26   867   1865.170       3.81468       5.387
   26   868   1851.388       3.81254       4.661
   26   869   1842.149       3.80589       3.633
   26   870   1904.629       3.80896       4.856
   26   871   1833.836       3.81944       5.498
   26   872   1865.912       3.83162       2.941
   26   873   1902.760       3.81155       4.726
   26   874   1854.600       3.81441       7.105
   26   875   1808.167       3.81260       5.027
   26   876   1831.358       3.82038       3.977
   26   877   1863.870       3.81135       4.193
   26   878   1823.718       3.83233       2.880
   26   879   1857.747       3.81208       4.633
   26   880   1860.564       3.80999       5.314
   26   881   1864.276       3.81233       3.333
   26   882   1843.924       3.82190       3.381
   26   883   1853.519       3.80870       5.549
   26   884   1861.233       3.82001       3.782
   26   885   1833.090       3.81047       3.981
   26   886   1884.584       3.80815       3.520
   26   887   1846.823       3.81060       5.327
   26   888   1818.626       3.82383       4.128
   26   889   1806.422       3.81034       3.816
   26   890   1850.783       3.82014       4.825
   26   891   1845.418       3.81577       5.375
   26   892   1828.450       3.82743       4.341
   26   893   1847.983       3.81685       3.759
   26   894   1868.932       3.80785       4.509
   26   895   1834.717       3.80387       4.893
   26   896   1815.700       3.82192       4.833
   26   897   1831.353       3.81274       3.572
   26   898   1832.528       3.82223       5.247
   26   899   1881.689       3.81372       5.122
   26   900   1872.274       3.81086       5.181
   26   901   1831.209       3.80731       4.655
   26   902   1838.349       3.81773       5.633
   26   903   1839.865       3.82324       4.845
   26   904   1857.314       3.82321       4.601
   26   905   1842.980       3.81618       4.951
   26   906   1833.064       3.83543       4.524
   26   907   1865.658       3.80125       6.404
   26   908   1842.851       3.82345       3.887
   26   909   1843.347       3.81648       3.865
   26   910   1854.233       3.80199       6.356
   26   911   1877.004       3.80962       4.308
   26   912   1857.741       3.81364       5.953
   26   913   1836.889       3.81879       4.596
   26   914   1841.008       3.82305       3.449
   26   915   1862.147       3.81620       5.084
   26   916   1850.507       3.81691       3.329
   26   917   1829.020       3.82174       3.645
   26   918   1830.496       3.81613       5.199
   26   919   1863.712       3.82237       3.357
   26   920   1867.898       3.82375       4.927
   26   921   1825.271       3.82323       3.897
   26   922   1852.086       3.81997       3.633
   26   923   1851.481       3.81850       3.210
   26   924   1801.895       3.82465       4.049
   26   925   1852.996       3.80915       5.390
   26   926   1836.440       3.81811       4.382
   26   927   1833.718       3.80987       6.012
   26   928   1837.547       3.82259       5.730
   26   929   1862.677       3.82210       4.351
   26   930   1837.787       3.82082       5.347
   26   931   1836.537       3.82376       3.929
   26   932   1840.872       3.82308       3.837
   26   933   1854.898       3.80698       3.754
   26   934   1894.320       3.80538       4.478
   26   935   1847.442       3.81501       5.408
   26   936   1821.137       3.82093       6.640
   26   937   1845.814       3.81763       4.767
   26   938   1879.388       3.81341       4.539
   26   939   1849.097       3.80953       3.577
   26   940   1853.756       3.81780       4.341
   26   941   1878.386       3.81678       3.270
   26   942   1850.157       3.82269       4.996
   26   943   1858.195       3.82513       4.734
   26   944   1844.469       3.82377       3.998
   26   945   1895.749       3.80388       4.741
   26   946   1854.607       3.81676       4.266
   26   947   1864.527       3.80231       4.235
   26   948   1822.608       3.82709       5.044
   26   949   1829.149       3.82076       3.190
   26   950   1858.047       3.81647       4.833
   26   951   1874.409       3.80667       4.608
   26   952   1840.385       3.82111       4.368
   26   953   1841.111       3.80394       6.030
   26   954   1845.627       3.82161       3.980
   26   955   1844.503       3.81611       4.292
   26   956   1842.793       3.83576       4.157
   26   957   1874.959       3.80684       5.877
   26   958   1832.441       3.81426       3.804
   26   959   1840.900       3.81628       4.475
   26   960   1815.804       3.82182       5.187
   26   961   1841.172       3.81280       5.873
   26   962   1844.190       3.81402       4.535
   26   963   1879.514       3.81081       5.174
   26   964   1881.634       3.81783       4.900
   26   965   1880.815       3.81333       4.552
   26   966   1855.649       3.82439       7.382
   26   967   1843.677       3.82376       4.120
   26   968   1828.921       3.83394       4.112
   26   969   1849.237       3.82506       3.900
   26   970   1840.877       3.82982       2.873
   26   971   1882.165       3.81580       3.368
   26   972   1843.504       3.81409       3.877
   26   973   1836.545       3.79705       4.136
   26   974   1879.083       3.80495       4.705
   26   975   1856.497       3.80714       4.987
   26   976   1869.630       3.81800       6.385
   26   977   1867.315       3.81168       4.757
   26   978   1867.655       3.81546       4.492
   26   979   1862.475       3.81375       4.629
   26   980   1869.366       3.81424       5.870
   26   981   1853.172       3.81670       4.684
   26   982   1832.472       3.83030       3.679
   26   983   1861.382       3.81530       4.759
   26   984   1874.775       3.81411       4.749
   26   985   1887.841       3.81119       3.228
   26   986   1849.845       3.83086       3.797
   26   987   1862.654       3.82357       3.425
   26   988   1861.259       3.82619       4.129
   26   989   1893.662       3.81567       4.821
   26   990   1850.439       3.82459       5.208
   26   991   1841.464       3.81672       4.321
   26   992   1827.904       3.82203       4.654
   26   993   1819.306       3.81868       4.489
   26   994   1867.893       3.82398       4.054
   26   995   1805.126       3.82751       2.659
   26   996   1854.486       3.82568       5.497
   26   997   1891.843       3.81629       4.097
   26   998   1855.347       3.81443       5.272
   26   999   1836.711       3.80720       4.826
   26  1000   1851.731       3.82761       4.082
   26  1001   1858.435       3.81356       3.584
   26  1002   1860.362       3.81285       4.771
   26  1003   1853.121       3.82501       3.075
   26  1004   1890.592       3.81754       4.409
   26  1005   1864.458       3.82660       3.043
   26  1006   1844.386       3.83446       3.607
   26  1007   1849.728       3.83487       2.782
   26  1008   1834.706       3.83225       3.398
   26  1009   1831.323       3.82193       4.329
   26  1010   1795.598       3.81063       3.294
   26  1011   1800.583       3.81629       2.317
   26  1012   1836.499       3.80422       4.858
   26  1013   1822.959       3.82504       3.460
   26  1014   1847.288       3.81829       3.078
   26  1015   1840.703       3.80173       6.129
   26  1016   1836.934       3.82296       2.774
   26  1017   1832.858       3.80830       2.640
   26  1018   1852.749       3.81525       4.538
   26  1019   1814.161       3.82236       3.205
   26  1020   1838.262       3.81606       5.393
   26  1021   1839.713       3.81761       5.740
   26  1022   1863.753       3.82879       3.782
   26  1023   1840.122       3.81517       5.076
