    8     0   1839.576       3.83515       3.154
    8     1   1800.318       3.82513       4.811
    8     2   1843.382       3.82522       2.820
    8     3   1782.883       3.82198       3.633
    8     4   1867.421       3.81124       3.612
    8     5   1803.849       3.81747       5.218
    8     6   1876.958       3.81411       4.506
    8     7   1813.226       3.80946       7.272
    8     8   1860.095       3.81812       5.093
    8     9   1786.262       3.81860       4.950
    8    10   1853.809       3.81612       3.452
    8    11   1832.136       3.80689       4.090
    8    12   1874.688       3.82185       6.080
    8    13   1822.208       3.81629       5.309
    8    14   1865.643       3.79757       5.889
    8    15   1843.584       3.80704       4.431
    8    16   1871.840       3.80817       5.069
    8    17   1814.746       3.81305       7.711
    8    18   1842.612       3.81931       4.217
    8    19   1802.882       3.82303       6.070
    8    20   1838.472       3.82291       4.805
    8    21   1801.164       3.81641       4.556
    8    22   1872.143       3.81992       4.122
    8    23   1816.900       3.81769       3.839
    8    24   1871.077       3.80847       3.751
    8    25   1799.955       3.82912       2.912
    8    26   1871.527       3.82119       5.479
    8    27   1861.052       3.82136       2.872
    8    28   1844.690       3.81720       3.871
    8    29   1775.158       3.81804       5.402
    8    30   1865.358       3.82051       3.954
    8    31   1784.367       3.81132       5.162
    8    32   1883.526       3.80697       5.509
    8    33   1856.682       3.80878       5.210
    8    34   1860.746       3.82050       3.944
    8    35   1808.412       3.81310       5.287
    8    36   1850.594       3.81603       3.901
    8    37   1839.772       3.83257       2.627
    8    38   1847.036       3.81234       4.304
    8    39   1772.018       3.81833       3.826
    8    40   1848.317       3.81296       5.762
    8    41   1805.775       3.82456       3.941
    8    42   1894.574       3.81507       3.382
    8    43   1797.858       3.81651       5.717
    8    44   1853.491       3.82624       7.136
    8    45   1818.348       3.80691       5.793
    8    46   1862.809       3.81409       5.665
    8    47   1884.161       3.82553       4.709
    8    48   1859.569       3.82180       5.076
    8    49   1838.154       3.81881       3.877
    8    50   1888.545       3.80361       4.394
    8    51   1815.852       3.81038       4.921
    8    52   1888.422       3.79489       5.046
    8    53   1812.281       3.81419       4.576
    8    54   1827.619       3.82086       6.389
    8    55   1816.067       3.81794       7.033
    8    56   1876.165       3.83213       4.088
    8    57   1815.967       3.82419       6.480
    8    58   1835.732       3.81613       6.943
    8    59   1806.156       3.82123       3.344
    8    60   1841.185       3.81190       4.485
    8    61   1796.682       3.81987       2.650
    8    62   1837.824       3.81340       2.842
    8    63   1828.484       3.80526       5.121
    8    64   1834.970       3.79993       6.563
    8    65   1834.392       3.81027       5.668
    8    66   1846.223       3.80836       6.015
    8    67   1844.959       3.80819       5.985
    8    68   1838.759       3.81376       4.741
    8    69   1864.782       3.79635       6.722
    8    70   1878.920       3.81386       4.893
    8    71   1810.620       3.81936       5.319
    8    72   1871.909       3.82128       5.368
    8    73   1854.610       3.81677       3.377
    8    74   1834.503       3.80267       7.185
    8    75   1798.592       3.81123       6.621
    8    76   1858.024       3.83280       3.466
    8    77   1799.640       3.82955       2.979
    8    78   1890.657       3.81079       4.507
    8    79   1836.899       3.81061       4.894
    8    80   1885.760       3.81223       3.397
    8    81   1796.984       3.80573       4.977
    8    82   1892.509       3.79401       4.297
    8    83   1819.845       3.81459       4.606
    8    84   1842.713       3.81463       4.106
    8    85   1821.881       3.81185       6.604
    8    86   1906.553       3.82981       4.079
    8    87   1856.819       3.81473       5.730
    8    88   1848.308       3.82811       3.413
    8    89   1794.186       3.83036       3.338
    8    90   1851.527       3.81319       5.450
    8    91   1810.588       3.80982       6.176
    8    92   1881.010       3.80061       4.199
    8    93   1793.250       3.81173       3.347
    8    94   1857.985       3.80161       7.091
    8    95   1853.899       3.80962       5.183
    8    96   1866.169       3.80486       5.853
    8    97   1836.964       3.80524       6.447
    8    98   1866.492       3.81334       5.728
    8    99   1797.259       3.81346       5.123
    8   100   1869.908       3.80988       4.603
    8   101   1825.058       3.81733       4.935
    8   102   1843.435       3.83593       3.984
    8   103   1834.462       3.81907       5.122
    8   104   1862.202       3.81682       5.164
    8   105   1815.602       3.82227       4.254
    8   106   1841.207       3.81552       3.822
    8   107   1794.074       3.81076       4.211
    8   108   1871.813       3.80467       3.951
    8   109   1826.611       3.80665       3.337
    8   110   1908.938       3.80469       3.025
    8   111   1854.093       3.79689       4.363
    8   112   1866.346       3.81409       6.358
    8   113   1791.103       3.81669       6.525
    8   114   1930.005       3.80655       5.261
    8   115   1793.412       3.82089       5.577
    8   116   1850.167       3.81861       6.052
    8   117   1837.586       3.79528       5.838
    8   118   1864.136       3.81461       3.593
    8   119   1793.098       3.82214       5.854
    8   120   1862.506       3.81050       6.397
    8   121   1800.366       3.81294       4.012
    8   122   1850.674       3.81069       4.648
    8   123   1793.826       3.82081       5.008
    8   124   1851.595       3.82489       5.191
    8   125   1777.460       3.82239       3.590
    8   126   1852.581       3.81335       4.622
    8   127   1803.919       3.82380       5.093
    8   128   1838.864       3.82003       5.651
    8   129   1823.205       3.81005       4.803
    8   130   1868.917       3.80893       4.800
    8   131   1835.716       3.82321       2.538
    8   132   1868.614       3.80011       5.386
    8   133   1793.565       3.81394       4.649
    8   134   1863.821       3.81912       2.942
    8   135   1805.202       3.81083       6.119
    8   136   1823.459       3.81954       4.124
    8   137   1816.759       3.81809       4.521
    8   138   1849.077       3.81843       6.032
    8   139   1838.352       3.81778       5.165
    8   140   1839.991       3.81266       5.811
    8   141   1818.713       3.80758       5.285
    8   142   1876.591       3.82106       3.674
    8   143   1861.480       3.80863       6.969
    8   144   1832.103       3.80313       5.962
    8   145   1814.904       3.80860       4.928
    8   146   1849.299       3.81378       4.281
    8   147   1829.642       3.80481       7.102
    8   148   1887.316       3.80471       4.532
    8   149   1827.991       3.82093       4.792
    8   150   1844.304       3.81647       4.510
    8   151   1817.559       3.80699       6.774
    8   152   1921.483       3.79944       5.327
    8   153   1826.006       3.80710       4.291
    8   154   1858.218       3.80869       4.262
    8   155   1779.724       3.80600       5.891
    8   156   1896.945       3.81495       3.980
    8   157   1806.912       3.81117       5.316
    8   158   1863.491       3.80105       4.950
    8   159   1809.879       3.81255       5.046
    8   160   1856.821       3.83037       3.862
    8   161   1830.869       3.81982       4.588
    8   162   1830.863       3.82076       3.736
    8   163   1768.078       3.82526       3.143
    8   164   1859.768       3.82244       2.238
    8   165   1841.959       3.80513       4.194
    8   166   1853.615       3.81302       3.354
    8   167   1803.152       3.79578       3.758
    8   168   1876.490       3.80526       3.153
    8   169   1799.025       3.80250       4.338
    8   170   1854.373       3.80273       7.403
    8   171   1821.831       3.81302       5.914
    8   172   1862.860       3.81600       6.339
    8   173   1798.551       3.80909       5.984
    8   174   1844.875       3.83074       3.606
    8   175   1844.652       3.82213       2.864
    8   176   1882.389       3.82773       5.028
    8   177   1835.509       3.80839       4.434
    8   178   1852.905       3.81186       3.097
    8   179   1811.786       3.81083       4.618
    8   180   1842.777       3.80717       4.310
    8   181   1848.787       3.80196       5.665
    8   182   1827.707       3.80131       5.627
    8   183   1817.848       3.81716       6.236
    8   184   1842.172       3.82832       5.418
    8   185   1809.823       3.81945       4.575
    8   186   1841.269       3.83341       4.034
    8   187   1781.276       3.82508       3.497
    8   188   1867.530       3.82282       4.042
    8   189   1838.019       3.80197       5.477
    8   190   1847.113       3.80964       3.667
    8   191   1811.064       3.79842       4.139
    8   192   1884.756       3.79805       5.218
    8   193   1831.056       3.80254       4.429
    8   194   1876.374       3.81050       3.760
    8   195   1791.209       3.81688       4.886
    8   196   1855.699       3.81581       3.951
    8   197   1817.036       3.80592       5.711
    8   198   1830.562       3.81993       4.810
    8   199   1811.177       3.81030       5.585
    8   200   1899.246       3.80080       5.373
    8   201   1831.296       3.81042       3.471
    8   202   1892.436       3.80039       3.822
    8   203   1840.571       3.80412       4.733
    8   204   1863.732       3.81004       4.644
    8   205   1801.981       3.80582       6.028
    8   206   1875.487       3.79951       3.981
    8   207   1806.543       3.80356       7.419
    8   208   1854.949       3.82284       5.676
    8   209   1829.790       3.81157       5.388
    8   210   1865.211       3.81881       2.563
    8   211   1827.145       3.81133       4.131
    8   212   1872.017       3.79993       5.661
    8   213   1840.794       3.80497       2.570
    8   214   1842.192       3.80581       2.785
    8   215   1803.926       3.80873       4.200
    8   216   1839.009       3.81218       5.030
    8   217   1804.721       3.81071       5.296
    8   218   1878.899       3.80503       3.678
    8   219   1791.912       3.82380       5.445
    8   220   1889.943       3.80472       5.284
    8   221   1856.219       3.80218       6.459
    8   222   1846.625       3.80693       4.084
    8   223   1791.512       3.81155       5.599
    8   224   1884.063       3.80770       4.325
    8   225   1818.776       3.79791       4.951
    8   226   1819.416       3.81235       3.996
    8   227   1811.111       3.81591       5.257
    8   228   1836.999       3.82048       5.364
    8   229   1800.964       3.81229       5.605
    8   230   1866.512       3.81736       4.555
    8   231   1795.559       3.81141       4.499
    8   232   1845.511       3.82091       5.435
    8   233   1806.156       3.83040       3.920
    8   234   1905.748       3.81006       4.137
    8   235   1786.460       3.82271       4.940
    8   236   1860.550       3.81448       4.744
    8   237   1841.916       3.79285       3.955
    8   238   1872.414       3.79819       4.996
    8   239   1822.633       3.80794       5.253
    8   240   1878.686       3.80894       4.984
    8   241   1810.410       3.81061       5.890
    8   242   1876.923       3.81729       3.810
    8   243   1805.216       3.80909       6.511
    8   244   1830.685       3.80909       3.107
    8   245   1794.136       3.78872       6.225
    8   246   1899.864       3.79548       4.516
    8   247   1888.246       3.79337       4.938
    8   248   1850.263       3.80125       5.825
    8   249   1800.488       3.80691       4.373
    8   250   1866.264       3.80676       4.172
    8   251   1819.496       3.80438       5.913
    8   252   1886.258       3.80493       4.582
    8   253   1805.438       3.81217       5.223
    8   254   1903.872       3.80477       4.359
    8   255   1797.827       3.80550       6.205
    8   256   1869.028       3.79837       4.351
    8   257   1820.276       3.81818       4.171
    8   258   1838.038       3.81022       5.706
    8   259   1874.433       3.80675       7.546
    8   260   1881.823       3.79915       3.684
    8   261   1750.022       3.81316       4.386
    8   262   1881.790       3.79869       4.754
    8   263   1808.059       3.80546       5.652
    8   264   1833.255       3.80874       5.130
    8   265   1838.569       3.81139       5.518
    8   266   1833.922       3.81269       6.465
    8   267   1812.754       3.81057       6.310
    8   268   1819.183       3.82392       5.788
    8   269   1825.506       3.82604       4.247
    8   270   1835.438       3.81137       4.861
    8   271   1787.274       3.80165       6.309
    8   272   1849.928       3.80537       4.917
    8   273   1791.585       3.80299       4.686
    8   274   1873.773       3.81583       3.278
    8   275   1828.153       3.79280       6.576
    8   276   1892.302       3.80699       4.847
    8   277   1818.846       3.79665       6.473
    8   278   1881.774       3.79800       5.551
    8   279   1832.174       3.80746       6.053
    8   280   1879.404       3.81062       5.464
    8   281   1795.768       3.80991       4.990
    8   282   1840.405       3.82068       4.151
    8   283   1793.282       3.81292       7.943
    8   284   1827.887       3.81089       6.272
    8   285   1849.977       3.81610       4.536
    8   286   1856.470       3.81084       5.068
    8   287   1831.795       3.80966       4.652
    8   288   1885.391       3.81216       3.716
    8   289   1790.575       3.81459       3.547
    8   290   1848.923       3.80986       4.103
    8   291   1806.934       3.81872       3.705
    8   292   1828.958       3.81561       4.800
    8   293   1809.730       3.81563       4.369
    8   294   1860.797       3.82400       3.951
    8   295   1823.671       3.79763       6.183
    8   296   1886.716       3.80681       4.845
    8   297   1822.119       3.81003       4.886
    8   298   1851.527       3.81948       4.238
    8   299   1850.812       3.79960       5.533
    8   300   1901.854       3.80379       3.575
    8   301   1848.146       3.80681       4.558
    8   302   1883.391       3.81034       4.706
    8   303   1830.364       3.81655       4.340
    8   304   1889.130       3.80135       3.634
    8   305   1808.478       3.81282       2.834
    8   306   1842.514       3.80162       3.613
    8   307   1805.649       3.81893       3.743
    8   308   1880.795       3.80871       4.540
    8   309   1806.371       3.82150       4.085
    8   310   1869.012       3.82055       5.211
    8   311   1827.838       3.80844       5.847
    8   312   1833.327       3.81838       5.699
    8   313   1794.147       3.82327       4.513
    8   314   1879.836       3.79879       3.474
    8   315   1794.872       3.80904       3.911
    8   316   1869.671       3.80191       4.673
    8   317   1835.863       3.79563       3.383
    8   318   1853.596       3.79220       4.471
    8   319   1833.645       3.80044       4.880
    8   320   1883.421       3.79749       7.197
    8   321   1846.021       3.79675       7.183
    8   322   1903.820       3.80381       4.894
    8   323   1787.648       3.81316       5.641
    8   324   1858.378       3.81913       4.871
    8   325   1820.673       3.80537       5.664
    8   326   1836.496       3.81553       3.969
    8   327   1788.218       3.82201       3.343
    8   328   1837.533       3.82444       3.382
    8   329   1816.448       3.81652       3.898
    8   330   1851.442       3.82224       5.202
    8   331   1803.310       3.80964       6.802
    8   332   1869.262       3.81294       4.091
    8   333   1805.593       3.81961       3.092
    8   334   1822.869       3.81100       3.096
    8   335   1806.435       3.79726       4.476
    8   336   1847.347       3.81632       4.045
    8   337   1793.701       3.80685       5.166
    8   338   1826.671       3.81759       3.547
    8   339   1814.204       3.80553       4.563
    8   340   1865.977       3.80992       6.303
    8   341   1802.161       3.80598       5.527
    8   342   1893.008       3.79297       5.861
    8   343   1800.335       3.81426       3.885
    8   344   1883.131       3.80261       5.855
    8   345   1838.714       3.81659       3.484
    8   346   1856.456       3.80969       5.884
    8   347   1804.892       3.81789       4.100
    8   348   1868.838       3.81151       4.526
    8   349   1807.276       3.79712       4.980
    8   350   1871.634       3.80353       6.016
    8   351   1799.558       3.80747       5.425
    8   352   1890.106       3.80852       5.907
    8   353   1798.049       3.81357       5.833
    8   354   1897.382       3.80315       4.378
    8   355   1835.677       3.80401       4.990
    8   356   1852.498       3.81776       4.951
    8   357   1814.155       3.80996       5.455
    8   358   1837.633       3.80415       6.208
    8   359   1841.307       3.81200       6.217
    8   360   1860.478       3.80686       5.719
    8   361   1778.320       3.80989       5.192
    8   362   1827.372       3.80733       6.898
    8   363   1829.858       3.81297       5.903
    8   364   1858.582       3.82512       4.592
    8   365   1817.560       3.80845       5.012
    8   366   1857.982       3.81165       3.602
    8   367   1806.072       3.80481       4.685
    8   368   1825.162       3.80666       5.389
    8   369   1782.820       3.79869       3.832
    8   370   1853.710       3.80735       5.073
    8   371   1802.086       3.80912       5.474
    8   372   1857.132       3.80517       4.818
    8   373   1807.035       3.79650       6.762
    8   374   1867.531       3.81206       3.134
    8   375   1817.714       3.80507       5.557
    8   376   1894.905       3.79772       5.189
    8   377   1789.685       3.81433       3.911
    8   378   1886.934       3.81623       2.932
    8   379   1793.883       3.81155       4.113
    8   380   1877.092       3.79388       5.797
    8   381   1784.167       3.81397       4.980
    8   382   1839.243       3.79768       4.453
    8   383   1808.492       3.80466       4.843
    8   384   1861.856       3.80751       7.285
    8   385   1833.407       3.80612       5.975
    8   386   1848.976       3.81396       4.513
    8   387   1799.873       3.82539       3.585
    8   388   1890.164       3.80681       4.788
    8   389   1785.666       3.80968       5.280
    8   390   1819.918       3.80815       4.733
    8   391   1834.569       3.80608       4.021
    8   392   1825.077       3.82541       4.336
    8   393   1796.594       3.79838       6.649
    8   394   1857.651       3.80931       8.715
    8   395   1847.157       3.82079       5.524
    8   396   1890.682       3.81016       5.732
    8   397   1792.749       3.82090       4.164
    8   398   1886.171       3.80753       5.176
    8   399   1826.091       3.80722       4.124
    8   400   1853.328       3.80595       4.432
    8   401   1793.102       3.82151       3.428
    8   402   1857.002       3.82040       3.213
    8   403   1802.355       3.80628       5.260
    8   404   1862.091       3.81407       4.181
    8   405   1784.722       3.81324       4.391
    8   406   1862.115       3.79976       5.739
    8   407   1816.128       3.81173       6.806
    8   408   1845.780       3.82747       5.002
    8   409   1815.569       3.81839       4.345
    8   410   1839.536       3.81234       3.729
    8   411   1843.505       3.80020       4.265
    8   412   1848.457       3.80610       4.075
    8   413   1810.179       3.81004       3.128
    8   414   1842.653       3.81604       2.862
    8   415   1835.633       3.81411       5.266
    8   416   1891.637       3.80542       4.460
    8   417   1831.281       3.80297       4.201
    8   418   1862.967       3.80964       4.180
    8   419   1806.070       3.81479       4.125
    8   420   1845.105       3.81719       3.099
    8   421   1801.245       3.81233       3.184
    8   422   1903.333       3.80549       4.190
    8   423   1847.699       3.81390       4.876
    8   424   1849.828       3.81422       5.758
    8   425   1820.276       3.80929       4.135
    8   426   1872.756       3.79775       3.679
    8   427   1851.426       3.80287       4.730
    8   428   1867.158       3.80633       4.222
    8   429   1801.033       3.81256       7.335
    8   430   1867.433       3.81876       3.158
    8   431   1831.342       3.80792       5.387
    8   432   1860.844       3.81413       4.335
    8   433   1784.036       3.80882       6.076
    8   434   1878.985       3.79915       4.332
    8   435   1826.698       3.80498       6.755
    8   436   1858.115       3.81536       5.475
    8   437   1774.797       3.81133       5.238
    8   438   1862.502       3.81787       6.218
    8   439   1809.252       3.80798       5.675
    8   440   1828.512       3.81118       4.056
    8   441   1862.026       3.79937       6.473
    8   442   1868.841       3.79818       4.332
    8   443   1812.639       3.81862       3.506
    8   444   1881.046       3.82288       3.708
    8   445   1827.108       3.80396       6.113
    8   446   1842.705       3.81087       4.948
    8   447   1825.729       3.79699       5.623
    8   448   1860.506       3.80549       6.333
    8   449   1813.447       3.80704       4.039
    8   450   1833.382       3.81543       3.320
    8   451   1827.116       3.80145       3.937
    8   452   1866.529       3.80093       4.181
    8   453   1825.008       3.79709       4.858
    8   454   1861.692       3.80223       7.399
    8   455   1839.885       3.80659       6.036
    8   456   1824.912       3.81459       5.777
    8   457   1832.809       3.81131       7.576
    8   458   1896.992       3.80544       4.960
    8   459   1794.696       3.81472       5.762
    8   460   1854.752       3.80794       4.344
    8   461   1831.056       3.80342       4.165
    8   462   1898.052       3.79882       3.967
    8   463   1819.928       3.80096       4.780
    8   464   1882.373       3.80637       5.881
    8   465   1821.920       3.80647       6.486
    8   466   1846.591       3.81255       5.558
    8   467   1792.062       3.80851       5.340
    8   468   1856.233       3.80078       6.366
    8   469   1790.633       3.82063       4.467
    8   470   1844.618       3.81265       4.148
    8   471   1826.239       3.80460       5.698
    8   472   1885.039       3.80598       5.541
    8   473   1823.367       3.81122       3.122
    8   474   1866.277       3.80460       5.016
    8   475   1851.545       3.79656       7.930
    8   476   1874.384       3.80462       6.344
    8   477   1797.397       3.79872       7.333
    8   478   1877.050       3.80793       4.086
    8   479   1833.533       3.79916       6.361
    8   480   1888.692       3.80078       6.115
    8   481   1809.183       3.81681       6.329
    8   482   1855.304       3.80912       5.225
    8   483   1771.757       3.81814       6.847
    8   484   1875.737       3.79968       7.307
    8   485   1833.136       3.80903       4.571
    8   486   1887.284       3.80343       3.201
    8   487   1818.421       3.80924       6.466
    8   488   1834.603       3.81690       2.791
    8   489   1764.209       3.82081       3.514
    8   490   1819.812       3.81463       3.021
    8   491   1807.221       3.81112       5.795
    8   492   1828.626       3.81825       4.633
    8   493   1812.740       3.81448       4.191
    8   494   1848.749       3.82905       5.280
    8   495   1793.442       3.81880       3.868
    8   496   1880.686       3.80689       3.690
    8   497   1820.644       3.79506       4.082
    8   498   1785.711       3.77548       3.816
    8   499   1723.534       3.77055       6.870
    8   500   1762.112       3.79486       6.166
    8   501   1729.299       3.80123       4.665
    8   502   1775.910       3.79859       5.569
    8   503   1746.791       3.79765       5.610
    8   504   1862.201       3.84062       4.011
    8   505   1831.775       3.81567       6.522
    8   506   1844.050       3.82645       4.075
    8   507   1770.803       3.80981       5.345
    8   508   1854.117       3.82091       4.897
    8   509   1812.501       3.81182       5.518
    8   510   1853.585       3.81918       3.684
    8   511   1828.053       3.80828       4.919
    8   512   1816.146       3.80838       4.719
    8   513   1842.502       3.80852       5.186
    8   514   1821.651       3.78971       6.883
    8   515   1829.569       3.78912       5.972
    8   516   1822.980       3.78904       6.003
    8   517   1778.544       3.79904       5.218
    8   518   1767.468       3.79811       7.663
    8   519   1789.693       3.79551      10.329
    8   520   1794.599       3.80940       8.219
    8   521   1809.255       3.80553       8.241
    8   522   1801.986       3.81082       5.986
    8   523   1798.676       3.80814       4.755
    8   524   1826.208       3.80324       5.883
    8   525   1796.910       3.80484       5.815
    8   526   1820.531       3.79007       4.444
    8   527   1816.088       3.79659       5.341
    8   528   1814.110       3.79975       6.164
    8   529   1795.347       3.79427       4.376
    8   530   1793.708       3.79663       6.600
    8   531   1813.354       3.79166       6.635
    8   532   1802.730       3.80286       4.425
    8   533   1818.103       3.82103       5.725
    8   534   1783.978       3.81509       4.777
    8   535   1795.250       3.81719       4.684
    8   536   1781.331       3.80075       4.985
    8   537   1768.190       3.79875       6.456
    8   538   1820.519       3.79141       5.510
    8   539   1783.918       3.79291       3.344
    8   540   1789.098       3.80194       5.090
    8   541   1778.104       3.80799       4.692
    8   542   1798.391       3.80141       5.756
    8   543   1809.380       3.79548       5.842
    8   544   1795.800       3.81213       5.049
    8   545   1783.388       3.80763       5.957
    8   546   1763.572       3.80759       3.567
    8   547   1825.909       3.80103       4.301
    8   548   1806.629       3.80372       3.986
    8   549   1816.710       3.80370       5.804
    8   550   1783.080       3.78790       6.471
    8   551   1790.343       3.79984       7.523
    8   552   1792.168       3.81095       5.500
    8   553   1812.434       3.80057       6.565
    8   554   1814.018       3.79754       6.238
    8   555   1787.015       3.80727       5.799
    8   556   1808.443       3.80985       4.083
    8   557   1799.665       3.80689       6.142
    8   558   1875.054       3.80275       3.543
    8   559   1794.239       3.79547       4.360
    8   560   1804.504       3.80560       4.634
    8   561   1784.279       3.80394       4.494
    8   562   1808.665       3.79666       4.711
    8   563   1777.291       3.80477       3.735
    8   564   1813.796       3.80104       3.453
    8   565   1801.842       3.80133       5.740
    8   566   1821.000       3.80732       5.121
    8   567   1777.786       3.81454       4.924
    8   568   1809.179       3.80287       7.005
    8   569   1762.926       3.80890       5.298
    8   570   1831.087       3.79305       4.918
    8   571   1846.706       3.79026       4.435
    8   572   1819.535       3.78504       4.915
    8   573   1841.543       3.78623       6.131
    8   574   1790.948       3.79711       6.060
    8   575   1793.923       3.79114       4.497
    8   576   1754.554       3.81587       4.885
    8   577   1780.573       3.81518       6.168
    8   578   1803.445       3.80410       7.421
    8   579   1812.281       3.80621       5.876
    8   580   1811.896       3.81260       3.131
    8   581   1837.015       3.80403       4.078
    8   582   1803.087       3.80857       4.323
    8   583   1827.889       3.79435       4.669
    8   584   1807.899       3.79827       4.713
    8   585   1822.265       3.80031       4.434
    8   586   1795.595       3.78151       6.591
    8   587   1812.854       3.78978       4.224
    8   588   1763.448       3.79527       5.273
    8   589   1783.283       3.78966       6.126
    8   590   1781.630       3.80520       5.181
    8   591   1803.732       3.81166       3.739
    8   592   1822.532       3.79832       5.590
    8   593   1780.998       3.80532       4.903
    8   594   1800.500       3.80803       5.774
    8   595   1851.135       3.79174       4.659
    8   596   1792.233       3.80201       4.989
    8   597   1828.069       3.80401       3.561
    8   598   1792.763       3.79600       4.915
    8   599   1843.911       3.80339       5.598
    8   600   1743.553       3.80434       4.712
    8   601   1812.230       3.79153       5.893
    8   602   1812.608       3.80829       5.543
    8   603   1822.485       3.80552       3.118
    8   604   1813.826       3.80660       6.023
    8   605   1803.481       3.81532       3.891
    8   606   1768.693       3.80539       4.342
    8   607   1793.474       3.80171       3.543
    8   608   1774.091       3.79579       5.480
    8   609   1797.613       3.79318       5.170
    8   610   1812.173       3.79127       4.587
    8   611   1829.843       3.79103       4.643
    8   612   1845.079       3.79708       7.331
    8   613   1829.818       3.80853       5.960
    8   614   1795.020       3.81543       7.883
    8   615   1789.493       3.81599       6.766
    8   616   1806.363       3.81585       4.414
    8   617   1782.929       3.81181       4.019
    8   618   1819.085       3.79996       4.417
    8   619   1791.299       3.81713       3.170
    8   620   1804.952       3.79989       4.819
    8   621   1804.328       3.79982       4.476
    8   622   1804.091       3.79105       4.173
    8   623   1788.045       3.78913       5.513
    8   624   1802.091       3.79462       6.179
    8   625   1791.199       3.80380       5.326
    8   626   1819.104       3.80574       5.695
    8   627   1817.709       3.81268       5.263
    8   628   1783.698       3.80840       4.513
    8   629   1787.750       3.80125       5.483
    8   630   1789.416       3.80125       2.954
    8   631   1805.204       3.80617       2.994
    8   632   1806.506       3.80848       4.482
    8   633   1760.587       3.80931       3.217
    8   634   1818.017       3.79824       4.173
    8   635   1805.505       3.79863       5.094
    8   636   1783.338       3.79959       6.867
    8   637   1780.532       3.79604       5.951
    8   638   1857.540       3.79639       4.829
    8   639   1786.531       3.80195       4.129
    8   640   1825.424       3.81041       2.823
    8   641   1806.930       3.80701       3.593
    8   642   1814.712       3.80705       4.662
    8   643   1799.287       3.80281       4.221
    8   644   1817.499       3.80399       5.472
    8   645   1818.455       3.80668       4.430
    8   646   1788.489       3.79650       5.841
    8   647   1775.333       3.81878       4.002
    8   648   1795.813       3.81158       4.805
    8   649   1806.728       3.80588       5.154
    8   650   1804.619       3.79102       8.193
    8   651   1809.669       3.80354       4.728
    8   652   1822.017       3.79424       5.985
    8   653   1817.046       3.80401       7.397
    8   654   1779.239       3.80323       4.387
    8   655   1786.633       3.80607       5.991
    8   656   1772.805       3.80865       4.000
    8   657   1817.576       3.81416       4.315
    8   658   1813.121       3.80369       6.200
    8   659   1795.109       3.79624       3.765
    8   660   1818.294       3.79832       4.903
    8   661   1822.052       3.80011       3.014
    8   662   1780.762       3.80476       5.286
    8   663   1778.874       3.80376       3.235
    8   664   1818.273       3.80685       3.037
    8   665   1823.762       3.80356       7.409
    8   666   1759.785       3.81789       5.118
    8   667   1847.658       3.80397       6.421
    8   668   1776.618       3.81836       3.757
    8   669   1806.127       3.79887       4.260
    8   670   1775.436       3.79999       4.010
    8   671   1808.366       3.80457       3.714
    8   672   1804.159       3.80509       4.798
    8   673   1818.544       3.78853       4.866
    8   674   1803.957       3.78952       5.616
    8   675   1789.057       3.79152       6.151
    8   676   1771.070       3.80508       4.641
    8   677   1835.940       3.79943       4.704
    8   678   1780.218       3.80104       5.196
    8   679   1809.792       3.80275       6.616
    8   680   1778.196       3.80756       7.254
    8   681   1815.384       3.81582       5.078
    8   682   1804.824       3.80239       5.957
    8   683   1778.700       3.80550       4.504
    8   684   1806.243       3.80128       4.898
    8   685   1803.266       3.79251       6.505
    8   686   1811.711       3.79576       4.780
    8   687   1812.691       3.80672       4.702
    8   688   1807.443       3.80764       5.396
    8   689   1784.355       3.80163       5.549
    8   690   1836.737       3.79176       3.136
    8   691   1835.336       3.79522       3.214
    8   692   1760.775       3.80400       4.281
    8   693   1786.530       3.79680       5.635
    8   694   1812.072       3.80290       4.652
    8   695   1798.387       3.79003       6.057
    8   696   1802.222       3.80070       5.439
    8   697   1783.888       3.79427       6.587
    8   698   1787.475       3.80807       6.747
    8   699   1825.179       3.80485       5.544
    8   700   1793.655       3.80935       3.016
    8   701   1740.728       3.80828       6.931
    8   702   1784.571       3.79618       6.064
    8   703   1807.488       3.80852       3.792
    8   704   1801.971       3.79937       5.836
    8   705   1799.698       3.80026       3.638
    8   706   1819.766       3.79867       4.166
    8   707   1806.847       3.80592       4.333
    8   708   1805.291       3.80060       5.638
    8   709   1805.578       3.79797       6.529
    8   710   1785.554       3.80825       6.131
    8   711   1805.747       3.80569       8.328
    8   712   1770.139       3.81855       4.699
    8   713   1799.474       3.80531       6.474
    8   714   1834.528       3.80215       5.613
    8   715   1799.339       3.81259       2.860
    8   716   1835.415       3.79825       3.373
    8   717   1840.921       3.79869       5.057
    8   718   1810.358       3.79277       6.209
    8   719   1794.933       3.80164       3.394
    8   720   1796.438       3.80493       4.012
    8   721   1845.951       3.79934       4.006
    8   722   1813.136       3.79924       7.150
    8   723   1808.478       3.80030       6.445
    8   724   1793.846       3.79704       7.396
    8   725   1783.448       3.81074       4.663
    8   726   1817.421       3.80294       4.588
    8   727   1749.696       3.81167       3.918
    8   728   1749.384       3.80793       3.365
    8   729   1830.031       3.80005       4.409
    8   730   1809.759       3.79856       5.316
    8   731   1822.762       3.79757       5.321
    8   732   1795.998       3.80090       4.697
    8   733   1836.324       3.80237       5.214
    8   734   1811.241       3.80769       6.523
    8   735   1854.400       3.79427       5.486
    8   736   1849.627       3.80023       5.211
    8   737   1813.336       3.81300       5.198
    8   738   1841.413       3.79851       5.207
    8   739   1792.540       3.80080       3.980
    8   740   1803.917       3.80614       5.063
    8   741   1810.365       3.81578       3.457
    8   742   1820.006       3.80270       7.418
    8   743   1812.277       3.80502       4.950
    8   744   1801.056       3.79875       5.151
    8   745   1862.649       3.80596       5.124
    8   746   1801.938       3.80530       6.575
    8   747   1776.854       3.80080       6.124
    8   748   1806.678       3.81685       2.950
    8   749   1809.180       3.80646       5.153
    8   750   1824.452       3.79593       4.964
    8   751   1771.484       3.79645       3.999
    8   752   1806.599       3.81062       3.095
    8   753   1812.882       3.80553       5.785
    8   754   1795.005       3.80712       4.299
    8   755   1820.836       3.79891       4.226
    8   756   1814.551       3.79937       6.158
    8   757   1791.917       3.80741       5.753
    8   758   1803.840       3.80062       5.592
    8   759   1799.966       3.80820       3.614
    8   760   1795.534       3.80571       5.195
    8   761   1801.600       3.80096       5.199
    8   762   1788.853       3.81105       5.552
    8   763   1824.018       3.79796       5.296
    8   764   1796.235       3.79725       8.201
    8   765   1800.191       3.81121       4.095
    8   766   1783.201       3.81914       4.859
    8   767   1808.445       3.80833       4.108
    8   768   1828.830       3.80535       4.216
    8   769   1834.612       3.80407       4.434
    8   770   1791.315       3.80528       6.648
    8   771   1795.050       3.79979       7.974
    8   772   1826.007       3.80374       4.696
    8   773   1839.579       3.80558       3.803
    8   774   1823.903       3.80837       4.384
    8   775   1792.241       3.80602       5.238
    8   776   1831.343       3.79882       5.833
    8   777   1812.153       3.80549       5.971
    8   778   1829.791       3.79721       5.970
    8   779   1799.908       3.79628       6.134
    8   780   1817.842       3.79930       6.043
    8   781   1789.469       3.80289       5.230
    8   782   1776.771       3.80187       4.275
    8   783   1792.146       3.80853       3.848
    8   784   1855.848       3.79839       5.018
    8   785   1818.796       3.79455       6.427
    8   786   1790.094       3.80062       6.981
    8   787   1782.887       3.81837       3.768
    8   788   1784.430       3.81238       6.212
    8   789   1810.836       3.81205       5.922
    8   790   1858.020       3.79483       6.199
    8   791   1788.154       3.80452       3.727
    8   792   1815.318       3.80591       4.761
    8   793   1813.469       3.79222       6.882
    8   794   1817.376       3.80683       4.037
    8   795   1795.142       3.80733       5.192
    8   796   1791.187       3.80025       5.719
    8   797   1747.764       3.79743       7.970
    8   798   1808.850       3.79662       5.318
    8   799   1812.451       3.80894       3.757
    8   800   1821.984       3.81136       5.168
    8   801   1842.810       3.80858       5.071
    8   802   1785.236       3.80290       6.217
    8   803   1810.291       3.79904       6.082
    8   804   1778.620       3.80985       4.975
    8   805   1814.256       3.80746       5.906
    8   806   1831.863       3.80502       5.063
    8   807   1781.131       3.81998       2.400
    8   808   1809.541       3.79707       5.329
    8   809   1817.776       3.80890       3.461
    8   810   1788.457       3.81570       3.733
    8   811   1809.906       3.81063       4.247
    8   812   1798.263       3.80977       3.646
    8   813   1795.497       3.81172       4.745
    8   814   1836.873       3.79583       3.087
    8   815   1781.755       3.80587       4.540
    8   816   1768.112       3.80902       3.324
    8   817   1803.850       3.80462       5.216
    8   818   1813.720       3.80264       6.620
    8   819   1822.265       3.80123       4.697
    8   820   1812.432       3.80008       5.870
    8   821   1826.650       3.79554       7.039
    8   822   1778.445       3.80417       6.035
    8   823   1819.215       3.80222       6.938
    8   824   1779.367       3.81140       5.150
    8   825   1806.606       3.81974       4.076
    8   826   1816.865       3.81117      10.951
    8   827   1788.860       3.81761       5.886
    8   828   1791.972       3.80863       3.627
    8   829   1815.238       3.81712       3.560
    8   830   1791.907       3.80956       5.966
    8   831   1817.265       3.79281       4.362
    8   832   1797.697       3.79836       3.010
    8   833   1815.209       3.79657       5.543
    8   834   1786.819       3.80278       4.891
    8   835   1833.394       3.78843       3.541
    8   836   1826.609       3.80481       3.275
    8   837   1798.446       3.79748       5.736
    8   838   1810.339       3.79536       6.050
    8   839   1810.886       3.80728       4.069
    8   840   1790.117       3.82778       3.942
    8   841   1810.039       3.81626       4.344
    8   842   1832.624       3.80278       5.003
    8   843   1790.782       3.81387       4.501
    8   844   1784.276       3.80537       5.090
    8   845   1823.162       3.79687       6.298
    8   846   1842.594       3.80295       3.126
    8   847   1809.045       3.80957       2.498
    8   848   1781.247       3.81866       4.364
    8   849   1787.577       3.81031       6.138
    8   850   1802.700       3.81327       4.782
    8   851   1814.875       3.80835       3.935
    8   852   1795.379       3.81230       4.415
    8   853   1785.417       3.81581       4.541
    8   854   1778.632       3.81393       3.657
    8   855   1806.997       3.80246       4.166
    8   856   1811.568       3.80927       4.833
    8   857   1794.395       3.80268       6.044
    8   858   1805.685       3.80521       5.910
    8   859   1844.889       3.80679       5.792
    8   860   1835.112       3.81279       3.878
    8   861   1792.691       3.81510       6.173
    8   862   1808.109       3.81308       3.990
    8   863   1784.223       3.80754       3.615
    8   864   1801.368       3.80309       3.379
    8   865   1787.827       3.80587       5.229
    8   866   1802.250       3.81528       4.659
    8   867   1832.057       3.80436       3.693
    8   868   1794.599       3.80355       6.506
    8   869   1790.677       3.80395       6.736
    8   870   1802.101       3.80028       5.894
    8   871   1805.005       3.79618       6.353
    8   872   1783.899       3.81183       6.237
    8   873   1826.725       3.80475       6.670
    8   874   1768.836       3.81544       5.096
    8   875   1802.263       3.81505       3.041
    8   876   1840.070       3.79959       4.540
    8   877   1797.288       3.80334       4.684
    8   878   1805.074       3.79421       3.992
    8   879   1789.342       3.79793       3.970
    8   880   1782.844       3.80337       6.476
    8   881   1792.679       3.81249       3.967
    8   882   1783.539       3.81442       3.951
    8   883   1816.627       3.80337       5.959
    8   884   1804.065       3.80065       4.626
    8   885   1819.210       3.80564       4.905
    8   886   1803.830       3.80119       6.942
    8   887   1844.314       3.80523       3.920
    8   888   1816.175       3.80555       3.485
    8   889   1786.300       3.80729       4.152
    8   890   1795.064       3.79885       5.653
    8   891   1778.319       3.80021       6.417
    8   892   1808.589       3.80246       4.643
    8   893   1827.600       3.79715       6.377
    8   894   1786.801       3.80108       9.090
    8   895   1802.051       3.81337       5.727
    8   896   1796.795       3.81657       5.424
    8   897   1810.104       3.80785       5.099
    8   898   1805.885       3.80766       3.378
    8   899   1813.072       3.81289       4.107
    8   900   1822.239       3.80423       4.979
    8   901   1792.025       3.80915       5.366
    8   902   1801.609       3.80815       6.562
    8   903   1836.408       3.79027       6.377
    8   904   1806.409       3.79891       4.895
    8   905   1844.909       3.78593       6.767
    8   906   1801.756       3.81658       4.130
    8   907   1797.768       3.80708       6.048
    8   908   1762.382       3.82450       4.865
    8   909   1823.474       3.80869       6.791
    8   910   1821.133       3.82406       5.237
    8   911   1801.156       3.82350       3.799
    8   912   1816.131       3.82470       2.403
    8   913   1852.650       3.81401       3.257
    8   914   1796.283       3.80829       8.061
    8   915   1791.132       3.81015       2.856
    8   916   1832.203       3.80051       4.475
    8   917   1794.073       3.80631       6.088
    8   918   1792.896       3.80754       5.938
    8   919   1790.571       3.81884       4.142
    8   920   1788.665       3.82226       4.601
    8   921   1798.903       3.80821       5.588
    8   922   1771.277       3.81663       3.248
    8   923   1818.883       3.80126       4.763
    8   924   1798.486       3.80483       4.309
    8   925   1819.027       3.80944       3.252
    8   926   1792.286       3.80670       4.572
    8   927   1795.130       3.80524       3.977
    8   928   1781.694       3.81853       3.723
    8   929   1801.651       3.81598       5.616
    8   930   1784.975       3.81765       5.197
    8   931   1838.777       3.81437       4.314
    8   932   1799.321       3.81752       4.170
    8   933   1820.480       3.81196       3.905
    8   934   1810.042       3.80819       4.607
    8   935   1793.883       3.81983       2.538
    8   936   1803.668       3.81179       3.772
    8   937   1827.228       3.80021       5.331
    8   938   1802.028       3.80769       6.106
    8   939   1816.455       3.80264       5.085
    8   940   1788.808       3.80899       5.948
    8   941   1852.401       3.80751       6.579
    8   942   1780.790       3.81423       5.032
    8   943   1835.306       3.80314       5.280
    8   944   1817.942       3.82081       3.204
    8   945   1783.827       3.80347       6.050
    8   946   1803.126       3.81630       3.790
    8   947   1806.173       3.80750       3.628
    8   948   1812.488       3.81204       5.979
    8   949   1810.431       3.81822       3.761
    8   950   1785.087       3.80830       7.037
    8   951   1797.632       3.81563       5.779
    8   952   1811.955       3.81660       4.055
    8   953   1830.801       3.81547       3.309
    8   954   1833.082       3.81427       4.606
    8   955   1773.771       3.81975       4.912
    8   956   1772.445       3.81062       4.219
    8   957   1775.971       3.81166       4.504
    8   958   1802.684       3.80989       5.713
    8   959   1800.612       3.80628       6.730
    8   960   1829.728       3.81279       5.242
    8   961   1791.004       3.81635       4.623
    8   962   1785.460       3.81265       3.832
    8   963   1844.792       3.79699       3.650
    8   964   1835.954       3.80503       3.260
    8   965   1802.201       3.80757       5.312
    8   966   1788.269       3.81457       9.220
    8   967   1801.127       3.81119       5.940
    8   968   1795.213       3.80264       7.913
    8   969   1796.375       3.79887       6.552
    8   970   1789.970       3.80111       6.185
    8   971   1813.556       3.80625       4.515
    8   972   1825.768       3.82135       5.581
    8   973   1834.790       3.79971       6.614
    8   974   1810.154       3.81070       5.672
    8   975   1779.973       3.81021       5.269
    8   976   1786.704       3.81953       3.963
    8   977   1809.760       3.81485       6.272
    8   978   1813.374       3.80792       7.189
    8   979   1853.708       3.79979       7.273
    8   980   1807.594       3.81872       4.149
    8   981   1781.946       3.82294       3.357
    8   982   1818.101       3.80727       4.216
    8   983   1807.172       3.80731       4.175
    8   984   1835.192       3.81833       3.602
    8   985   1826.577       3.80115       5.432
    8   986   1786.152       3.80276       4.472
    8   987   1799.681       3.81400       4.611
    8   988   1800.860       3.80508       7.366
    8   989   1801.335       3.81119       3.005
    8   990   1795.937       3.80114       7.197
    8   991   1815.330       3.79943       4.716
    8   992   1793.194       3.80267       5.173
    8   993   1808.050       3.80158       4.649
    8   994   1790.555       3.80303       5.558
    8   995   1774.194       3.80951       6.062
    8   996   1816.726       3.81212       5.307
    8   997   1819.956       3.81018       5.087
    8   998   1763.150       3.82646       6.015
    8   999   1788.972       3.83127       3.370
    8  1000   1786.266       3.80310       3.624
    8  1001   1785.181       3.81346       4.919
    8  1002   1828.584       3.80668       3.459
    8  1003   1774.091       3.80826       3.649
    8  1004   1834.932       3.79336       5.065
    8  1005   1796.487       3.82070       5.075
    8  1006   1776.024       3.81225       6.315
    8  1007   1783.301       3.82443       3.701
    8  1008   1792.100       3.82272       3.728
    8  1009   1803.213       3.83232       3.262
    8  1010   1788.752       3.81018       2.221
    8  1011   1791.091       3.80240       3.301
    8  1012   1806.502       3.80023       2.692
    8  1013   1814.181       3.80160       3.859
    8  1014   1782.869       3.79595       5.174
    8  1015   1829.059       3.77885       5.534
    8  1016   1824.826       3.80303       4.090
    8  1017   1757.685       3.80357       5.441
    8  1018   1847.361       3.82230       4.418
    8  1019   1828.614       3.81207       4.169
    8  1020   1770.710       3.82258       2.898
    8  1021   1805.158       3.82702       4.293
    8  1022   1786.253       3.81872       3.930
    8  1023   1829.205       3.82145       4.407
