   25     0   1895.309       3.83830       5.490
   25     1   1827.027       3.83391       6.992
   25     2   1904.040       3.83438       3.906
   25     3   1782.349       3.83377       7.281
   25     4   1896.702       3.84113       5.237
   25     5   1794.171       3.83938       6.710
   25     6   1878.548       3.84312       7.098
   25     7   1862.701       3.83385       7.516
   25     8   1897.261       3.85409       8.181
   25     9   1838.640       3.84146       4.617
   25    10   1875.267       3.84572       6.054
   25    11   1828.741       3.83805       4.272
   25    12   1889.158       3.83168       4.425
   25    13   1792.592       3.82862       6.336
   25    14   1904.762       3.84071       8.269
   25    15   1838.656       3.84205       5.858
   25    16   1904.016       3.84008       5.924
   25    17   1822.660       3.84518       4.434
   25    18   1879.541       3.82739       6.923
   25    19   1839.231       3.82803       4.221
   25    20   1907.146       3.82916       6.320
   25    21   1837.710       3.83448       7.393
   25    22   1936.934       3.83053       4.580
   25    23   1855.743       3.83900       5.482
   25    24   1874.022       3.85574       5.787
   25    25   1869.306       3.83863       7.264
   25    26   1915.120       3.84670       3.953
   25    27   1862.130       3.83324       5.278
   25    28   1913.977       3.83554       5.839
   25    29   1845.859       3.83508       5.259
   25    30   1905.333       3.83958       6.026
   25    31   1881.058       3.82151       6.572
   25    32   1891.498       3.84983       5.540
   25    33   1861.708       3.84254       5.571
   25    34   1875.169       3.84317       5.537
   25    35   1841.942       3.83599       4.979
   25    36   1911.255       3.83277       5.919
   25    37   1829.407       3.83128       5.149
   25    38   1895.549       3.84358       4.971
   25    39   1862.601       3.83824       5.159
   25    40   1910.525       3.83489       5.855
   25    41   1807.429       3.83107       6.357
   25    42   1922.648       3.84269       4.393
   25    43   1817.116       3.82788       4.635
   25    44   1892.805       3.84321       4.467
   25    45   1830.651       3.83057       5.773
   25    46   1895.330       3.84945       6.511
   25    47   1815.396       3.84870       5.156
   25    48   1864.632       3.84437       5.999
   25    49   1842.497       3.84016       5.941
   25    50   1882.675       3.83787       6.020
   25    51   1853.998       3.83013       6.432
   25    52   1860.009       3.83919       5.110
   25    53   1840.144       3.84124       6.906
   25    54   1868.513       3.83903       5.978
   25    55   1844.877       3.84636       6.986
   25    56   1917.444       3.83612       7.029
   25    57   1824.732       3.85246       4.837
   25    58   1902.595       3.83586       6.517
   25    59   1833.506       3.83041       5.934
   25    60   1897.226       3.83203       5.617
   25    61   1813.749       3.82266       4.326
   25    62   1863.879       3.83170       7.865
   25    63   1870.113       3.82224       5.874
   25    64   1888.573       3.82558       6.991
   25    65   1879.545       3.82702       6.069
   25    66   1898.322       3.83615       8.435
   25    67   1811.290       3.83722       6.105
   25    68   1913.434       3.84459       7.822
   25    69   1823.600       3.83560       6.079
   25    70   1872.099       3.84246       4.538
   25    71   1810.814       3.84701       5.347
   25    72   1909.804       3.83535       6.945
   25    73   1864.279       3.83737       7.585
   25    74   1930.298       3.83346       7.265
   25    75   1834.904       3.82781       6.835
   25    76   1870.955       3.83931       5.707
   25    77   1821.154       3.84692       5.719
   25    78   1884.994       3.83973       6.090
   25    79   1824.677       3.83468       5.626
   25    80   1853.412       3.84241       4.804
   25    81   1839.217       3.83102       7.142
   25    82   1889.782       3.83895       5.763
   25    83   1843.050       3.84081       5.345
   25    84   1926.602       3.83518       6.834
   25    85   1865.356       3.84065       3.805
   25    86   1913.602       3.83147       6.467
   25    87   1847.026       3.83591       4.421
   25    88   1886.221       3.83609       6.257
   25    89   1871.406       3.84379       4.699
   25    90   1892.330       3.84631       4.841
   25    91   1817.612       3.84918       4.156
   25    92   1902.845       3.84352       4.411
   25    93   1832.969       3.83979       5.174
   25    94   1904.291       3.84603       8.025
   25    95   1845.412       3.83569       6.023
   25    96   1885.899       3.84915       4.117
   25    97   1842.352       3.84381       7.370
   25    98   1903.016       3.83712       5.087
   25    99   1887.282       3.82409       7.734
   25   100   1894.666       3.83333       4.956
   25   101   1836.199       3.83862       4.196
   25   102   1921.674       3.84880       6.071
   25   103   1843.695       3.83544       8.749
   25   104   1852.794       3.84506       7.307
   25   105   1872.642       3.84657       5.601
   25   106   1855.217       3.85525       4.814
   25   107   1807.072       3.84408       4.242
   25   108   1907.307       3.84489       4.003
   25   109   1822.770       3.84122       5.342
   25   110   1886.729       3.83510       5.501
   25   111   1865.756       3.82456       6.697
   25   112   1859.605       3.84101       6.041
   25   113   1867.808       3.84587       6.026
   25   114   1889.047       3.83582       7.878
   25   115   1794.964       3.84756       6.069
   25   116   1914.940       3.83012       4.482
   25   117   1852.437       3.83508       3.001
   25   118   1898.670       3.82515       5.029
   25   119   1821.416       3.82883       4.807
   25   120   1873.346       3.84678       6.316
   25   121   1827.973       3.83524       5.800
   25   122   1908.141       3.83884       8.395
   25   123   1840.525       3.83346       6.679
   25   124   1866.423       3.84096       6.451
   25   125   1809.754       3.84375       5.612
   25   126   1872.033       3.84431       4.487
   25   127   1834.474       3.84169       4.988
   25   128   1868.516       3.83214       6.561
   25   129   1820.650       3.82732       5.780
   25   130   1908.278       3.82318       7.644
   25   131   1840.035       3.83039       5.795
   25   132   1818.467       3.83798       7.506
   25   133   1892.022       3.83672       4.986
   25   134   1902.048       3.83899       6.714
   25   135   1794.133       3.84132       7.443
   25   136   1861.969       3.84092       6.973
   25   137   1822.738       3.83881       5.581
   25   138   1905.517       3.84583       5.583
   25   139   1814.197       3.83490       4.179
   25   140   1894.793       3.82919       5.412
   25   141   1848.043       3.83371       5.535
   25   142   1888.098       3.84545       5.602
   25   143   1813.327       3.84403       5.861
   25   144   1868.615       3.83397       4.399
   25   145   1829.069       3.82253       6.582
   25   146   1895.744       3.83300       6.504
   25   147   1863.837       3.82583       4.813
   25   148   1871.487       3.84424       6.347
   25   149   1819.116       3.82892       6.482
   25   150   1873.086       3.84287       6.232
   25   151   1827.994       3.83791       6.357
   25   152   1911.537       3.83148       5.380
   25   153   1838.677       3.83624       5.513
   25   154   1879.951       3.84446       3.855
   25   155   1875.994       3.83854       4.267
   25   156   1862.591       3.84893       6.710
   25   157   1808.675       3.84429       6.889
   25   158   1881.193       3.84226       4.181
   25   159   1826.491       3.83331       6.040
   25   160   1876.348       3.83763       3.966
   25   161   1828.185       3.83847       2.802
   25   162   1880.618       3.83181       4.135
   25   163   1792.655       3.83236       4.460
   25   164   1903.415       3.82948       4.425
   25   165   1833.270       3.82748       6.468
   25   166   1895.721       3.83039       5.959
   25   167   1887.696       3.81878       6.636
   25   168   1896.608       3.83160       6.084
   25   169   1876.030       3.82042       6.515
   25   170   1866.469       3.84632       7.106
   25   171   1828.890       3.84334       6.397
   25   172   1886.750       3.84933       4.066
   25   173   1860.036       3.83255       5.585
   25   174   1932.470       3.83587       5.002
   25   175   1882.586       3.83151       3.706
   25   176   1863.763       3.83912       3.736
   25   177   1856.764       3.82873       5.841
   25   178   1892.699       3.84083       6.396
   25   179   1826.612       3.84120       6.798
   25   180   1873.494       3.84353       4.924
   25   181   1849.600       3.83336       6.311
   25   182   1929.912       3.83618       6.102
   25   183   1841.015       3.83865       6.304
   25   184   1885.551       3.83432       4.142
   25   185   1825.673       3.83278       4.131
   25   186   1900.107       3.84175       5.555
   25   187   1849.856       3.83037       7.115
   25   188   1882.920       3.84409       7.468
   25   189   1796.539       3.84744       4.731
   25   190   1906.627       3.83429       4.977
   25   191   1846.604       3.83537       4.973
   25   192   1875.927       3.83855       5.088
   25   193   1807.719       3.83252       6.156
   25   194   1902.251       3.83786       4.416
   25   195   1827.941       3.83585       6.074
   25   196   1890.431       3.84944       7.553
   25   197   1864.021       3.83292       6.899
   25   198   1890.565       3.84543       7.340
   25   199   1836.239       3.84237       5.653
   25   200   1865.301       3.82610       4.509
   25   201   1816.614       3.84058       5.178
   25   202   1909.633       3.81991       5.399
   25   203   1836.583       3.81986       4.247
   25   204   1888.241       3.83058       7.020
   25   205   1834.177       3.82587       6.358
   25   206   1888.345       3.82397       6.973
   25   207   1858.189       3.82051       7.893
   25   208   1883.999       3.84317       7.374
   25   209   1843.021       3.82584       6.666
   25   210   1875.725       3.83494       7.782
   25   211   1869.166       3.83538       4.791
   25   212   1888.264       3.84041       4.626
   25   213   1811.397       3.84240       4.467
   25   214   1895.088       3.83757       5.956
   25   215   1877.229       3.83108       6.509
   25   216   1913.150       3.83501       6.170
   25   217   1846.524       3.83753       5.131
   25   218   1905.215       3.82439       6.975
   25   219   1847.434       3.82393       5.129
   25   220   1885.968       3.84541       5.879
   25   221   1846.492       3.84303       4.758
   25   222   1917.828       3.83331       5.861
   25   223   1819.675       3.82917       4.107
   25   224   1898.342       3.83645       6.306
   25   225   1827.804       3.83508       4.355
   25   226   1906.880       3.83519       5.731
   25   227   1849.931       3.83640       4.162
   25   228   1909.982       3.82752       6.096
   25   229   1841.404       3.82945       4.635
   25   230   1838.238       3.83196       5.005
   25   231   1814.692       3.83966       6.836
   25   232   1901.597       3.84446       7.219
   25   233   1819.684       3.83757       3.523
   25   234   1877.093       3.84555       4.395
   25   235   1849.794       3.82701       7.701
   25   236   1900.035       3.83357       5.548
   25   237   1825.299       3.82551       5.125
   25   238   1911.760       3.83274       5.256
   25   239   1822.283       3.82766       5.560
   25   240   1926.530       3.83119       5.891
   25   241   1873.118       3.82675       7.060
   25   242   1898.902       3.82907       6.887
   25   243   1838.414       3.83476       5.859
   25   244   1868.232       3.84646       5.094
   25   245   1812.727       3.83794       5.931
   25   246   1879.487       3.83344       4.197
   25   247   1866.751       3.82670       5.862
   25   248   1870.990       3.83149       3.982
   25   249   1853.804       3.82771       4.452
   25   250   1853.373       3.84238       4.605
   25   251   1817.513       3.83395       6.567
   25   252   1926.926       3.83228       7.395
   25   253   1849.846       3.82094       6.234
   25   254   1874.501       3.82954       7.458
   25   255   1820.186       3.82464       4.637
   25   256   1906.495       3.83253       5.674
   25   257   1834.149       3.83019       4.488
   25   258   1851.505       3.83856       6.269
   25   259   1826.056       3.83138       7.204
   25   260   1905.144       3.83255       6.569
   25   261   1796.306       3.83523       5.971
   25   262   1900.608       3.84882       7.403
   25   263   1825.935       3.84326       4.478
   25   264   1916.043       3.83986       4.972
   25   265   1860.232       3.83147       6.798
   25   266   1881.523       3.83749       6.658
   25   267   1851.167       3.82938       6.679
   25   268   1881.302       3.83733       6.516
   25   269   1842.971       3.83416       9.150
   25   270   1854.146       3.83463       5.948
   25   271   1830.239       3.82673       6.331
   25   272   1885.816       3.83748       5.421
   25   273   1811.712       3.82818       4.785
   25   274   1910.223       3.83965       5.874
   25   275   1823.742       3.83502       6.373
   25   276   1899.954       3.83868       4.724
   25   277   1823.384       3.84803       5.233
   25   278   1885.798       3.84655       4.252
   25   279   1874.098       3.82451       6.377
   25   280   1909.384       3.83687       5.650
   25   281   1826.313       3.83332       5.264
   25   282   1873.815       3.83595       5.142
   25   283   1852.709       3.82557       3.994
   25   284   1920.349       3.82064       4.767
   25   285   1831.058       3.82546       4.669
   25   286   1882.474       3.83340       5.966
   25   287   1840.843       3.82418       5.658
   25   288   1900.276       3.84913       6.371
   25   289   1835.792       3.83926       5.535
   25   290   1845.508       3.84956       7.172
   25   291   1873.184       3.82492       5.508
   25   292   1867.610       3.83939       5.333
   25   293   1860.941       3.82090       4.841
   25   294   1874.948       3.83763       6.462
   25   295   1859.638       3.83418       5.785
   25   296   1886.067       3.84688       4.204
   25   297   1848.599       3.82671       5.754
   25   298   1866.650       3.84130       5.714
   25   299   1813.167       3.82683       6.565
   25   300   1904.080       3.82598       6.508
   25   301   1830.185       3.83644       5.364
   25   302   1877.978       3.83330       5.320
   25   303   1841.090       3.83067       4.627
   25   304   1895.122       3.84146       5.052
   25   305   1854.369       3.82175       7.121
   25   306   1880.734       3.83577       5.002
   25   307   1844.184       3.83534       5.552
   25   308   1855.769       3.84351       8.021
   25   309   1809.923       3.83409       5.827
   25   310   1878.903       3.83857       6.122
   25   311   1790.209       3.82892       6.305
   25   312   1876.482       3.82920       5.422
   25   313   1828.370       3.83562       5.089
   25   314   1900.152       3.84084       6.319
   25   315   1823.823       3.83758       6.853
   25   316   1880.218       3.83828       6.301
   25   317   1841.828       3.82961       6.762
   25   318   1883.034       3.83324       4.115
   25   319   1864.201       3.82382       6.054
   25   320   1896.313       3.83635       5.784
   25   321   1814.305       3.83315       6.489
   25   322   1895.005       3.83615       4.670
   25   323   1837.407       3.83841       4.256
   25   324   1870.680       3.84775       5.475
   25   325   1806.890       3.83646       7.365
   25   326   1891.361       3.83150       6.616
   25   327   1848.939       3.83202       5.114
   25   328   1862.794       3.84251       4.925
   25   329   1834.515       3.83239       4.009
   25   330   1901.718       3.82745       7.337
   25   331   1820.029       3.82752       7.102
   25   332   1898.071       3.84608       5.505
   25   333   1859.269       3.83207       6.946
   25   334   1902.773       3.83444       4.503
   25   335   1835.017       3.83073       6.150
   25   336   1882.451       3.82941       5.465
   25   337   1851.619       3.83543       4.321
   25   338   1920.471       3.82362       5.115
   25   339   1850.288       3.83255       6.679
   25   340   1901.745       3.83433       6.532
   25   341   1844.161       3.82758       6.770
   25   342   1887.066       3.82847       5.857
   25   343   1849.705       3.82965       5.497
   25   344   1855.453       3.84466       5.069
   25   345   1854.142       3.83792       5.550
   25   346   1883.551       3.84237       4.935
   25   347   1846.042       3.82526       6.599
   25   348   1898.777       3.84282       5.295
   25   349   1812.080       3.84173       5.382
   25   350   1885.911       3.83170       6.700
   25   351   1811.811       3.83605       5.907
   25   352   1904.703       3.83342       7.607
   25   353   1842.019       3.82288       6.528
   25   354   1914.738       3.82333       7.177
   25   355   1848.305       3.82465       4.943
   25   356   1869.372       3.82799       5.950
   25   357   1849.656       3.81460       6.011
   25   358   1886.688       3.82877       7.291
   25   359   1814.207       3.83640       6.116
   25   360   1886.034       3.83518       7.215
   25   361   1827.595       3.82997       7.036
   25   362   1866.495       3.83608       7.931
   25   363   1822.259       3.83508       5.335
   25   364   1887.564       3.84264       5.503
   25   365   1838.865       3.82585       5.705
   25   366   1904.606       3.83270       4.890
   25   367   1829.098       3.83800       5.463
   25   368   1905.803       3.83417       3.795
   25   369   1827.607       3.83132       5.741
   25   370   1849.470       3.83700       5.328
   25   371   1869.247       3.82587       4.979
   25   372   1912.479       3.83315       5.239
   25   373   1871.060       3.82932       3.771
   25   374   1874.915       3.82983       5.786
   25   375   1874.226       3.82126       5.958
   25   376   1918.704       3.82567       5.257
   25   377   1843.392       3.83427       8.293
   25   378   1881.436       3.83912       5.150
   25   379   1862.308       3.83619       6.875
   25   380   1915.488       3.84962       5.778
   25   381   1852.098       3.83554       6.080
   25   382   1883.455       3.83490       5.468
   25   383   1832.915       3.82531       3.864
   25   384   1860.333       3.82636       4.567
   25   385   1827.109       3.81347       4.371
   25   386   1890.142       3.82515       4.937
   25   387   1835.079       3.82021       6.311
   25   388   1872.323       3.83889       6.217
   25   389   1825.755       3.83028       8.793
   25   390   1887.417       3.84231       4.797
   25   391   1822.366       3.83239       6.595
   25   392   1922.359       3.83102       6.724
   25   393   1844.834       3.82733       6.162
   25   394   1868.948       3.84888       7.456
   25   395   1830.207       3.83605       5.872
   25   396   1865.249       3.84609       4.696
   25   397   1808.011       3.83778       5.316
   25   398   1911.192       3.83389       5.152
   25   399   1864.100       3.80454       5.923
   25   400   1918.382       3.82560       3.959
   25   401   1867.667       3.82056       5.613
   25   402   1869.108       3.83465       6.409
   25   403   1853.192       3.82527       5.936
   25   404   1939.908       3.82474       7.261
   25   405   1825.324       3.82922       6.597
   25   406   1882.005       3.83113       7.507
   25   407   1878.034       3.82562       5.615
   25   408   1896.237       3.84476       6.165
   25   409   1867.535       3.82188       5.072
   25   410   1876.252       3.83044       5.320
   25   411   1793.867       3.82909       5.637
   25   412   1885.101       3.83508       4.573
   25   413   1835.436       3.82448       5.136
   25   414   1904.988       3.82954       6.847
   25   415   1868.116       3.81165       5.006
   25   416   1855.412       3.83128       8.199
   25   417   1838.078       3.83833       5.883
   25   418   1898.337       3.83790       6.786
   25   419   1820.941       3.83607       5.429
   25   420   1866.837       3.84626       4.793
   25   421   1806.903       3.84302       5.876
   25   422   1868.145       3.83818       6.106
   25   423   1859.118       3.83572       4.523
   25   424   1912.761       3.84386       4.938
   25   425   1820.995       3.83726       6.581
   25   426   1866.207       3.82872       5.945
   25   427   1861.831       3.82946       4.698
   25   428   1880.622       3.83063       6.105
   25   429   1866.230       3.82890       5.674
   25   430   1894.672       3.82388       5.132
   25   431   1785.464       3.83605       6.820
   25   432   1872.242       3.82902       7.429
   25   433   1859.964       3.83235       5.477
   25   434   1921.794       3.82901       4.834
   25   435   1835.797       3.82958       4.734
   25   436   1857.962       3.84454       5.675
   25   437   1828.961       3.82929       5.902
   25   438   1861.407       3.84024       7.160
   25   439   1826.973       3.82443       7.274
   25   440   1867.587       3.83512       7.652
   25   441   1860.409       3.83523       6.760
   25   442   1887.251       3.84618       4.930
   25   443   1876.312       3.82988       4.459
   25   444   1860.929       3.82756       6.015
   25   445   1831.315       3.83213       6.350
   25   446   1837.975       3.83337       8.025
   25   447   1848.063       3.82182       6.860
   25   448   1894.725       3.82687       4.965
   25   449   1799.626       3.82991       6.332
   25   450   1862.028       3.83151       7.110
   25   451   1811.853       3.81781       7.588
   25   452   1887.410       3.83646       5.047
   25   453   1814.935       3.84282       4.696
   25   454   1857.610       3.83719       5.302
   25   455   1858.230       3.82599       6.404
   25   456   1873.130       3.84369       6.770
   25   457   1835.068       3.83032       5.481
   25   458   1893.773       3.82054       6.261
   25   459   1839.056       3.83107       4.770
   25   460   1889.836       3.83301       5.602
   25   461   1856.758       3.81504       6.611
   25   462   1919.207       3.80965       6.210
   25   463   1846.124       3.82550       5.931
   25   464   1855.030       3.84126       5.124
   25   465   1847.593       3.83166       7.573
   25   466   1879.928       3.83319       7.810
   25   467   1804.016       3.83749       5.388
   25   468   1886.332       3.83516       5.560
   25   469   1854.177       3.83436       6.075
   25   470   1939.976       3.83820       6.282
   25   471   1798.682       3.83631       7.812
   25   472   1871.101       3.83907       6.310
   25   473   1846.694       3.83060       5.160
   25   474   1885.432       3.83010       6.446
   25   475   1854.788       3.82535       7.048
   25   476   1867.521       3.83309       5.385
   25   477   1852.005       3.82802       5.057
   25   478   1880.489       3.83024       5.555
   25   479   1866.091       3.82193       4.948
   25   480   1865.802       3.83841       6.735
   25   481   1804.238       3.83665       4.233
   25   482   1855.365       3.83407       7.050
   25   483   1870.036       3.82941       5.963
   25   484   1892.328       3.82376       6.591
   25   485   1825.895       3.82551       4.391
   25   486   1921.909       3.83088       6.402
   25   487   1858.108       3.83402       5.108
   25   488   1847.021       3.84438       4.256
   25   489   1848.241       3.84620       3.191
   25   490   1912.107       3.85030       5.422
   25   491   1804.508       3.84125       5.917
   25   492   1902.155       3.83757       5.852
   25   493   1874.056       3.83774       4.442
   25   494   1885.956       3.83039       4.935
   25   495   1827.699       3.84743       4.183
   25   496   1910.033       3.83621       5.649
   25   497   1831.623       3.82635       5.135
   25   498   1793.048       3.80344       4.844
   25   499   1762.236       3.79582       5.128
   25   500   1787.273       3.82238       5.495
   25   501   1757.661       3.82930       4.744
   25   502   1839.415       3.82799       4.431
   25   503   1770.903       3.80861       6.939
   25   504   1878.761       3.86455       7.027
   25   505   1862.942       3.83092       5.662
   25   506   1868.088       3.83989       5.029
   25   507   1836.037       3.82854       6.693
   25   508   1891.058       3.83114       6.312
   25   509   1830.511       3.84289       5.287
   25   510   1905.165       3.83896       5.924
   25   511   1877.205       3.83485       4.473
   25   512   1814.185       3.84406       6.146
   25   513   1835.388       3.83547       5.341
   25   514   1812.744       3.82660       5.400
   25   515   1848.066       3.82702       6.445
   25   516   1791.198       3.82444       5.372
   25   517   1803.384       3.82397       6.739
   25   518   1797.240       3.82940       5.268
   25   519   1812.960       3.82366       5.900
   25   520   1836.920       3.82215       7.183
   25   521   1791.785       3.82380       5.696
   25   522   1856.863       3.82239       5.698
   25   523   1815.586       3.82442       4.832
   25   524   1848.828       3.82439       5.935
   25   525   1816.844       3.83072       5.470
   25   526   1819.264       3.83154       6.930
   25   527   1808.198       3.83257       5.027
   25   528   1800.709       3.83442       5.561
   25   529   1839.101       3.82564       5.603
   25   530   1806.446       3.83749       4.888
   25   531   1826.447       3.82353       4.596
   25   532   1872.854       3.82373       6.023
   25   533   1860.459       3.82211       4.088
   25   534   1816.509       3.83965       5.575
   25   535   1828.394       3.82480       7.135
   25   536   1808.184       3.83324       5.651
   25   537   1796.147       3.83459       4.675
   25   538   1877.068       3.82706       4.930
   25   539   1847.181       3.81847       5.046
   25   540   1811.928       3.82972       3.749
   25   541   1822.234       3.82563       3.515
   25   542   1822.470       3.81640       7.023
   25   543   1822.791       3.81388       3.536
   25   544   1810.808       3.82619       5.563
   25   545   1809.818       3.82005       6.802
   25   546   1851.173       3.82520       5.008
   25   547   1839.562       3.81998       4.619
   25   548   1804.697       3.81954       3.852
   25   549   1821.846       3.81861       5.221
   25   550   1816.720       3.83162       5.264
   25   551   1844.401       3.82929       5.713
   25   552   1820.690       3.83642       5.992
   25   553   1829.861       3.83373       4.311
   25   554   1808.469       3.83514       4.979
   25   555   1791.889       3.82384       3.723
   25   556   1799.705       3.82499       4.941
   25   557   1826.750       3.81692       4.523
   25   558   1850.698       3.82526       4.855
   25   559   1786.317       3.82800       4.874
   25   560   1834.458       3.83023       5.428
   25   561   1850.465       3.81831       6.969
   25   562   1798.663       3.82733       4.913
   25   563   1827.372       3.82477       5.657
   25   564   1837.320       3.83289       4.223
   25   565   1813.955       3.82809       4.540
   25   566   1835.888       3.82848       5.446
   25   567   1823.013       3.83195       4.468
   25   568   1831.974       3.83174       5.507
   25   569   1840.406       3.82655       5.134
   25   570   1836.008       3.82999       5.354
   25   571   1849.831       3.82041       4.540
   25   572   1832.759       3.82183       5.494
   25   573   1832.696       3.82143       5.147
   25   574   1828.561       3.82696       5.816
   25   575   1829.481       3.81918       4.126
   25   576   1828.943       3.82334       5.418
   25   577   1799.644       3.82756       5.943
   25   578   1818.783       3.83226       6.047
   25   579   1838.462       3.81577       4.837
   25   580   1770.818       3.82651       6.612
   25   581   1817.085       3.81628       6.927
   25   582   1815.420       3.82052       7.737
   25   583   1863.182       3.81438       5.243
   25   584   1838.277       3.82680       6.649
   25   585   1804.566       3.83159       4.866
   25   586   1826.233       3.83073       5.188
   25   587   1824.612       3.84378       4.663
   25   588   1799.515       3.83519       5.300
   25   589   1814.043       3.83296       4.710
   25   590   1850.228       3.81757       5.973
   25   591   1848.584       3.81761       5.687
   25   592   1832.947       3.82245       5.813
   25   593   1863.709       3.82119       4.643
   25   594   1817.090       3.81761       5.756
   25   595   1836.756       3.81400       6.654
   25   596   1821.676       3.82582       8.250
   25   597   1815.008       3.82190       6.065
   25   598   1848.603       3.82271       5.505
   25   599   1825.770       3.82130       6.357
   25   600   1805.231       3.82775       6.196
   25   601   1840.723       3.81556       4.793
   25   602   1832.006       3.83156       6.325
   25   603   1837.002       3.82988       5.113
   25   604   1850.893       3.83430       4.300
   25   605   1848.776       3.83239       5.410
   25   606   1838.938       3.82193       4.888
   25   607   1805.116       3.82841       3.858
   25   608   1827.944       3.82466       4.518
   25   609   1811.452       3.81991       3.719
   25   610   1811.717       3.83403       4.863
   25   611   1840.033       3.82482       5.398
   25   612   1841.868       3.82054       6.474
   25   613   1812.100       3.82160       5.301
   25   614   1822.183       3.82274       5.787
   25   615   1812.230       3.82748       5.378
   25   616   1827.792       3.83355       5.275
   25   617   1836.586       3.82946       4.829
   25   618   1821.602       3.83023       5.949
   25   619   1805.640       3.83408       5.546
   25   620   1864.268       3.82055       4.382
   25   621   1826.725       3.82473       5.354
   25   622   1756.422       3.82454       7.003
   25   623   1824.674       3.83364       4.061
   25   624   1815.387       3.82795       5.297
   25   625   1781.343       3.83923       3.829
   25   626   1819.480       3.82253       7.082
   25   627   1806.225       3.82694       6.021
   25   628   1834.175       3.84593       4.141
   25   629   1806.682       3.83536       4.380
   25   630   1823.148       3.83209       5.163
   25   631   1861.355       3.81524       3.300
   25   632   1846.555       3.83119       3.420
   25   633   1817.108       3.82223       4.263
   25   634   1836.478       3.83149       4.385
   25   635   1814.151       3.82028       3.661
   25   636   1841.961       3.81545       4.192
   25   637   1829.552       3.82378       4.186
   25   638   1831.277       3.83134       7.327
   25   639   1858.500       3.83183       7.515
   25   640   1829.298       3.82729       4.748
   25   641   1817.402       3.82549       4.751
   25   642   1836.183       3.82629       6.754
   25   643   1804.355       3.82590       5.315
   25   644   1792.684       3.82874       5.325
   25   645   1856.504       3.81802       5.301
   25   646   1851.168       3.82099       5.339
   25   647   1793.359       3.82073       5.909
   25   648   1823.318       3.82748       5.315
   25   649   1806.586       3.82523       6.606
   25   650   1812.176       3.83680       5.998
   25   651   1817.605       3.82485       6.753
   25   652   1814.617       3.84257       5.017
   25   653   1821.435       3.83522       3.827
   25   654   1800.322       3.83368       5.951
   25   655   1798.050       3.83191       5.044
   25   656   1842.014       3.82389       6.590
   25   657   1840.797       3.81592       4.638
   25   658   1848.828       3.82574       5.074
   25   659   1858.386       3.81823       4.720
   25   660   1852.185       3.82622       6.431
   25   661   1836.053       3.82852       4.763
   25   662   1832.563       3.81944       7.601
   25   663   1859.687       3.81725       6.147
   25   664   1854.049       3.82751       5.401
   25   665   1808.740       3.83306       4.354
   25   666   1827.349       3.84466       4.834
   25   667   1831.385       3.82617       4.850
   25   668   1827.376       3.82220       5.021
   25   669   1830.194       3.82442       6.346
   25   670   1810.269       3.82936       5.021
   25   671   1828.386       3.81619       4.575
   25   672   1802.685       3.82545       4.530
   25   673   1802.470       3.82792       5.198
   25   674   1880.546       3.82585       4.422
   25   675   1818.099       3.81598       3.173
   25   676   1843.520       3.82531       4.151
   25   677   1863.086       3.82994       4.884
   25   678   1823.653       3.84047       6.626
   25   679   1833.334       3.83218       5.843
   25   680   1830.201       3.84169       4.909
   25   681   1855.487       3.82814       4.957
   25   682   1805.204       3.83649       5.394
   25   683   1782.791       3.82670       5.301
   25   684   1840.092       3.82364       4.010
   25   685   1839.706       3.82382       4.571
   25   686   1855.669       3.83497       4.435
   25   687   1840.350       3.83078       4.523
   25   688   1839.428       3.82218       5.056
   25   689   1860.358       3.81582       6.017
   25   690   1808.490       3.83192       5.032
   25   691   1829.194       3.82795       4.071
   25   692   1859.100       3.82579       6.923
   25   693   1800.002       3.83272       3.985
   25   694   1813.206       3.84038       4.396
   25   695   1831.408       3.83327       3.506
   25   696   1863.565       3.82057       6.086
   25   697   1832.537       3.81353       5.190
   25   698   1842.824       3.83286       4.488
   25   699   1811.234       3.82356       5.128
   25   700   1803.535       3.82974       4.899
   25   701   1813.349       3.82255       5.507
   25   702   1820.350       3.82989       6.464
   25   703   1841.466       3.82199       5.482
   25   704   1850.351       3.83395       4.179
   25   705   1833.440       3.83236       3.418
   25   706   1846.704       3.82855       4.891
   25   707   1847.417       3.83219       6.223
   25   708   1818.976       3.82451       6.818
   25   709   1840.316       3.81885       4.914
   25   710   1813.989       3.81908       4.598
   25   711   1808.985       3.82223       4.787
   25   712   1824.698       3.81811       5.907
   25   713   1813.301       3.82777       4.414
   25   714   1802.652       3.82096       6.176
   25   715   1813.419       3.81667       5.768
   25   716   1840.215       3.84325       7.054
   25   717   1830.248       3.82798       6.445
   25   718   1840.488       3.84473       4.596
   25   719   1826.386       3.82644       4.063
   25   720   1803.750       3.83736       3.426
   25   721   1790.623       3.82658       5.076
   25   722   1827.621       3.82820       3.030
   25   723   1857.698       3.81991       4.880
   25   724   1825.273       3.82580       5.117
   25   725   1819.120       3.83339       4.075
   25   726   1846.259       3.82966       6.752
   25   727   1829.028       3.82228       5.600
   25   728   1825.329       3.82855       7.253
   25   729   1783.787       3.83248       5.153
   25   730   1816.299       3.84453       4.893
   25   731   1831.715       3.82870       6.007
   25   732   1808.154       3.83458       5.846
   25   733   1803.701       3.83383       5.012
   25   734   1824.823       3.82277       5.218
   25   735   1839.059       3.83222       5.667
   25   736   1830.087       3.83016       5.639
   25   737   1821.973       3.83111       5.438
   25   738   1805.603       3.82165       6.527
   25   739   1789.855       3.83669       5.210
   25   740   1842.481       3.82116       6.478
   25   741   1824.209       3.82942       4.797
   25   742   1794.962       3.82299       5.691
   25   743   1836.133       3.83131       5.463
   25   744   1825.875       3.83717       7.453
   25   745   1827.578       3.83002       6.003
   25   746   1790.778       3.83509       5.881
   25   747   1879.782       3.82661       4.955
   25   748   1813.168       3.83342       6.354
   25   749   1824.819       3.81937       5.693
   25   750   1811.018       3.81739       4.058
   25   751   1846.178       3.81652       3.944
   25   752   1797.105       3.83394       6.666
   25   753   1792.845       3.83393       5.101
   25   754   1833.360       3.82728       6.310
   25   755   1867.206       3.83690       5.188
   25   756   1821.906       3.82848       6.388
   25   757   1807.920       3.83237       4.523
   25   758   1774.363       3.83410       5.969
   25   759   1863.322       3.81686       3.371
   25   760   1829.082       3.83229       3.300
   25   761   1839.728       3.81917       4.010
   25   762   1814.263       3.81614       7.097
   25   763   1853.974       3.82269       6.424
   25   764   1804.392       3.84062       5.297
   25   765   1837.953       3.82288       5.267
   25   766   1825.627       3.82126       6.117
   25   767   1832.602       3.81448       4.586
   25   768   1828.892       3.83271       4.678
   25   769   1808.313       3.83027       5.664
   25   770   1845.078       3.84201       7.903
   25   771   1875.236       3.81761       6.312
   25   772   1777.717       3.82946       5.347
   25   773   1872.905       3.81600       4.460
   25   774   1845.951       3.83216       5.491
   25   775   1782.943       3.83687       5.328
   25   776   1838.442       3.82558       5.625
   25   777   1827.991       3.82074       5.351
   25   778   1837.759       3.81870       5.077
   25   779   1845.168       3.81813       5.015
   25   780   1779.269       3.82737       5.301
   25   781   1823.012       3.83226       4.888
   25   782   1836.265       3.83940       4.509
   25   783   1823.667       3.81825       5.595
   25   784   1850.029       3.82567       4.151
   25   785   1878.871       3.81983       5.438
   25   786   1824.652       3.81545       6.268
   25   787   1784.742       3.83801       4.578
   25   788   1834.177       3.83191       5.789
   25   789   1826.257       3.84236       3.981
   25   790   1812.558       3.84373       4.223
   25   791   1806.519       3.83114       4.988
   25   792   1811.999       3.82430       4.642
   25   793   1836.929       3.81614       4.580
   25   794   1817.348       3.82749       4.370
   25   795   1822.452       3.83067       4.653
   25   796   1865.517       3.82946       5.561
   25   797   1823.915       3.81794       7.187
   25   798   1795.551       3.83815       4.893
   25   799   1820.605       3.82971       5.170
   25   800   1818.023       3.83987       5.678
   25   801   1874.293       3.82765       4.211
   25   802   1804.654       3.84409       5.997
   25   803   1845.915       3.83367       3.248
   25   804   1844.086       3.82964       4.419
   25   805   1839.480       3.82291       5.142
   25   806   1807.485       3.82585       5.200
   25   807   1800.156       3.83820       3.469
   25   808   1804.428       3.83570       6.734
   25   809   1825.130       3.83255       5.789
   25   810   1842.269       3.82807       4.153
   25   811   1855.155       3.82285       4.495
   25   812   1861.355       3.82468       5.007
   25   813   1832.462       3.81957       4.510
   25   814   1824.273       3.83488       5.878
   25   815   1837.951       3.83301       6.576
   25   816   1848.324       3.83433       6.493
   25   817   1781.773       3.83930       3.831
   25   818   1838.870       3.83160       4.623
   25   819   1820.995       3.82584       5.402
   25   820   1825.423       3.83075       4.236
   25   821   1835.098       3.82974       5.205
   25   822   1842.435       3.82810       4.078
   25   823   1859.239       3.83465       3.810
   25   824   1829.502       3.82868       6.734
   25   825   1831.990       3.82916       5.455
   25   826   1844.937       3.83570       5.644
   25   827   1798.673       3.81959       5.913
   25   828   1833.725       3.82520       4.987
   25   829   1840.843       3.82270       5.805
   25   830   1807.424       3.83819       6.558
   25   831   1830.854       3.83446       5.105
   25   832   1806.775       3.83839       5.265
   25   833   1801.486       3.82957       4.867
   25   834   1857.360       3.82511       6.470
   25   835   1800.379       3.82078       4.245
   25   836   1825.836       3.82566       6.774
   25   837   1879.811       3.82171       3.182
   25   838   1835.330       3.83153       3.269
   25   839   1815.470       3.83338       6.726
   25   840   1835.971       3.83721       5.531
   25   841   1782.767       3.82763       5.886
   25   842   1830.945       3.83337       5.625
   25   843   1816.565       3.83625       4.443
   25   844   1816.651       3.83606       3.236
   25   845   1839.358       3.82873       3.842
   25   846   1847.685       3.81997       5.133
   25   847   1824.627       3.82306       3.915
   25   848   1805.030       3.83378       5.613
   25   849   1822.035       3.81709       7.433
   25   850   1808.960       3.83203       6.564
   25   851   1787.117       3.84858       5.504
   25   852   1831.935       3.84030       5.987
   25   853   1772.371       3.84252       5.025
   25   854   1810.829       3.83659       5.476
   25   855   1820.888       3.84109       4.847
   25   856   1854.615       3.82332       4.881
   25   857   1864.752       3.82899       4.308
   25   858   1824.078       3.81946       3.862
   25   859   1836.712       3.81885       4.138
   25   860   1840.756       3.81862       5.661
   25   861   1863.674       3.82376       4.468
   25   862   1787.636       3.84469       5.706
   25   863   1793.860       3.82862       5.752
   25   864   1820.179       3.82815       6.102
   25   865   1864.117       3.83292       4.582
   25   866   1823.073       3.83251       3.974
   25   867   1834.094       3.82258       5.547
   25   868   1842.998       3.82980       5.477
   25   869   1824.056       3.81447       5.905
   25   870   1806.537       3.83764       4.589
   25   871   1844.954       3.82776       5.491
   25   872   1821.071       3.83632       5.250
   25   873   1816.742       3.83761       5.295
   25   874   1810.310       3.83093       6.272
   25   875   1809.475       3.82974       5.064
   25   876   1815.425       3.83755       4.747
   25   877   1822.590       3.83490       5.101
   25   878   1810.076       3.83842       5.534
   25   879   1825.878       3.83615       4.144
   25   880   1850.953       3.83245       5.773
   25   881   1847.381       3.82453       4.231
   25   882   1821.254       3.83194       5.314
   25   883   1831.073       3.81683       4.739
   25   884   1793.425       3.82714       4.473
   25   885   1844.913       3.82483       6.254
   25   886   1837.416       3.82901       5.693
   25   887   1832.145       3.82410       5.186
   25   888   1816.127       3.84436       3.322
   25   889   1814.806       3.82709       5.134
   25   890   1842.328       3.83333       7.199
   25   891   1823.489       3.83618       4.221
   25   892   1799.370       3.84120       5.255
   25   893   1789.044       3.82938       5.029
   25   894   1837.781       3.82789       4.879
   25   895   1819.211       3.82947       4.978
   25   896   1815.393       3.83546       4.485
   25   897   1813.168       3.82421       6.036
   25   898   1799.053       3.83407       6.269
   25   899   1784.473       3.83095       5.434
   25   900   1835.050       3.82073       5.895
   25   901   1836.694       3.82343       5.487
   25   902   1823.781       3.83460       5.532
   25   903   1802.352       3.84349       5.575
   25   904   1831.065       3.83858       7.012
   25   905   1843.153       3.82726       4.864
   25   906   1841.613       3.82931       6.909
   25   907   1807.060       3.82574       5.851
   25   908   1809.286       3.84206       4.276
   25   909   1852.558       3.82592       6.237
   25   910   1808.023       3.82154       8.282
   25   911   1809.729       3.82360       4.950
   25   912   1836.558       3.82537       7.234
   25   913   1833.188       3.83098       3.782
   25   914   1850.704       3.83495       3.619
   25   915   1832.018       3.82950       5.549
   25   916   1809.274       3.83645       5.225
   25   917   1838.920       3.83854       4.032
   25   918   1830.133       3.83804       4.613
   25   919   1829.413       3.83730       4.546
   25   920   1848.804       3.84574       4.296
   25   921   1862.262       3.83451       5.003
   25   922   1801.185       3.82869       5.066
   25   923   1843.282       3.82581       4.609
   25   924   1771.584       3.82477       4.763
   25   925   1843.304       3.82202       3.524
   25   926   1837.638       3.83174       6.265
   25   927   1860.383       3.82360       6.595
   25   928   1812.407       3.83606       5.976
   25   929   1831.391       3.83294       5.058
   25   930   1789.872       3.84243       6.246
   25   931   1865.351       3.83434       4.227
   25   932   1812.185       3.83977       5.206
   25   933   1808.896       3.82899       6.422
   25   934   1812.150       3.82618       5.630
   25   935   1804.165       3.83786       5.844
   25   936   1826.133       3.84330       5.761
   25   937   1833.424       3.83047       6.286
   25   938   1813.220       3.83113       5.972
   25   939   1813.490       3.83601       3.518
   25   940   1821.961       3.83603       5.397
   25   941   1825.376       3.82498       4.580
   25   942   1838.293       3.83698       5.941
   25   943   1832.764       3.82820       4.660
   25   944   1831.890       3.82305       4.091
   25   945   1854.718       3.81936       6.038
   25   946   1860.981       3.82906       5.870
   25   947   1803.470       3.82806       6.051
   25   948   1807.521       3.82787       5.972
   25   949   1796.453       3.83613       5.507
   25   950   1847.501       3.82814       4.368
   25   951   1856.781       3.83200       6.487
   25   952   1814.108       3.83581       7.188
   25   953   1796.905       3.82790       7.564
   25   954   1821.480       3.84607       5.224
   25   955   1826.352       3.83926       4.137
   25   956   1823.799       3.83615       6.049
   25   957   1802.711       3.82802       5.494
   25   958   1811.765       3.82452       5.015
   25   959   1845.024       3.82817       4.640
   25   960   1791.900       3.83119       5.998
   25   961   1805.269       3.83815       4.955
   25   962   1840.561       3.82018       6.337
   25   963   1838.233       3.82884       6.763
   25   964   1832.292       3.83332       5.391
   25   965   1808.861       3.83051       5.800
   25   966   1786.100       3.84834       5.165
   25   967   1798.764       3.83609       5.097
   25   968   1851.615       3.84520       4.351
   25   969   1813.759       3.84142       4.496
   25   970   1801.786       3.82670       6.083
   25   971   1827.080       3.83300       3.448
   25   972   1833.436       3.81412       4.704
   25   973   1834.649       3.82412       4.253
   25   974   1810.784       3.81820       7.153
   25   975   1811.345       3.83274       5.566
   25   976   1765.633       3.82554       5.184
   25   977   1790.933       3.83609       5.448
   25   978   1805.933       3.83148       5.537
   25   979   1821.121       3.82557       5.724
   25   980   1850.356       3.83217       4.823
   25   981   1837.755       3.84055       4.316
   25   982   1842.040       3.84120       4.003
   25   983   1796.659       3.83785       4.554
   25   984   1816.683       3.83937       4.277
   25   985   1810.688       3.83802       3.889
   25   986   1813.841       3.83753       4.866
   25   987   1845.679       3.82968       4.841
   25   988   1855.111       3.83242       4.713
   25   989   1825.945       3.82997       6.867
   25   990   1830.430       3.82167       6.031
   25   991   1806.780       3.83791       5.818
   25   992   1772.079       3.83220       5.002
   25   993   1803.773       3.82293       5.549
   25   994   1854.448       3.83199       6.232
   25   995   1849.921       3.83729       5.500
   25   996   1820.122       3.82565       6.411
   25   997   1811.167       3.82785       5.248
   25   998   1855.149       3.83070       7.429
   25   999   1833.636       3.82647       6.149
   25  1000   1800.771       3.83835       6.358
   25  1001   1802.206       3.83689       5.337
   25  1002   1859.872       3.83470       4.943
   25  1003   1862.751       3.83762       5.556
   25  1004   1794.822       3.83266       4.520
   25  1005   1812.059       3.84438       4.866
   25  1006   1829.816       3.84142       4.747
   25  1007   1836.760       3.83580       4.634
   25  1008   1815.952       3.84729       3.511
   25  1009   1833.327       3.83427       3.428
   25  1010   1793.017       3.82857       3.153
   25  1011   1826.768       3.81302       3.554
   25  1012   1816.944       3.82357       5.750
   25  1013   1779.426       3.84013       5.361
   25  1014   1808.211       3.84073       4.802
   25  1015   1833.626       3.82594       4.793
   25  1016   1874.872       3.82957       4.140
   25  1017   1811.307       3.82654       5.031
   25  1018   1793.945       3.82929       4.168
   25  1019   1804.516       3.83150       4.131
   25  1020   1825.421       3.83149       4.815
   25  1021   1803.535       3.83758       7.709
   25  1022   1817.475       3.84692       4.027
   25  1023   1833.957       3.82687       6.699
