   10     0   1930.774       3.82859       3.864
   10     1   1838.616       3.83033       3.200
   10     2   1911.477       3.80728       3.521
   10     3   1883.978       3.80255       5.466
   10     4   1896.686       3.81999       5.148
   10     5   1847.026       3.81224       3.205
   10     6   1893.948       3.82064       4.297
   10     7   1854.078       3.80888       5.822
   10     8   1862.636       3.82528       5.408
   10     9   1864.207       3.80973       6.201
   10    10   1888.152       3.81692       2.870
   10    11   1908.058       3.80626       4.637
   10    12   1905.977       3.82019       4.473
   10    13   1883.359       3.79203       6.671
   10    14   1874.086       3.81647       4.381
   10    15   1859.810       3.81013       4.316
   10    16   1897.601       3.81663       5.395
   10    17   1833.654       3.80613       5.329
   10    18   1898.156       3.82231       6.934
   10    19   1860.164       3.80873       7.040
   10    20   1913.870       3.82230       4.065
   10    21   1836.572       3.82675       3.022
   10    22   1908.126       3.82108       4.619
   10    23   1844.509       3.81009       2.392
   10    24   1891.396       3.81283       5.168
   10    25   1850.305       3.82105       2.324
   10    26   1881.767       3.82011       3.791
   10    27   1863.903       3.81145       3.931
   10    28   1906.822       3.81609       4.568
   10    29   1833.593       3.80478       4.674
   10    30   1904.527       3.81610       3.839
   10    31   1864.524       3.80701       3.117
   10    32   1882.388       3.81214       6.264
   10    33   1852.119       3.81409       3.888
   10    34   1916.731       3.82185       3.121
   10    35   1847.547       3.81685       4.203
   10    36   1874.928       3.82780       4.765
   10    37   1872.931       3.81086       4.343
   10    38   1913.267       3.81758       4.601
   10    39   1828.128       3.81419       3.622
   10    40   1887.426       3.82984       2.854
   10    41   1839.181       3.83074       2.227
   10    42   1906.987       3.81468       3.233
   10    43   1810.387       3.81705       6.385
   10    44   1918.648       3.82700       3.572
   10    45   1925.696       3.80556       4.848
   10    46   1922.395       3.81500       4.689
   10    47   1825.210       3.82573       3.734
   10    48   1928.522       3.81663       3.003
   10    49   1852.598       3.81622       4.204
   10    50   1894.058       3.81441       3.779
   10    51   1812.356       3.80737       4.893
   10    52   1922.083       3.80928       4.697
   10    53   1839.260       3.80493       5.331
   10    54   1911.602       3.82381       4.483
   10    55   1811.168       3.81773       5.456
   10    56   1901.179       3.82648       5.103
   10    57   1840.263       3.82267       4.507
   10    58   1898.573       3.82486       3.974
   10    59   1866.972       3.81601       4.222
   10    60   1892.986       3.82161       3.828
   10    61   1846.588       3.81092       2.334
   10    62   1882.100       3.80438       3.227
   10    63   1827.947       3.79287       4.793
   10    64   1888.794       3.80093       7.671
   10    65   1834.452       3.80840       4.856
   10    66   1866.198       3.80910       4.670
   10    67   1815.316       3.81424       6.686
   10    68   1902.922       3.82129       3.889
   10    69   1862.824       3.81488       5.033
   10    70   1890.465       3.82432       5.340
   10    71   1843.111       3.81657       5.343
   10    72   1952.227       3.81506       4.381
   10    73   1853.834       3.80734       4.778
   10    74   1885.151       3.80995       4.977
   10    75   1883.794       3.80797       4.686
   10    76   1919.928       3.81839       5.053
   10    77   1869.352       3.81245       5.188
   10    78   1944.128       3.80954       3.681
   10    79   1815.057       3.81965       3.792
   10    80   1908.959       3.82514       3.021
   10    81   1891.837       3.79514       3.746
   10    82   1882.680       3.81883       3.300
   10    83   1826.158       3.81974       4.315
   10    84   1893.692       3.80945       5.381
   10    85   1851.779       3.81196       5.050
   10    86   1890.227       3.82375       5.813
   10    87   1862.687       3.82120       6.092
   10    88   1896.166       3.83782       2.456
   10    89   1841.477       3.81565       3.378
   10    90   1903.584       3.82867       2.753
   10    91   1830.279       3.80670       5.013
   10    92   1902.864       3.80966       3.066
   10    93   1864.040       3.80568       4.782
   10    94   1892.357       3.81374       3.095
   10    95   1853.619       3.81139       3.599
   10    96   1878.142       3.81394       6.219
   10    97   1883.242       3.80326       4.511
   10    98   1888.854       3.81050       5.921
   10    99   1804.796       3.81572       4.196
   10   100   1896.943       3.80080       7.838
   10   101   1825.537       3.81370       4.606
   10   102   1925.777       3.81994       4.497
   10   103   1821.229       3.81934       5.752
   10   104   1906.049       3.82280       4.846
   10   105   1879.580       3.81233       4.291
   10   106   1902.740       3.80783       3.667
   10   107   1839.241       3.80111       5.039
   10   108   1902.066       3.81371       2.531
   10   109   1824.645       3.80437       3.672
   10   110   1905.180       3.80978       2.790
   10   111   1891.913       3.78599       5.122
   10   112   1885.395       3.80853       6.758
   10   113   1860.767       3.80053       7.056
   10   114   1904.577       3.81980       3.652
   10   115   1878.360       3.80572       4.690
   10   116   1900.473       3.81771       4.736
   10   117   1864.728       3.79096       7.518
   10   118   1892.813       3.82035       3.518
   10   119   1887.023       3.80529       4.543
   10   120   1888.241       3.80908       4.678
   10   121   1865.153       3.80219       4.141
   10   122   1888.038       3.81874       3.287
   10   123   1830.800       3.81303       5.467
   10   124   1846.432       3.81984       4.713
   10   125   1831.448       3.81398       3.676
   10   126   1905.753       3.81459       3.696
   10   127   1882.602       3.81166       4.244
   10   128   1879.275       3.81693       3.981
   10   129   1893.536       3.79755       4.950
   10   130   1884.371       3.81797       5.157
   10   131   1856.288       3.81965       5.609
   10   132   1906.642       3.80213       6.214
   10   133   1840.138       3.80372       3.898
   10   134   1908.325       3.81378       3.531
   10   135   1865.629       3.81273       5.181
   10   136   1921.939       3.81446       4.042
   10   137   1831.292       3.80790       6.073
   10   138   1921.254       3.81063       5.826
   10   139   1811.824       3.81903       4.447
   10   140   1911.351       3.81399       6.584
   10   141   1838.480       3.81507       4.365
   10   142   1948.358       3.81249       2.272
   10   143   1852.277       3.81208       4.800
   10   144   1923.438       3.80408       5.892
   10   145   1852.216       3.80295       5.406
   10   146   1893.118       3.81273       3.585
   10   147   1831.265       3.80383       4.073
   10   148   1902.652       3.81023       5.733
   10   149   1888.627       3.81492       4.128
   10   150   1895.702       3.82944       3.821
   10   151   1804.106       3.81496       4.613
   10   152   1911.757       3.81420       4.882
   10   153   1846.215       3.81633       2.787
   10   154   1882.818       3.81330       4.837
   10   155   1849.788       3.80188       6.765
   10   156   1899.964       3.82155       4.240
   10   157   1879.731       3.79095       6.418
   10   158   1876.436       3.80974       4.739
   10   159   1862.106       3.81573       4.422
   10   160   1922.809       3.82039       4.556
   10   161   1834.104       3.82123       3.090
   10   162   1914.753       3.81428       2.788
   10   163   1871.996       3.80985       6.072
   10   164   1875.912       3.81872       4.835
   10   165   1857.777       3.80033       3.655
   10   166   1871.557       3.80737       4.166
   10   167   1832.093       3.79191       5.623
   10   168   1919.077       3.80246       3.729
   10   169   1892.733       3.78748       5.690
   10   170   1882.513       3.81232       5.650
   10   171   1832.344       3.81423       4.243
   10   172   1865.953       3.82197       4.273
   10   173   1863.264       3.81233       4.701
   10   174   1901.984       3.83671       3.192
   10   175   1863.556       3.81079       5.353
   10   176   1943.848       3.81577       3.792
   10   177   1864.305       3.81680       2.878
   10   178   1903.353       3.81086       3.569
   10   179   1848.229       3.80044       3.537
   10   180   1922.813       3.79849       5.325
   10   181   1867.633       3.80326       2.917
   10   182   1910.514       3.80694       5.183
   10   183   1817.471       3.82911       4.101
   10   184   1950.571       3.81659       5.673
   10   185   1866.518       3.81370       3.604
   10   186   1918.374       3.81305       2.580
   10   187   1851.841       3.82376       2.927
   10   188   1893.327       3.82428       2.783
   10   189   1846.692       3.80725       3.361
   10   190   1881.429       3.80157       3.808
   10   191   1851.818       3.79015       6.117
   10   192   1918.747       3.80507       4.617
   10   193   1871.141       3.80444       4.962
   10   194   1900.524       3.81483       4.095
   10   195   1861.850       3.80709       5.798
   10   196   1890.780       3.82047       5.987
   10   197   1834.449       3.80889       4.139
   10   198   1915.585       3.81147       5.457
   10   199   1859.706       3.80364       4.177
   10   200   1905.324       3.81047       4.878
   10   201   1853.214       3.81552       2.925
   10   202   1877.188       3.81478       3.355
   10   203   1813.640       3.80518       4.553
   10   204   1882.350       3.81177       4.469
   10   205   1859.276       3.80680       7.152
   10   206   1918.171       3.81067       3.927
   10   207   1850.639       3.79184       6.835
   10   208   1896.852       3.82330       3.432
   10   209   1878.567       3.80710       5.703
   10   210   1920.858       3.81096       2.135
   10   211   1860.202       3.80118       4.436
   10   212   1906.798       3.80551       3.581
   10   213   1817.771       3.80052       4.675
   10   214   1895.584       3.79986       3.922
   10   215   1831.343       3.81580       3.976
   10   216   1943.867       3.81398       5.313
   10   217   1821.967       3.80520       6.903
   10   218   1906.895       3.81705       4.701
   10   219   1884.218       3.80766       1.884
   10   220   1882.626       3.81909       2.686
   10   221   1865.879       3.81114       2.663
   10   222   1903.099       3.80903       6.118
   10   223   1838.222       3.79709       4.742
   10   224   1947.229       3.80952       3.603
   10   225   1853.452       3.81473       3.096
   10   226   1920.829       3.80771       3.673
   10   227   1834.636       3.81003       3.689
   10   228   1888.255       3.82674       4.897
   10   229   1870.513       3.80629       5.593
   10   230   1867.214       3.82268       3.563
   10   231   1890.284       3.79652       5.542
   10   232   1882.970       3.81989       4.724
   10   233   1878.919       3.81496       3.573
   10   234   1872.490       3.81871       5.275
   10   235   1851.304       3.81889       4.358
   10   236   1914.251       3.80810       4.721
   10   237   1891.857       3.79735       2.851
   10   238   1971.906       3.78926       5.322
   10   239   1873.715       3.79463       6.575
   10   240   1917.105       3.81666       3.856
   10   241   1826.299       3.80843       4.575
   10   242   1908.889       3.81124       4.000
   10   243   1861.031       3.79790       6.022
   10   244   1887.553       3.80504       5.116
   10   245   1835.703       3.79557       4.665
   10   246   1896.916       3.80349       4.060
   10   247   1888.128       3.80437       3.809
   10   248   1869.315       3.81550       5.389
   10   249   1904.089       3.79712       5.180
   10   250   1873.410       3.82478       3.931
   10   251   1840.372       3.80069       5.208
   10   252   1892.102       3.81096       6.502
   10   253   1812.024       3.81188       4.412
   10   254   1897.167       3.80811       6.023
   10   255   1894.408       3.79474       6.005
   10   256   1877.534       3.80765       7.871
   10   257   1810.698       3.81544       4.175
   10   258   1889.101       3.82240       4.798
   10   259   1833.899       3.79776       6.369
   10   260   1879.201       3.81028       3.889
   10   261   1832.466       3.80301       2.949
   10   262   1888.678       3.80581       5.073
   10   263   1866.228       3.80122       5.327
   10   264   1878.611       3.82556       3.987
   10   265   1887.642       3.79980       5.417
   10   266   1877.872       3.80762       8.185
   10   267   1875.484       3.80266       6.501
   10   268   1963.226       3.80812       4.382
   10   269   1858.310       3.80380       6.346
   10   270   1880.483       3.81221       4.920
   10   271   1847.919       3.80692       4.009
   10   272   1902.415       3.80739       6.114
   10   273   1819.950       3.80953       4.904
   10   274   1864.617       3.81231       3.757
   10   275   1852.153       3.79502       5.771
   10   276   1919.439       3.80087       4.632
   10   277   1892.416       3.79180       2.928
   10   278   1882.525       3.80837       5.401
   10   279   1833.867       3.80929       6.927
   10   280   1930.418       3.81369       5.508
   10   281   1874.161       3.80562       6.149
   10   282   1905.969       3.81031       4.053
   10   283   1858.566       3.80438       7.183
   10   284   1931.062       3.81271       4.033
   10   285   1844.413       3.80372       4.147
   10   286   1893.890       3.80556       4.818
   10   287   1882.297       3.80089       4.190
   10   288   1895.507       3.80714       3.312
   10   289   1884.989       3.80898       2.983
   10   290   1913.631       3.81266       3.167
   10   291   1846.905       3.80599       4.710
   10   292   1909.285       3.81885       5.121
   10   293   1832.710       3.80243       5.104
   10   294   1880.895       3.82093       4.175
   10   295   1854.068       3.79517       5.984
   10   296   1924.080       3.80560       7.811
   10   297   1859.374       3.80925       5.122
   10   298   1919.294       3.82449       2.188
   10   299   1862.522       3.80367       5.894
   10   300   1894.032       3.81209       4.645
   10   301   1881.675       3.79363       3.438
   10   302   1896.514       3.80544       3.726
   10   303   1848.937       3.80607       4.522
   10   304   1948.154       3.80740       5.282
   10   305   1859.747       3.80540       3.911
   10   306   1868.188       3.81610       3.131
   10   307   1853.837       3.80622       5.693
   10   308   1903.411       3.81383       4.238
   10   309   1859.735       3.80588       6.095
   10   310   1856.133       3.82335       4.382
   10   311   1845.978       3.81113       7.599
   10   312   1925.271       3.82207       6.293
   10   313   1854.932       3.80760       5.415
   10   314   1882.889       3.82267       2.259
   10   315   1826.761       3.81295       2.307
   10   316   1908.671       3.80520       3.828
   10   317   1808.738       3.80357       5.093
   10   318   1891.973       3.79556       5.178
   10   319   1878.328       3.79258       6.082
   10   320   1939.282       3.80597       5.142
   10   321   1843.233       3.79867       7.499
   10   322   1897.688       3.79782       6.619
   10   323   1842.278       3.79732       6.164
   10   324   1901.422       3.81348       4.399
   10   325   1842.745       3.80507       5.417
   10   326   1877.205       3.80035       3.693
   10   327   1816.953       3.81702       3.930
   10   328   1892.145       3.81023       5.176
   10   329   1860.307       3.80512       6.157
   10   330   1903.765       3.81449       3.653
   10   331   1882.497       3.80182       3.520
   10   332   1905.660       3.81273       4.084
   10   333   1862.099       3.79997       4.000
   10   334   1882.318       3.80104       5.194
   10   335   1888.511       3.79632       4.327
   10   336   1910.074       3.80509       3.504
   10   337   1857.798       3.79579       5.419
   10   338   1893.744       3.81107       4.375
   10   339   1852.169       3.79996       5.723
   10   340   1893.570       3.81822       3.812
   10   341   1881.103       3.80116       5.246
   10   342   1927.680       3.79612       4.276
   10   343   1832.497       3.79775       4.918
   10   344   1897.961       3.81506       4.665
   10   345   1862.988       3.80666       4.579
   10   346   1888.337       3.80568       4.831
   10   347   1856.474       3.80761       4.890
   10   348   1907.740       3.80975       4.976
   10   349   1851.565       3.79948       3.526
   10   350   1885.391       3.80024       3.535
   10   351   1839.200       3.80893       3.020
   10   352   1901.947       3.81071       5.686
   10   353   1866.467       3.79981       6.200
   10   354   1904.253       3.80575       3.418
   10   355   1852.908       3.80087       5.507
   10   356   1893.116       3.81091       3.672
   10   357   1857.472       3.80927       4.859
   10   358   1899.436       3.81861       3.383
   10   359   1841.073       3.81463       2.709
   10   360   1898.212       3.81351       3.760
   10   361   1822.474       3.79757       4.947
   10   362   1915.455       3.81509       5.399
   10   363   1832.174       3.81896       4.752
   10   364   1851.352       3.82599       5.683
   10   365   1820.543       3.81023       5.346
   10   366   1878.017       3.81949       3.835
   10   367   1891.762       3.79009       5.161
   10   368   1939.432       3.79882       4.425
   10   369   1821.723       3.79914       4.208
   10   370   1952.198       3.79701       4.516
   10   371   1878.395       3.78992       5.282
   10   372   1918.738       3.79718       6.783
   10   373   1816.880       3.80766       5.387
   10   374   1889.463       3.81001       6.528
   10   375   1838.365       3.79863       5.718
   10   376   1914.296       3.80940       5.443
   10   377   1830.785       3.81514       4.224
   10   378   1900.087       3.80664       3.435
   10   379   1807.144       3.80304       5.204
   10   380   1925.718       3.81009       2.597
   10   381   1868.039       3.79200       6.051
   10   382   1873.324       3.80967       3.676
   10   383   1826.404       3.81763       3.779
   10   384   1899.250       3.81840       5.451
   10   385   1858.395       3.81400       4.913
   10   386   1898.881       3.80361       4.715
   10   387   1853.936       3.80900       4.292
   10   388   1886.471       3.80942       4.127
   10   389   1868.959       3.79605       6.099
   10   390   1911.357       3.81475       2.600
   10   391   1889.024       3.80793       3.404
   10   392   1916.897       3.80766       4.901
   10   393   1839.573       3.79395       5.011
   10   394   1907.522       3.81011       5.492
   10   395   1858.568       3.81490       3.892
   10   396   1895.892       3.81810       4.632
   10   397   1875.506       3.80215       5.751
   10   398   1853.138       3.82480       3.176
   10   399   1849.367       3.80532       3.541
   10   400   1923.243       3.80516       3.467
   10   401   1848.324       3.79975       5.490
   10   402   1866.102       3.80658       4.337
   10   403   1865.512       3.80176       4.202
   10   404   1917.590       3.80645       6.563
   10   405   1880.795       3.80124       2.849
   10   406   1925.683       3.81105       3.441
   10   407   1861.275       3.80740       6.982
   10   408   1901.319       3.82028       4.508
   10   409   1831.009       3.81332       3.256
   10   410   1850.416       3.81748       3.006
   10   411   1892.385       3.79390       3.752
   10   412   1857.186       3.80748       4.076
   10   413   1884.196       3.79253       3.252
   10   414   1916.216       3.80293       5.635
   10   415   1821.764       3.80985       6.265
   10   416   1915.359       3.81185       3.493
   10   417   1858.452       3.80690       2.246
   10   418   1925.519       3.81340       2.917
   10   419   1873.331       3.80532       4.743
   10   420   1864.754       3.81429       4.148
   10   421   1867.695       3.81660       2.940
   10   422   1893.085       3.81806       3.299
   10   423   1813.617       3.81812       5.428
   10   424   1890.279       3.82094       3.772
   10   425   1883.615       3.80292       3.717
   10   426   1906.927       3.80161       3.104
   10   427   1862.306       3.80033       4.120
   10   428   1909.007       3.80451       5.295
   10   429   1858.085       3.79432       7.978
   10   430   1894.957       3.80863       6.469
   10   431   1857.344       3.81170       5.097
   10   432   1913.789       3.81784       2.331
   10   433   1831.665       3.79743       6.084
   10   434   1929.440       3.80387       4.854
   10   435   1838.295       3.79723       5.664
   10   436   1859.562       3.81778       5.231
   10   437   1846.332       3.81986       2.980
   10   438   1882.322       3.81580       6.097
   10   439   1868.057       3.80872       3.128
   10   440   1893.865       3.80466       4.146
   10   441   1823.408       3.80515       4.312
   10   442   1881.848       3.79836       4.791
   10   443   1838.406       3.80154       5.129
   10   444   1923.197       3.80342       4.513
   10   445   1838.332       3.80239       5.005
   10   446   1884.636       3.81430       3.921
   10   447   1879.560       3.80305       5.196
   10   448   1869.956       3.80848       5.026
   10   449   1867.517       3.79922       7.177
   10   450   1906.494       3.80938       4.798
   10   451   1876.590       3.80028       3.385
   10   452   1867.915       3.81099       5.568
   10   453   1831.453       3.80572       5.096
   10   454   1897.962       3.79509       7.081
   10   455   1811.204       3.80514       7.334
   10   456   1891.188       3.82621       4.357
   10   457   1856.469       3.81142       5.349
   10   458   1911.248       3.81178       5.828
   10   459   1871.618       3.79978       5.705
   10   460   1910.341       3.81888       3.433
   10   461   1834.349       3.80263       4.371
   10   462   1884.501       3.80508       2.387
   10   463   1853.906       3.80484       4.420
   10   464   1887.747       3.81035       5.120
   10   465   1812.037       3.80273       7.180
   10   466   1916.604       3.80904       6.798
   10   467   1843.298       3.81075       5.217
   10   468   1913.185       3.79896       7.873
   10   469   1870.535       3.80500       4.199
   10   470   1904.583       3.80764       4.232
   10   471   1830.244       3.80551       5.843
   10   472   1875.201       3.81943       4.544
   10   473   1819.042       3.80390       6.237
   10   474   1866.463       3.81232       4.526
   10   475   1853.916       3.80158       5.797
   10   476   1904.492       3.80264       4.161
   10   477   1839.227       3.79305       4.007
   10   478   1932.136       3.79600       3.930
   10   479   1850.909       3.79408       2.256
   10   480   1889.615       3.81036       4.815
   10   481   1839.920       3.80640       6.122
   10   482   1881.711       3.80531       6.699
   10   483   1859.296       3.80914       6.581
   10   484   1893.917       3.80215       4.880
   10   485   1895.381       3.80181       4.397
   10   486   1891.961       3.80093       3.342
   10   487   1814.110       3.80085       5.610
   10   488   1901.891       3.81026       3.418
   10   489   1828.737       3.80981       3.305
   10   490   1934.404       3.80209       5.390
   10   491   1874.004       3.79105       5.386
   10   492   1842.052       3.82301       6.874
   10   493   1839.876       3.81161       5.452
   10   494   1874.812       3.82384       4.788
   10   495   1809.697       3.81412       5.755
   10   496   1936.737       3.81056       3.165
   10   497   1839.451       3.80342       3.683
   10   498   1812.974       3.77238       3.398
   10   499   1754.300       3.77723       4.626
   10   500   1831.704       3.79563       3.734
   10   501   1747.638       3.79930       5.210
   10   502   1852.268       3.79646       4.350
   10   503   1816.058       3.78051       7.266
   10   504   1896.462       3.84160       3.083
   10   505   1824.443       3.81398       4.700
   10   506   1939.471       3.80993       4.103
   10   507   1842.837       3.80605       4.554
   10   508   1884.910       3.82257       4.716
   10   509   1860.643       3.80525       4.752
   10   510   1897.295       3.81566       5.097
   10   511   1840.385       3.81108       3.545
   10   512   1816.363       3.80751       5.401
   10   513   1818.455       3.81825       2.873
   10   514   1864.143       3.78458       6.852
   10   515   1827.710       3.78282       6.227
   10   516   1860.706       3.79539       4.084
   10   517   1822.389       3.79455       5.386
   10   518   1861.796       3.79706       6.244
   10   519   1831.804       3.79174       7.446
   10   520   1826.521       3.81419       4.213
   10   521   1863.221       3.80410       7.098
   10   522   1820.020       3.81785       8.444
   10   523   1849.813       3.80088       4.474
   10   524   1806.292       3.81225       5.388
   10   525   1821.749       3.79959       3.706
   10   526   1794.888       3.79327       6.579
   10   527   1836.928       3.78042       6.585
   10   528   1866.951       3.79386       4.642
   10   529   1853.792       3.79025       5.599
   10   530   1823.164       3.79845       6.729
   10   531   1854.027       3.78274       7.529
   10   532   1816.225       3.81011       6.740
   10   533   1836.877       3.80527       5.205
   10   534   1858.305       3.80751       7.372
   10   535   1855.294       3.79769       5.293
   10   536   1862.128       3.80877       4.412
   10   537   1863.972       3.78821       5.710
   10   538   1862.032       3.79845       2.842
   10   539   1842.808       3.79323       1.447
   10   540   1856.219       3.78544       4.295
   10   541   1818.641       3.79350       5.156
   10   542   1859.182       3.79732       6.969
   10   543   1868.873       3.78792       5.454
   10   544   1840.268       3.80499       3.059
   10   545   1830.611       3.80434       4.590
   10   546   1850.980       3.80353       5.772
   10   547   1857.538       3.80609       4.180
   10   548   1825.740       3.79912       5.467
   10   549   1809.168       3.80104       5.259
   10   550   1838.839       3.79228       6.120
   10   551   1826.160       3.78657       6.693
   10   552   1834.516       3.80405       2.256
   10   553   1830.323       3.79153       4.850
   10   554   1838.562       3.80367       5.635
   10   555   1838.406       3.81107       3.936
   10   556   1839.395       3.81034       3.339
   10   557   1848.862       3.79766       5.322
   10   558   1859.284       3.79970       6.430
   10   559   1846.501       3.79984       2.687
   10   560   1834.843       3.80600       2.938
   10   561   1818.258       3.81019       3.128
   10   562   1852.069       3.80060       3.648
   10   563   1879.575       3.79165       4.512
   10   564   1853.200       3.80540       6.462
   10   565   1865.812       3.79457       5.422
   10   566   1835.035       3.80851       4.860
   10   567   1820.095       3.79818       4.516
   10   568   1837.570       3.80767       4.128
   10   569   1851.670       3.79434       6.647
   10   570   1866.554       3.79090       5.827
   10   571   1849.707       3.78943       4.246
   10   572   1823.025       3.78778       3.803
   10   573   1861.513       3.77568       6.582
   10   574   1875.910       3.78405       6.839
   10   575   1845.947       3.78752       5.888
   10   576   1798.759       3.80661       5.271
   10   577   1841.950       3.79264       5.712
   10   578   1822.536       3.81098       6.357
   10   579   1872.769       3.79626       5.420
   10   580   1835.533       3.81104       2.733
   10   581   1878.556       3.79537       4.776
   10   582   1826.790       3.80400       4.906
   10   583   1908.880       3.79721       4.764
   10   584   1868.876       3.80438       4.705
   10   585   1813.470       3.80883       4.102
   10   586   1848.770       3.79110       5.402
   10   587   1860.254       3.78045       5.385
   10   588   1857.790       3.79133       4.355
   10   589   1848.814       3.79008       5.340
   10   590   1841.233       3.79844       5.578
   10   591   1854.440       3.80139       4.721
   10   592   1843.753       3.80994       6.211
   10   593   1845.140       3.80392       5.707
   10   594   1868.999       3.80169       5.683
   10   595   1831.235       3.78833       4.595
   10   596   1838.091       3.80422       4.144
   10   597   1836.145       3.79454       4.716
   10   598   1839.657       3.79539       3.687
   10   599   1819.960       3.79496       5.301
   10   600   1821.605       3.80314       4.192
   10   601   1878.846       3.77669       7.470
   10   602   1854.735       3.81209       3.663
   10   603   1871.717       3.78558       4.706
   10   604   1861.256       3.81657       2.328
   10   605   1859.778       3.81962       3.716
   10   606   1858.424       3.80275       3.316
   10   607   1872.022       3.79292       3.706
   10   608   1862.412       3.79768       3.430
   10   609   1883.026       3.78034       4.782
   10   610   1848.756       3.78294       5.781
   10   611   1812.803       3.79246       3.254
   10   612   1827.650       3.80640       6.557
   10   613   1845.794       3.80447       5.386
   10   614   1856.635       3.80611       7.081
   10   615   1838.772       3.80451       7.160
   10   616   1845.828       3.81281       2.513
   10   617   1810.841       3.80321       6.425
   10   618   1827.767       3.80378       4.394
   10   619   1874.029       3.79555       3.758
   10   620   1842.045       3.80837       3.268
   10   621   1830.635       3.78891       4.041
   10   622   1865.544       3.79139       5.556
   10   623   1880.037       3.78256       6.205
   10   624   1836.918       3.79692       5.345
   10   625   1816.708       3.79352       5.126
   10   626   1808.795       3.82160       5.615
   10   627   1844.593       3.79355       6.059
   10   628   1827.446       3.80228       4.685
   10   629   1829.049       3.79097       4.070
   10   630   1864.112       3.81013       4.176
   10   631   1829.390       3.80089       3.427
   10   632   1880.187       3.78798       4.675
   10   633   1811.084       3.79810       4.781
   10   634   1849.774       3.78892       5.276
   10   635   1887.337       3.79103       4.237
   10   636   1816.617       3.79611       5.791
   10   637   1825.043       3.79632       5.521
   10   638   1814.721       3.80697       5.690
   10   639   1823.452       3.80311       4.015
   10   640   1854.070       3.79547       5.532
   10   641   1812.069       3.80102       5.221
   10   642   1810.047       3.80317       4.565
   10   643   1831.072       3.79750       5.262
   10   644   1858.640       3.79476       4.817
   10   645   1835.353       3.80528       3.438
   10   646   1822.159       3.80632       5.928
   10   647   1857.619       3.79693       5.666
   10   648   1868.945       3.79640       4.874
   10   649   1835.180       3.80610       3.647
   10   650   1824.322       3.81339       3.100
   10   651   1840.105       3.80261       2.413
   10   652   1836.198       3.81111       2.648
   10   653   1817.175       3.80146       6.459
   10   654   1848.015       3.80667       5.092
   10   655   1839.700       3.79383       4.042
   10   656   1857.300       3.80624       4.145
   10   657   1845.108       3.79890       4.763
   10   658   1826.091       3.81052       5.675
   10   659   1815.635       3.80664       3.285
   10   660   1837.723       3.80152       4.245
   10   661   1855.077       3.79206       3.676
   10   662   1828.960       3.79390       6.181
   10   663   1831.983       3.79592       4.115
   10   664   1817.644       3.80178       4.756
   10   665   1831.038       3.79324       5.581
   10   666   1826.813       3.79945       6.308
   10   667   1896.666       3.80360       5.078
   10   668   1862.596       3.80433       4.967
   10   669   1824.269       3.79925       3.773
   10   670   1867.005       3.79292       6.777
   10   671   1910.910       3.80134       3.549
   10   672   1824.091       3.79250       4.125
   10   673   1861.141       3.78075       5.682
   10   674   1821.163       3.79256       5.346
   10   675   1847.325       3.79331       5.381
   10   676   1818.754       3.79820       3.729
   10   677   1860.678       3.79093       6.012
   10   678   1834.855       3.80770       5.480
   10   679   1870.102       3.79748       4.806
   10   680   1862.756       3.81272       3.290
   10   681   1831.202       3.80178       4.312
   10   682   1852.642       3.80354       4.858
   10   683   1815.047       3.80901       2.664
   10   684   1835.718       3.79799       4.496
   10   685   1840.483       3.79355       3.196
   10   686   1860.565       3.80108       6.497
   10   687   1813.623       3.80910       4.055
   10   688   1866.387       3.80815       3.599
   10   689   1839.426       3.80252       2.920
   10   690   1856.201       3.79492       3.668
   10   691   1842.706       3.79678       3.016
   10   692   1865.268       3.78872       3.473
   10   693   1850.495       3.79346       4.621
   10   694   1822.909       3.80425       4.061
   10   695   1837.746       3.78832       6.274
   10   696   1855.587       3.79872       6.465
   10   697   1865.900       3.78563       6.220
   10   698   1855.286       3.80776       6.181
   10   699   1879.290       3.80054       6.700
   10   700   1846.574       3.82139       3.749
   10   701   1855.063       3.79405       4.204
   10   702   1858.302       3.80634       4.329
   10   703   1835.778       3.80834       3.079
   10   704   1804.233       3.80515       4.177
   10   705   1838.571       3.79694       3.768
   10   706   1851.250       3.79604       5.468
   10   707   1858.767       3.79503       5.666
   10   708   1878.207       3.79048       6.648
   10   709   1810.642       3.80809       4.539
   10   710   1841.433       3.81255       5.160
   10   711   1823.289       3.80615       3.541
   10   712   1865.643       3.80008       7.445
   10   713   1853.103       3.80454       4.425
   10   714   1833.711       3.80674       5.100
   10   715   1819.795       3.80628       3.815
   10   716   1852.264       3.80375       3.582
   10   717   1849.283       3.80341       2.307
   10   718   1877.277       3.80020       4.075
   10   719   1841.411       3.79776       3.104
   10   720   1870.941       3.78391       4.970
   10   721   1797.248       3.79372       4.497
   10   722   1864.415       3.79484       7.398
   10   723   1871.327       3.79267       4.229
   10   724   1853.000       3.78876       7.084
   10   725   1830.518       3.79807       6.076
   10   726   1808.525       3.80822       6.633
   10   727   1851.307       3.80106       5.537
   10   728   1856.089       3.79687       3.463
   10   729   1841.601       3.79909       4.153
   10   730   1836.272       3.80786       3.082
   10   731   1846.154       3.78848       4.433
   10   732   1837.549       3.80900       3.598
   10   733   1875.948       3.80331       5.201
   10   734   1849.175       3.81496       5.572
   10   735   1834.947       3.79349       4.524
   10   736   1849.465       3.80567       3.258
   10   737   1852.257       3.80571       4.132
   10   738   1823.115       3.80701       3.736
   10   739   1829.255       3.79746       3.047
   10   740   1837.368       3.79576       3.242
   10   741   1868.842       3.79576       4.073
   10   742   1850.594       3.78930       5.500
   10   743   1818.483       3.80024       5.581
   10   744   1852.510       3.80381       5.010
   10   745   1844.365       3.80218       3.468
   10   746   1842.677       3.81534       3.333
   10   747   1814.906       3.79999       5.883
   10   748   1832.341       3.80048       4.877
   10   749   1800.942       3.81223       3.392
   10   750   1819.612       3.80528       4.531
   10   751   1872.734       3.78684       4.755
   10   752   1869.076       3.79433       5.634
   10   753   1875.968       3.78368       6.701
   10   754   1805.779       3.81311       4.297
   10   755   1845.428       3.80242       2.593
   10   756   1854.388       3.79697       6.632
   10   757   1835.813       3.79717       5.379
   10   758   1831.130       3.79888       4.763
   10   759   1810.114       3.80500       4.847
   10   760   1860.329       3.80143       3.338
   10   761   1818.152       3.80848       2.558
   10   762   1827.304       3.80329       4.543
   10   763   1808.271       3.80164       4.064
   10   764   1819.165       3.80852       4.441
   10   765   1830.266       3.79452       3.544
   10   766   1858.887       3.79936       4.736
   10   767   1860.912       3.79450       5.224
   10   768   1809.035       3.81043       4.464
   10   769   1828.372       3.80068       5.009
   10   770   1829.377       3.81259       4.142
   10   771   1836.328       3.80232       3.960
   10   772   1846.306       3.78904       4.873
   10   773   1852.022       3.79991       4.950
   10   774   1870.073       3.80650       4.653
   10   775   1832.706       3.80794       4.164
   10   776   1854.816       3.80800       6.845
   10   777   1827.178       3.79899       5.641
   10   778   1842.926       3.80882       5.124
   10   779   1847.237       3.79925       2.632
   10   780   1837.823       3.80817       4.541
   10   781   1834.344       3.80171       2.871
   10   782   1828.059       3.80099       5.942
   10   783   1844.051       3.80276       3.078
   10   784   1843.724       3.79940       3.492
   10   785   1804.146       3.78840       4.679
   10   786   1803.416       3.79733       7.540
   10   787   1830.228       3.80147       4.469
   10   788   1848.922       3.80576       4.606
   10   789   1847.501       3.80586       4.431
   10   790   1852.416       3.80171       6.979
   10   791   1845.983       3.80224       3.802
   10   792   1822.600       3.81001       4.572
   10   793   1858.909       3.80277       4.073
   10   794   1861.057       3.81078       6.443
   10   795   1827.385       3.80703       3.127
   10   796   1877.481       3.80987       2.641
   10   797   1839.232       3.79360       4.453
   10   798   1836.000       3.80342       4.878
   10   799   1848.210       3.80477       3.677
   10   800   1873.830       3.80191       4.544
   10   801   1854.240       3.78944       4.943
   10   802   1852.974       3.80089       5.236
   10   803   1848.772       3.79249       4.309
   10   804   1868.226       3.80206       3.787
   10   805   1839.405       3.80415       4.042
   10   806   1803.684       3.80752       5.706
   10   807   1843.741       3.81533       3.098
   10   808   1840.247       3.79862       4.330
   10   809   1849.108       3.79572       2.920
   10   810   1867.776       3.81409       3.890
   10   811   1826.237       3.81479       2.674
   10   812   1828.602       3.81114       4.251
   10   813   1840.356       3.80709       3.141
   10   814   1863.671       3.79831       4.319
   10   815   1832.182       3.79707       3.676
   10   816   1815.566       3.80091       4.244
   10   817   1898.934       3.79497       5.587
   10   818   1824.536       3.81129       5.056
   10   819   1840.056       3.80271       4.572
   10   820   1856.513       3.80683       3.554
   10   821   1848.931       3.80135       5.173
   10   822   1827.787       3.80567       4.336
   10   823   1834.781       3.80432       2.856
   10   824   1869.533       3.80406       5.042
   10   825   1859.981       3.80155       5.779
   10   826   1866.009       3.81041       4.380
   10   827   1873.542       3.79921       5.107
   10   828   1882.145       3.80009       5.534
   10   829   1854.615       3.80620       6.034
   10   830   1854.367       3.81719       2.498
   10   831   1851.794       3.80204       3.776
   10   832   1821.735       3.80926       3.856
   10   833   1839.745       3.79240       3.740
   10   834   1879.779       3.79971       5.604
   10   835   1781.363       3.80765       5.624
   10   836   1834.486       3.79641       5.038
   10   837   1882.990       3.78130       5.735
   10   838   1819.347       3.80408       3.872
   10   839   1837.063       3.80171       4.198
   10   840   1842.131       3.80620       5.855
   10   841   1857.055       3.80648       5.770
   10   842   1840.386       3.81089       3.735
   10   843   1866.670       3.80254       4.602
   10   844   1865.305       3.78432       3.644
   10   845   1835.690       3.78557       6.218
   10   846   1833.242       3.79930       5.116
   10   847   1866.415       3.79583       4.432
   10   848   1856.479       3.81334       5.423
   10   849   1805.679       3.80528       4.449
   10   850   1852.909       3.80541       6.299
   10   851   1841.910       3.80537       3.798
   10   852   1813.957       3.81708       2.638
   10   853   1810.257       3.81227       3.535
   10   854   1881.021       3.80544       4.354
   10   855   1878.635       3.79685       3.702
   10   856   1834.414       3.80454       3.403
   10   857   1876.610       3.79360       3.337
   10   858   1826.756       3.81608       5.857
   10   859   1832.819       3.81248       3.621
   10   860   1832.714       3.82392       3.175
   10   861   1818.015       3.80536       5.864
   10   862   1840.207       3.81097       3.785
   10   863   1807.829       3.81793       2.092
   10   864   1861.270       3.78992       3.531
   10   865   1796.252       3.80225       2.465
   10   866   1860.236       3.80210       4.564
   10   867   1829.278       3.80455       3.131
   10   868   1841.213       3.80409       5.200
   10   869   1894.414       3.79322       6.844
   10   870   1841.416       3.79148       7.534
   10   871   1857.581       3.80919       4.451
   10   872   1826.037       3.80040       6.218
   10   873   1841.447       3.81689       2.178
   10   874   1808.910       3.81994       4.562
   10   875   1834.365       3.80544       3.765
   10   876   1849.647       3.79888       4.266
   10   877   1824.693       3.80933       4.607
   10   878   1857.437       3.79590       4.395
   10   879   1863.667       3.78399       4.630
   10   880   1851.041       3.79448       5.361
   10   881   1837.220       3.80783       3.432
   10   882   1802.407       3.80093       7.121
   10   883   1867.781       3.79517       5.998
   10   884   1830.729       3.80604       3.499
   10   885   1837.630       3.79253       4.751
   10   886   1876.615       3.80725       4.120
   10   887   1792.819       3.80179       5.612
   10   888   1821.639       3.81464       3.127
   10   889   1805.063       3.81127       3.273
   10   890   1808.648       3.81386       4.960
   10   891   1825.314       3.78400       4.491
   10   892   1803.257       3.81703       4.057
   10   893   1844.786       3.79684       6.264
   10   894   1837.104       3.80096       4.546
   10   895   1831.207       3.79636       5.910
   10   896   1870.612       3.80544       5.636
   10   897   1848.799       3.80300       3.479
   10   898   1858.722       3.80702       4.109
   10   899   1865.579       3.79788       4.548
   10   900   1858.104       3.80353       5.584
   10   901   1832.879       3.80674       3.073
   10   902   1831.163       3.80832       4.631
   10   903   1856.960       3.79801       5.088
   10   904   1859.610       3.80698       5.123
   10   905   1842.315       3.80451       4.453
   10   906   1838.805       3.80624       5.481
   10   907   1870.008       3.79768       4.476
   10   908   1831.454       3.81619       4.774
   10   909   1881.199       3.79348       7.092
   10   910   1796.483       3.81520       7.750
   10   911   1846.691       3.80554       4.846
   10   912   1856.650       3.81315       3.618
   10   913   1881.334       3.79735       3.557
   10   914   1862.734       3.80021       5.719
   10   915   1833.778       3.79584       3.540
   10   916   1837.363       3.80661       4.374
   10   917   1823.942       3.80055       4.791
   10   918   1841.386       3.82684       4.374
   10   919   1882.460       3.80902       4.686
   10   920   1840.926       3.81197       4.443
   10   921   1834.801       3.80207       5.191
   10   922   1859.022       3.80994       3.814
   10   923   1872.323       3.79481       4.271
   10   924   1855.195       3.80091       3.960
   10   925   1824.152       3.79982       3.077
   10   926   1861.666       3.80861       3.274
   10   927   1817.164       3.80466       4.737
   10   928   1814.724       3.81782       3.518
   10   929   1803.762       3.81414       4.260
   10   930   1835.682       3.82329       4.650
   10   931   1835.622       3.81232       4.096
   10   932   1860.408       3.81235       4.409
   10   933   1826.244       3.81283       3.884
   10   934   1829.793       3.81632       4.067
   10   935   1839.148       3.81169       1.865
   10   936   1877.554       3.79740       5.448
   10   937   1850.395       3.81283       4.618
   10   938   1832.590       3.79879       6.347
   10   939   1831.168       3.79386       4.372
   10   940   1851.238       3.80742       2.585
   10   941   1809.183       3.80406       5.251
   10   942   1862.787       3.81041       4.436
   10   943   1802.337       3.80935       3.687
   10   944   1853.091       3.80396       5.322
   10   945   1843.631       3.81038       2.170
   10   946   1840.178       3.82022       2.898
   10   947   1848.797       3.80434       2.698
   10   948   1846.871       3.82227       2.018
   10   949   1841.118       3.80624       5.539
   10   950   1811.217       3.82582       3.057
   10   951   1845.057       3.80837       3.056
   10   952   1860.849       3.81230       4.118
   10   953   1802.650       3.80866       4.766
   10   954   1823.672       3.80942       5.313
   10   955   1826.144       3.79790       4.890
   10   956   1831.019       3.80455       5.499
   10   957   1832.228       3.80299       6.358
   10   958   1858.823       3.81309       5.265
   10   959   1822.264       3.80962       5.805
   10   960   1843.277       3.81699       3.831
   10   961   1835.051       3.80345       4.676
   10   962   1866.500       3.79964       5.707
   10   963   1866.514       3.79327       4.102
   10   964   1882.723       3.79672       4.508
   10   965   1881.272       3.79388       5.230
   10   966   1840.603       3.81692       3.989
   10   967   1840.627       3.80874       4.194
   10   968   1844.125       3.80213       5.093
   10   969   1876.409       3.79394       6.109
   10   970   1842.521       3.79907       6.168
   10   971   1848.863       3.80272       6.254
   10   972   1853.770       3.81167       6.361
   10   973   1835.762       3.80906       4.030
   10   974   1862.485       3.81466       5.064
   10   975   1852.347       3.79961       5.750
   10   976   1824.166       3.81857       2.916
   10   977   1848.849       3.80827       4.218
   10   978   1833.057       3.81516       4.832
   10   979   1840.912       3.80920       3.516
   10   980   1838.485       3.80749       3.718
   10   981   1816.906       3.81076       4.195
   10   982   1864.628       3.79300       6.389
   10   983   1822.647       3.79882       5.725
   10   984   1868.009       3.80444       4.018
   10   985   1872.803       3.80839       5.851
   10   986   1844.735       3.81303       6.316
   10   987   1807.384       3.81005       4.046
   10   988   1812.100       3.81902       3.151
   10   989   1847.257       3.81386       3.811
   10   990   1843.197       3.80993       5.484
   10   991   1829.134       3.80954       2.674
   10   992   1838.064       3.80075       3.996
   10   993   1845.904       3.80336       4.052
   10   994   1846.799       3.80246       6.269
   10   995   1879.850       3.80023       6.876
   10   996   1818.919       3.80689       4.869
   10   997   1813.076       3.81572       3.924
   10   998   1851.027       3.81296       7.267
   10   999   1837.301       3.81784       3.871
   10  1000   1828.407       3.81208       2.242
   10  1001   1820.546       3.81399       2.374
   10  1002   1886.591       3.80030       3.558
   10  1003   1839.219       3.80234       2.525
   10  1004   1828.622       3.80065       4.813
   10  1005   1791.042       3.82008       4.311
   10  1006   1814.812       3.81893       5.530
   10  1007   1791.176       3.81717       4.192
   10  1008   1838.095       3.81881       3.141
   10  1009   1832.078       3.81382       2.336
   10  1010   1866.775       3.79890       2.441
   10  1011   1826.520       3.79377       2.472
   10  1012   1858.767       3.79859       3.017
   10  1013   1834.432       3.79443       3.279
   10  1014   1842.260       3.79455       2.269
   10  1015   1787.681       3.78844       4.142
   10  1016   1862.545       3.80466       4.014
   10  1017   1810.482       3.80305       4.359
   10  1018   1836.530       3.81627       4.284
   10  1019   1813.476       3.79911       4.283
   10  1020   1857.252       3.81585       4.498
   10  1021   1841.385       3.82005       3.700
   10  1022   1847.619       3.82798       5.622
   10  1023   1861.783       3.82030       3.305
