   11     0   1904.844       3.86621       3.264
   11     1   1819.518       3.86073       2.409
   11     2   1906.335       3.83733       2.857
   11     3   1882.125       3.82156       5.502
   11     4   1936.413       3.84331       3.245
   11     5   1905.953       3.81308       5.595
   11     6   1931.713       3.83621       5.693
   11     7   1832.360       3.83008       4.705
   11     8   1910.126       3.84301       8.000
   11     9   1845.652       3.82356       5.647
   11    10   1916.310       3.84389       3.277
   11    11   1840.845       3.83789       4.183
   11    12   1911.862       3.83767       5.050
   11    13   1865.633       3.83694       3.233
   11    14   1938.696       3.83461       4.641
   11    15   1879.794       3.82819       7.191
   11    16   1925.031       3.84247       6.531
   11    17   1877.886       3.82623       5.735
   11    18   1903.653       3.84958       4.762
   11    19   1892.605       3.83660       5.773
   11    20   1901.211       3.86092       2.701
   11    21   1846.182       3.83649       3.369
   11    22   1939.484       3.84204       3.054
   11    23   1890.625       3.83095       5.025
   11    24   1918.569       3.84371       2.804
   11    25   1876.428       3.84452       4.326
   11    26   1879.555       3.84925       4.116
   11    27   1897.806       3.82792       5.277
   11    28   1915.031       3.85002       3.213
   11    29   1849.775       3.84356       5.014
   11    30   1952.367       3.83705       4.045
   11    31   1873.326       3.83146       2.693
   11    32   1876.325       3.84801       3.286
   11    33   1852.683       3.83055       3.482
   11    34   1932.348       3.83577       2.684
   11    35   1820.879       3.84014       3.668
   11    36   1914.421       3.85544       3.675
   11    37   1824.696       3.85084       4.641
   11    38   1967.441       3.83392       4.116
   11    39   1856.101       3.83866       2.561
   11    40   1920.590       3.83681       2.812
   11    41   1856.783       3.83673       4.643
   11    42   1903.518       3.83968       3.101
   11    43   1860.510       3.83917       4.488
   11    44   1883.253       3.85614       5.016
   11    45   1880.105       3.84011       3.546
   11    46   1893.509       3.84559       5.550
   11    47   1867.022       3.83339       4.923
   11    48   1924.266       3.83983       4.388
   11    49   1863.389       3.82805       4.035
   11    50   1932.045       3.84227       2.467
   11    51   1855.719       3.82885       4.602
   11    52   1885.951       3.83857       4.698
   11    53   1859.669       3.82593       3.113
   11    54   1895.535       3.84313       4.051
   11    55   1856.862       3.84034       4.206
   11    56   1903.596       3.84508       7.516
   11    57   1872.042       3.83898       4.975
   11    58   1929.660       3.84229       4.209
   11    59   1844.535       3.84029       4.393
   11    60   1910.671       3.84431       4.258
   11    61   1871.498       3.82536       4.146
   11    62   1883.437       3.83781       3.644
   11    63   1854.028       3.83022       4.157
   11    64   1923.752       3.82505       5.673
   11    65   1892.570       3.82745       7.497
   11    66   1897.006       3.84095       5.703
   11    67   1876.477       3.82183       6.459
   11    68   1900.238       3.84509       3.875
   11    69   1864.479       3.83063       5.003
   11    70   1948.055       3.83706       5.824
   11    71   1856.631       3.84768       4.337
   11    72   1859.302       3.85574       2.704
   11    73   1842.398       3.82621       3.526
   11    74   1930.694       3.82613       4.700
   11    75   1862.912       3.83335       5.498
   11    76   1890.786       3.84559       6.348
   11    77   1857.172       3.83785       3.234
   11    78   1926.328       3.83376       4.013
   11    79   1909.292       3.82857       5.481
   11    80   1898.410       3.83978       4.375
   11    81   1880.158       3.82500       3.500
   11    82   1920.670       3.83039       4.355
   11    83   1866.420       3.83480       3.223
   11    84   1922.775       3.83128       4.334
   11    85   1851.928       3.83565       4.225
   11    86   1928.106       3.84909       2.762
   11    87   1859.694       3.83631       7.232
   11    88   1913.674       3.86404       3.826
   11    89   1859.628       3.84172       3.543
   11    90   1916.771       3.83654       3.376
   11    91   1855.755       3.83797       3.676
   11    92   1896.703       3.82975       5.162
   11    93   1891.111       3.81363       5.753
   11    94   1932.959       3.83721       3.205
   11    95   1848.950       3.82099       5.022
   11    96   1910.999       3.84062       5.729
   11    97   1916.061       3.84678       3.409
   11    98   1914.575       3.83903       4.426
   11    99   1847.937       3.82556       5.000
   11   100   1902.644       3.83273       5.379
   11   101   1878.930       3.83493       2.700
   11   102   1931.696       3.84083       6.200
   11   103   1856.929       3.84417       7.868
   11   104   1920.671       3.85063       4.835
   11   105   1835.146       3.84832       3.019
   11   106   1967.928       3.82664       2.934
   11   107   1903.120       3.83000       5.807
   11   108   1890.011       3.83661       2.234
   11   109   1874.381       3.82580       3.886
   11   110   1917.480       3.83275       3.158
   11   111   1893.501       3.81036       4.713
   11   112   1885.706       3.83433       4.934
   11   113   1848.269       3.82458       6.352
   11   114   1940.546       3.83758       2.936
   11   115   1852.768       3.83294       4.790
   11   116   1911.534       3.83808       4.985
   11   117   1886.406       3.81473       7.171
   11   118   1954.587       3.83672       2.893
   11   119   1855.008       3.84018       3.569
   11   120   1903.246       3.84863       4.688
   11   121   1877.613       3.83003       4.338
   11   122   1873.545       3.84468       3.878
   11   123   1877.571       3.83284       2.475
   11   124   1924.406       3.85152       3.224
   11   125   1888.842       3.83536       4.248
   11   126   1943.885       3.83924       3.525
   11   127   1865.012       3.83713       3.352
   11   128   1922.294       3.84234       2.485
   11   129   1821.043       3.82960       4.840
   11   130   1916.681       3.83498       5.123
   11   131   1840.404       3.82837       4.826
   11   132   1923.731       3.82564       4.960
   11   133   1897.937       3.82784       4.076
   11   134   1887.559       3.83521       4.709
   11   135   1846.670       3.82649       5.225
   11   136   1928.232       3.83054       5.653
   11   137   1910.695       3.82599       5.848
   11   138   1965.408       3.84084       5.180
   11   139   1808.498       3.84541       5.048
   11   140   1920.376       3.84007       5.045
   11   141   1868.524       3.82547       3.848
   11   142   1931.953       3.84234       3.948
   11   143   1835.151       3.83720       5.079
   11   144   1911.738       3.84019       3.950
   11   145   1832.327       3.84688       3.392
   11   146   1850.449       3.85116       3.229
   11   147   1874.953       3.81856       6.015
   11   148   1931.885       3.83971       5.750
   11   149   1842.878       3.84415       4.526
   11   150   1914.775       3.83891       5.140
   11   151   1876.886       3.82213       4.873
   11   152   1918.229       3.83280       4.127
   11   153   1879.311       3.82143       5.404
   11   154   1935.845       3.83284       3.788
   11   155   1860.679       3.83606       6.036
   11   156   1950.725       3.83408       4.369
   11   157   1879.455       3.82811       4.170
   11   158   1891.084       3.83913       6.701
   11   159   1841.059       3.84167       4.619
   11   160   1914.618       3.84791       3.797
   11   161   1878.748       3.82577       6.709
   11   162   1929.043       3.83852       4.243
   11   163   1864.050       3.82935       5.945
   11   164   1905.593       3.84746       3.381
   11   165   1906.415       3.82388       5.631
   11   166   1945.949       3.82865       2.720
   11   167   1909.686       3.81890       5.674
   11   168   1914.291       3.83409       3.921
   11   169   1894.243       3.80975       4.886
   11   170   1928.521       3.83569       4.349
   11   171   1900.622       3.82588       6.818
   11   172   1882.029       3.84340       5.405
   11   173   1872.449       3.83343       4.566
   11   174   1933.889       3.85470       3.479
   11   175   1880.267       3.84062       5.091
   11   176   1930.293       3.84875       2.866
   11   177   1835.857       3.84554       2.591
   11   178   1953.419       3.82954       4.467
   11   179   1882.075       3.82789       2.690
   11   180   1932.804       3.83461       2.637
   11   181   1905.823       3.82828       3.873
   11   182   1913.852       3.82605       7.178
   11   183   1816.955       3.84161       6.993
   11   184   1919.058       3.84945       8.203
   11   185   1848.859       3.84256       5.851
   11   186   1905.845       3.84688       3.767
   11   187   1847.778       3.83256       6.286
   11   188   1888.056       3.83805       2.960
   11   189   1875.788       3.83419       3.939
   11   190   1894.813       3.83088       2.191
   11   191   1858.969       3.81745       3.406
   11   192   1898.518       3.82100       4.509
   11   193   1845.037       3.81868       6.055
   11   194   1921.422       3.84620       3.218
   11   195   1860.367       3.82381       6.556
   11   196   1917.035       3.84055       3.923
   11   197   1875.928       3.83085       6.490
   11   198   1921.790       3.84527       3.105
   11   199   1891.929       3.83686       3.499
   11   200   1909.198       3.82943       4.707
   11   201   1881.149       3.82893       4.896
   11   202   1925.135       3.82030       4.651
   11   203   1852.271       3.82247       5.012
   11   204   1892.404       3.83849       7.745
   11   205   1880.799       3.82599       4.744
   11   206   1903.351       3.83761       5.900
   11   207   1876.185       3.83935       5.346
   11   208   1922.260       3.85450       2.487
   11   209   1891.615       3.83004       5.407
   11   210   1887.543       3.85092       2.980
   11   211   1841.808       3.83755       2.322
   11   212   1950.000       3.82997       3.956
   11   213   1898.952       3.81660       0.874
   11   214   1888.952       3.83555       3.050
   11   215   1882.619       3.82610       4.484
   11   216   1927.515       3.84020       2.989
   11   217   1853.098       3.83037       4.624
   11   218   1954.737       3.82234       4.724
   11   219   1857.504       3.84179       4.144
   11   220   1910.745       3.84024       6.176
   11   221   1862.894       3.82400       5.826
   11   222   1895.529       3.83123       3.487
   11   223   1833.912       3.82770       7.092
   11   224   1896.633       3.84128       3.614
   11   225   1859.990       3.82914       4.884
   11   226   1917.882       3.83354       4.349
   11   227   1915.372       3.81820       7.177
   11   228   1907.993       3.84868       5.249
   11   229   1873.256       3.82886       6.072
   11   230   1956.881       3.83763       5.128
   11   231   1859.005       3.82471       5.569
   11   232   1907.695       3.84379       6.060
   11   233   1857.503       3.84024       3.708
   11   234   1915.699       3.84672       3.130
   11   235   1879.102       3.83410       4.783
   11   236   1922.376       3.83846       4.398
   11   237   1874.016       3.82643       3.287
   11   238   1901.800       3.82023       4.994
   11   239   1885.523       3.82129       4.860
   11   240   1923.505       3.83742       5.886
   11   241   1835.581       3.83444       6.558
   11   242   1909.987       3.83892       4.458
   11   243   1844.087       3.84352       3.952
   11   244   1909.057       3.84237       3.966
   11   245   1855.124       3.82081       4.623
   11   246   1907.558       3.84273       2.609
   11   247   1908.897       3.81620       4.701
   11   248   1943.831       3.82585       4.513
   11   249   1873.390       3.81804       5.026
   11   250   1883.328       3.84062       4.720
   11   251   1859.140       3.83189       4.855
   11   252   1930.937       3.83605       3.833
   11   253   1836.837       3.82499       5.524
   11   254   1932.672       3.83889       2.789
   11   255   1853.621       3.84205       2.336
   11   256   1877.468       3.84777       2.592
   11   257   1853.290       3.83376       4.338
   11   258   1914.960       3.84246       3.330
   11   259   1881.113       3.82913       4.807
   11   260   1913.388       3.82877       5.569
   11   261   1838.253       3.82494       3.706
   11   262   1895.128       3.83139       4.360
   11   263   1913.279       3.80412       5.679
   11   264   1910.863       3.83076       6.984
   11   265   1839.769       3.82863       5.826
   11   266   1909.687       3.83504       4.664
   11   267   1849.327       3.83040       6.147
   11   268   1937.932       3.84073       5.549
   11   269   1839.544       3.83292       4.666
   11   270   1904.346       3.84137       2.517
   11   271   1874.853       3.83174       4.993
   11   272   1935.449       3.82981       3.445
   11   273   1844.386       3.82850       4.577
   11   274   1929.286       3.83501       2.498
   11   275   1868.113       3.82015       5.682
   11   276   1906.844       3.82705       4.025
   11   277   1881.678       3.81823       5.205
   11   278   1900.779       3.82921       5.994
   11   279   1871.435       3.82165       5.239
   11   280   1926.078       3.83994       3.492
   11   281   1870.318       3.83229       2.979
   11   282   1947.170       3.83004       3.847
   11   283   1880.265       3.81526       6.638
   11   284   1909.283       3.83477       3.336
   11   285   1876.472       3.82990       2.954
   11   286   1906.940       3.83656       4.222
   11   287   1858.704       3.82969       4.968
   11   288   1907.350       3.83388       4.640
   11   289   1850.749       3.82651       3.491
   11   290   1887.113       3.83710       4.100
   11   291   1847.782       3.83271       3.974
   11   292   1926.273       3.84846       3.384
   11   293   1871.118       3.82581       6.166
   11   294   1918.165       3.83217       3.736
   11   295   1875.485       3.81991       5.591
   11   296   1910.745       3.83936       4.425
   11   297   1878.759       3.82790       3.660
   11   298   1916.525       3.83859       3.242
   11   299   1868.005       3.82107       4.942
   11   300   1928.884       3.83536       3.695
   11   301   1882.469       3.82502       3.274
   11   302   1937.269       3.82944       2.909
   11   303   1817.885       3.83134       5.591
   11   304   1944.449       3.83582       3.409
   11   305   1838.127       3.82556       4.955
   11   306   1940.333       3.82847       4.433
   11   307   1862.671       3.83293       3.804
   11   308   1897.416       3.84799       3.087
   11   309   1852.968       3.83326       6.806
   11   310   1955.884       3.83291       3.832
   11   311   1876.294       3.83427       6.284
   11   312   1924.485       3.84591       3.771
   11   313   1834.017       3.83592       5.847
   11   314   1894.414       3.83165       4.134
   11   315   1863.036       3.83851       2.360
   11   316   1958.101       3.81495       3.025
   11   317   1855.226       3.82302       6.237
   11   318   1912.935       3.81842       5.257
   11   319   1884.370       3.80453       5.800
   11   320   1909.398       3.83021       4.909
   11   321   1821.465       3.82234       7.344
   11   322   1936.244       3.83122       6.394
   11   323   1858.841       3.82747       6.173
   11   324   1868.691       3.83722       4.554
   11   325   1891.169       3.82144       4.528
   11   326   1936.355       3.84590       2.892
   11   327   1859.289       3.83446       4.265
   11   328   1901.125       3.84316       5.989
   11   329   1895.041       3.83170       5.839
   11   330   1885.446       3.84674       3.763
   11   331   1839.499       3.83248       4.165
   11   332   1924.789       3.83685       4.546
   11   333   1815.175       3.84242       2.680
   11   334   1924.429       3.82050       3.298
   11   335   1887.637       3.82584       4.247
   11   336   1924.269       3.82951       4.742
   11   337   1889.266       3.81575       6.970
   11   338   1903.469       3.83337       4.877
   11   339   1873.679       3.81818       4.746
   11   340   1944.846       3.83280       3.498
   11   341   1872.816       3.81988       6.345
   11   342   1917.264       3.83159       2.761
   11   343   1908.737       3.82137       5.473
   11   344   1892.828       3.83759       4.035
   11   345   1890.208       3.82836       4.679
   11   346   1907.877       3.83752       2.974
   11   347   1866.450       3.83025       2.951
   11   348   1959.777       3.83503       2.506
   11   349   1889.474       3.81600       4.009
   11   350   1894.918       3.82355       4.944
   11   351   1861.502       3.82335       5.097
   11   352   1914.145       3.84138       4.025
   11   353   1866.621       3.82594       4.109
   11   354   1899.050       3.83471       4.594
   11   355   1882.731       3.82722       5.149
   11   356   1893.084       3.83784       3.533
   11   357   1916.853       3.81482       6.319
   11   358   1896.023       3.84608       3.072
   11   359   1872.694       3.82706       5.584
   11   360   1924.189       3.83766       3.580
   11   361   1861.190       3.82372       4.837
   11   362   1880.897       3.85225       4.780
   11   363   1826.902       3.83866       3.727
   11   364   1930.554       3.83837       4.665
   11   365   1871.527       3.82945       4.931
   11   366   1942.651       3.81982       4.023
   11   367   1837.298       3.82792       4.661
   11   368   1875.309       3.84519       2.833
   11   369   1873.875       3.81845       3.443
   11   370   1906.370       3.83285       3.577
   11   371   1869.779       3.82442       4.138
   11   372   1908.046       3.81895       6.855
   11   373   1880.714       3.80951       5.566
   11   374   1888.115       3.82922       4.519
   11   375   1901.423       3.81637       5.638
   11   376   1945.973       3.83566       5.985
   11   377   1874.674       3.82324       5.669
   11   378   1928.400       3.83556       2.730
   11   379   1887.914       3.81814       4.404
   11   380   1923.557       3.81985       4.720
   11   381   1863.857       3.81684       2.902
   11   382   1908.507       3.82763       6.002
   11   383   1841.630       3.84078       4.922
   11   384   1904.786       3.83688       7.904
   11   385   1847.350       3.82756       5.480
   11   386   1931.397       3.83098       5.147
   11   387   1829.489       3.83607       3.014
   11   388   1890.678       3.83509       3.881
   11   389   1860.880       3.82396       3.652
   11   390   1897.640       3.82657       4.627
   11   391   1841.377       3.82494       4.848
   11   392   1920.898       3.83845       3.984
   11   393   1878.609       3.81911       6.064
   11   394   1925.285       3.82938       6.070
   11   395   1863.894       3.82770       5.300
   11   396   1905.707       3.84329       3.732
   11   397   1874.193       3.83757       4.463
   11   398   1881.453       3.84792       3.694
   11   399   1881.239       3.82339       5.021
   11   400   1947.193       3.82420       4.010
   11   401   1860.412       3.82704       4.005
   11   402   1913.750       3.82673       3.656
   11   403   1870.198       3.82787       2.879
   11   404   1919.435       3.82739       4.489
   11   405   1867.322       3.82482       4.269
   11   406   1932.783       3.82106       6.355
   11   407   1885.616       3.82931       6.206
   11   408   1905.936       3.83474       7.676
   11   409   1825.436       3.83801       4.383
   11   410   1910.755       3.84179       2.317
   11   411   1885.982       3.81202       5.630
   11   412   1883.437       3.82400       3.243
   11   413   1866.587       3.82088       3.808
   11   414   1931.933       3.83312       2.763
   11   415   1870.049       3.82965       4.569
   11   416   1896.265       3.84183       3.372
   11   417   1861.671       3.83056       2.785
   11   418   1919.904       3.83997       3.742
   11   419   1864.758       3.82568       5.105
   11   420   1919.089       3.84361       2.839
   11   421   1863.493       3.81902       5.189
   11   422   1970.067       3.83194       3.900
   11   423   1849.576       3.83086       4.812
   11   424   1940.987       3.83033       3.854
   11   425   1839.824       3.83200       5.224
   11   426   1912.813       3.82697       4.399
   11   427   1846.069       3.81611       4.586
   11   428   1930.557       3.83300       2.995
   11   429   1871.197       3.81872       4.724
   11   430   1899.451       3.84721       2.488
   11   431   1845.998       3.82950       2.393
   11   432   1875.906       3.84224       4.396
   11   433   1894.371       3.81849       5.016
   11   434   1957.667       3.82635       3.523
   11   435   1852.446       3.82630       5.931
   11   436   1923.713       3.83427       4.517
   11   437   1849.657       3.82467       5.962
   11   438   1940.902       3.84486       3.266
   11   439   1850.361       3.82269       4.605
   11   440   1954.718       3.81784       5.064
   11   441   1863.907       3.82259       4.528
   11   442   1891.875       3.82795       4.981
   11   443   1863.518       3.82605       3.775
   11   444   1891.344       3.84436       3.714
   11   445   1879.929       3.83379       4.891
   11   446   1883.311       3.83482       3.372
   11   447   1869.353       3.82477       4.500
   11   448   1894.832       3.83675       4.505
   11   449   1853.278       3.82007       4.961
   11   450   1929.091       3.81873       4.830
   11   451   1879.555       3.82224       4.237
   11   452   1895.937       3.82990       4.713
   11   453   1830.290       3.82924       4.186
   11   454   1902.637       3.82495       7.171
   11   455   1857.628       3.82150       7.540
   11   456   1883.863       3.84116       4.299
   11   457   1845.618       3.85014       3.679
   11   458   1886.721       3.84518       4.837
   11   459   1877.937       3.82195       4.105
   11   460   1930.858       3.83053       3.338
   11   461   1924.139       3.81561       5.531
   11   462   1900.551       3.82740       4.590
   11   463   1881.880       3.81738       4.164
   11   464   1894.338       3.83979       4.334
   11   465   1898.872       3.82256       6.188
   11   466   1919.111       3.82992       4.929
   11   467   1872.171       3.83127       5.262
   11   468   1906.109       3.83963       5.511
   11   469   1823.127       3.84105       3.219
   11   470   1951.307       3.83250       3.753
   11   471   1868.415       3.82155       5.522
   11   472   1937.573       3.83068       4.079
   11   473   1904.846       3.81993       3.572
   11   474   1926.295       3.83953       1.622
   11   475   1871.226       3.82664       4.920
   11   476   1951.796       3.82042       3.804
   11   477   1874.038       3.82402       3.844
   11   478   1896.521       3.81889       4.559
   11   479   1872.408       3.82699       5.194
   11   480   1910.715       3.82665       6.782
   11   481   1878.772       3.82257       6.432
   11   482   1901.952       3.83615       5.490
   11   483   1903.679       3.83618       6.004
   11   484   1908.547       3.82861       6.157
   11   485   1887.767       3.81599       5.149
   11   486   1943.960       3.82522       4.038
   11   487   1836.635       3.82432       7.429
   11   488   1922.074       3.84104       3.839
   11   489   1832.277       3.83279       3.898
   11   490   1935.481       3.84026       3.584
   11   491   1866.041       3.82119       6.372
   11   492   1879.547       3.85413       4.910
   11   493   1851.885       3.84349       3.226
   11   494   1929.384       3.84563       2.383
   11   495   1870.839       3.84057       5.550
   11   496   1930.219       3.82671       3.380
   11   497   1865.200       3.82291       4.854
   11   498   1849.252       3.79519       2.979
   11   499   1782.990       3.78472       7.055
   11   500   1828.142       3.82775       3.985
   11   501   1802.860       3.81086       3.955
   11   502   1854.234       3.81555       4.179
   11   503   1782.057       3.81560       6.098
   11   504   1912.301       3.85826       4.942
   11   505   1863.631       3.82944       4.471
   11   506   1916.562       3.84099       4.098
   11   507   1883.534       3.82072       4.646
   11   508   1889.857       3.83712       5.685
   11   509   1845.906       3.83626       5.624
   11   510   1912.837       3.83725       4.693
   11   511   1858.111       3.84343       3.432
   11   512   1834.717       3.84003       3.396
   11   513   1831.751       3.83278       4.863
   11   514   1803.484       3.81678       6.292
   11   515   1828.130       3.81827       3.606
   11   516   1884.736       3.80773       6.166
   11   517   1829.261       3.81786       6.170
   11   518   1863.257       3.81389       7.764
   11   519   1849.415       3.81482       5.937
   11   520   1904.125       3.82194       6.907
   11   521   1850.156       3.80991       9.167
   11   522   1886.297       3.83322       5.487
   11   523   1856.305       3.81161       5.966
   11   524   1884.354       3.82543       6.010
   11   525   1876.489       3.81040       5.401
   11   526   1848.936       3.82982       3.114
   11   527   1877.254       3.80665       4.552
   11   528   1843.644       3.81604       5.200
   11   529   1848.404       3.81254       4.139
   11   530   1855.709       3.81724       7.954
   11   531   1843.051       3.81009       5.523
   11   532   1830.712       3.81967       4.554
   11   533   1819.165       3.82374       5.967
   11   534   1863.886       3.83593       5.138
   11   535   1860.235       3.83809       3.511
   11   536   1872.528       3.82651       4.535
   11   537   1884.869       3.80388       4.971
   11   538   1863.770       3.81082       3.987
   11   539   1903.543       3.79900       4.605
   11   540   1871.695       3.81410       4.859
   11   541   1851.366       3.80805       6.160
   11   542   1876.490       3.81619       6.939
   11   543   1844.405       3.81937       2.981
   11   544   1832.862       3.82970       3.021
   11   545   1874.325       3.82229       3.504
   11   546   1856.544       3.82259       6.781
   11   547   1844.268       3.82622       4.248
   11   548   1845.600       3.83585       3.401
   11   549   1904.342       3.80982       6.153
   11   550   1844.111       3.81785       4.826
   11   551   1803.725       3.81862       3.906
   11   552   1887.860       3.81661       4.797
   11   553   1840.898       3.80956       4.180
   11   554   1888.825       3.82051       5.214
   11   555   1865.495       3.82008       7.344
   11   556   1892.139       3.83050       5.050
   11   557   1822.167       3.83573       4.353
   11   558   1893.342       3.82384       4.400
   11   559   1852.482       3.81497       6.285
   11   560   1904.303       3.82431       3.824
   11   561   1853.186       3.81611       4.084
   11   562   1825.213       3.82788       3.053
   11   563   1884.818       3.80667       5.096
   11   564   1857.985       3.82141       5.336
   11   565   1846.995       3.82760       5.107
   11   566   1849.374       3.82242       6.355
   11   567   1855.979       3.82593       4.452
   11   568   1873.839       3.83447       4.799
   11   569   1873.023       3.81744       9.150
   11   570   1863.618       3.81788       3.977
   11   571   1874.544       3.81276       4.743
   11   572   1860.830       3.81644       2.409
   11   573   1833.162       3.80537       4.604
   11   574   1860.430       3.81834       5.095
   11   575   1844.700       3.81052       5.271
   11   576   1861.680       3.81826       6.602
   11   577   1855.747       3.81435       6.702
   11   578   1856.633       3.82369       6.240
   11   579   1883.710       3.82143       6.684
   11   580   1847.563       3.82955       4.599
   11   581   1864.187       3.82157       4.954
   11   582   1820.971       3.83416       3.375
   11   583   1829.822       3.83454       3.415
   11   584   1865.323       3.83284       3.668
   11   585   1830.764       3.82445       4.261
   11   586   1858.721       3.81700       4.936
   11   587   1882.547       3.80213       5.687
   11   588   1859.454       3.82299       2.695
   11   589   1817.536       3.80623       4.862
   11   590   1858.151       3.82265       5.501
   11   591   1825.820       3.82494       5.492
   11   592   1846.201       3.82641       5.530
   11   593   1837.023       3.82675       5.922
   11   594   1857.769       3.83066       4.630
   11   595   1873.004       3.82352       2.913
   11   596   1842.588       3.82812       4.906
   11   597   1814.763       3.82308       3.584
   11   598   1833.338       3.83228       3.610
   11   599   1857.683       3.82225       4.839
   11   600   1864.514       3.81474       5.137
   11   601   1846.644       3.81231       5.959
   11   602   1858.320       3.83276       3.860
   11   603   1845.347       3.82134       6.062
   11   604   1824.340       3.84494       5.864
   11   605   1839.495       3.82628       5.341
   11   606   1849.359       3.82707       3.789
   11   607   1860.344       3.82360       3.608
   11   608   1874.504       3.81501       4.138
   11   609   1861.071       3.80998       4.599
   11   610   1879.494       3.80642       5.104
   11   611   1862.956       3.81773       3.547
   11   612   1838.494       3.82824       5.037
   11   613   1834.474       3.82481       6.016
   11   614   1862.075       3.82658       8.894
   11   615   1857.355       3.83052       5.775
   11   616   1820.632       3.83650       3.015
   11   617   1855.724       3.82418       5.919
   11   618   1848.212       3.82842       4.385
   11   619   1839.185       3.82575       4.771
   11   620   1864.764       3.82721       3.546
   11   621   1855.002       3.81511       3.355
   11   622   1865.463       3.81585       6.315
   11   623   1885.002       3.78728       5.429
   11   624   1851.774       3.82260       3.779
   11   625   1845.524       3.82499       5.897
   11   626   1834.893       3.82653       6.091
   11   627   1840.479       3.82902       4.223
   11   628   1890.455       3.81731       5.279
   11   629   1879.698       3.80502       6.829
   11   630   1848.953       3.81420       4.383
   11   631   1859.514       3.82470       3.709
   11   632   1869.772       3.83866       2.997
   11   633   1861.472       3.82471       2.346
   11   634   1851.679       3.82029       5.411
   11   635   1829.027       3.81558       3.271
   11   636   1859.953       3.81891       3.958
   11   637   1858.878       3.81372       4.205
   11   638   1845.650       3.82788       4.914
   11   639   1832.448       3.83300       3.586
   11   640   1881.772       3.82428       5.039
   11   641   1819.900       3.82510       6.411
   11   642   1841.459       3.82721       4.425
   11   643   1849.297       3.82654       5.248
   11   644   1847.363       3.83506       2.921
   11   645   1843.372       3.83461       2.345
   11   646   1862.548       3.82960       4.592
   11   647   1828.160       3.82342       5.563
   11   648   1832.693       3.83037       3.753
   11   649   1809.433       3.83350       4.333
   11   650   1840.277       3.82527       6.408
   11   651   1850.672       3.82434       4.619
   11   652   1873.553       3.82201       4.862
   11   653   1795.523       3.81715       4.414
   11   654   1858.967       3.81832       5.131
   11   655   1872.407       3.81576       3.636
   11   656   1806.079       3.82372       6.281
   11   657   1816.936       3.81284       5.255
   11   658   1874.460       3.82261       5.054
   11   659   1888.405       3.82139       3.482
   11   660   1869.533       3.81967       2.896
   11   661   1857.632       3.81859       3.443
   11   662   1879.253       3.81901       3.847
   11   663   1857.085       3.81333       4.731
   11   664   1859.700       3.81226       5.774
   11   665   1851.841       3.82254       6.447
   11   666   1851.657       3.83026       5.432
   11   667   1848.675       3.82300       4.838
   11   668   1852.481       3.83093       3.783
   11   669   1894.037       3.80683       4.071
   11   670   1884.615       3.82259       4.327
   11   671   1832.262       3.81819       4.764
   11   672   1866.181       3.81885       3.250
   11   673   1841.074       3.81830       3.312
   11   674   1854.148       3.82846       4.084
   11   675   1857.982       3.80666       4.457
   11   676   1852.929       3.82314       3.983
   11   677   1842.845       3.80567       7.201
   11   678   1823.220       3.82913       5.766
   11   679   1871.767       3.81300       6.658
   11   680   1833.371       3.82279       6.742
   11   681   1839.998       3.82707       4.685
   11   682   1850.451       3.83127       5.288
   11   683   1853.451       3.82864       3.955
   11   684   1851.265       3.82340       3.358
   11   685   1890.134       3.80547       4.009
   11   686   1850.616       3.83596       6.427
   11   687   1860.398       3.82823       5.046
   11   688   1823.839       3.83354       3.378
   11   689   1822.800       3.82024       5.828
   11   690   1885.806       3.81224       5.016
   11   691   1901.582       3.80760       3.183
   11   692   1856.952       3.82097       3.571
   11   693   1830.922       3.81060       6.216
   11   694   1865.434       3.81453       4.523
   11   695   1867.638       3.80994       5.365
   11   696   1887.765       3.81448       4.415
   11   697   1868.552       3.80196       7.900
   11   698   1823.370       3.83331       5.367
   11   699   1853.072       3.82289       4.930
   11   700   1868.467       3.83800       3.760
   11   701   1863.078       3.81904       4.038
   11   702   1841.242       3.82674       6.325
   11   703   1863.690       3.81341       5.460
   11   704   1878.323       3.81381       5.660
   11   705   1851.578       3.80848       7.181
   11   706   1841.404       3.81875       5.346
   11   707   1849.176       3.82566       3.244
   11   708   1896.808       3.81369       4.778
   11   709   1905.541       3.81719       3.929
   11   710   1850.254       3.84143       5.340
   11   711   1825.114       3.82968       4.880
   11   712   1889.618       3.82430       5.731
   11   713   1884.625       3.81807       3.748
   11   714   1881.257       3.83263       3.649
   11   715   1873.535       3.82025       3.176
   11   716   1879.293       3.81635       6.328
   11   717   1851.372       3.82434       2.804
   11   718   1909.740       3.80736       5.585
   11   719   1856.106       3.80537       5.419
   11   720   1883.819       3.81348       5.472
   11   721   1834.212       3.81449       6.343
   11   722   1876.257       3.81928       6.049
   11   723   1819.414       3.82314       4.418
   11   724   1867.042       3.82015       5.469
   11   725   1850.215       3.82935       6.265
   11   726   1881.144       3.82377       7.926
   11   727   1842.723       3.81717       4.447
   11   728   1829.120       3.82315       4.050
   11   729   1857.479       3.82133       4.141
   11   730   1853.298       3.83562       3.241
   11   731   1826.474       3.81709       3.916
   11   732   1836.414       3.83175       4.071
   11   733   1870.587       3.81910       6.178
   11   734   1911.556       3.82709       5.712
   11   735   1845.752       3.82170       6.086
   11   736   1822.439       3.82750       4.558
   11   737   1874.467       3.83010       3.590
   11   738   1871.145       3.82654       4.881
   11   739   1861.502       3.81547       3.552
   11   740   1847.684       3.82218       3.675
   11   741   1833.884       3.81513       3.006
   11   742   1826.850       3.82237       5.676
   11   743   1854.962       3.82702       3.845
   11   744   1866.331       3.83360       3.289
   11   745   1903.256       3.81428       3.394
   11   746   1848.455       3.82246       5.096
   11   747   1879.869       3.83064       3.166
   11   748   1864.843       3.83068       3.988
   11   749   1865.780       3.82443       3.871
   11   750   1867.281       3.82305       6.226
   11   751   1871.774       3.81025       4.705
   11   752   1846.050       3.82976       2.894
   11   753   1826.608       3.82362       3.484
   11   754   1830.083       3.83941       4.956
   11   755   1873.603       3.81449       5.035
   11   756   1884.224       3.82903       3.909
   11   757   1823.848       3.81788       5.448
   11   758   1866.795       3.82151       5.211
   11   759   1868.592       3.81362       4.828
   11   760   1842.693       3.82604       3.908
   11   761   1862.278       3.81432       4.537
   11   762   1859.407       3.82848       4.421
   11   763   1873.479       3.82553       2.161
   11   764   1859.912       3.82077       5.593
   11   765   1827.869       3.82909       3.890
   11   766   1892.359       3.81201       4.799
   11   767   1832.556       3.82336       3.245
   11   768   1858.818       3.82299       3.272
   11   769   1870.036       3.80745       5.218
   11   770   1866.832       3.82434       3.055
   11   771   1817.983       3.82966       2.843
   11   772   1853.116       3.82372       3.321
   11   773   1860.135       3.80957       4.910
   11   774   1843.663       3.82034       5.669
   11   775   1914.978       3.81458       6.646
   11   776   1853.301       3.82699       5.678
   11   777   1864.464       3.82726       4.084
   11   778   1847.351       3.82886       5.127
   11   779   1878.604       3.82275       6.189
   11   780   1867.774       3.81830       4.363
   11   781   1834.766       3.82272       4.729
   11   782   1886.251       3.81852       4.987
   11   783   1896.723       3.80572       3.710
   11   784   1867.534       3.81145       4.999
   11   785   1886.229       3.79295       6.834
   11   786   1815.986       3.83052       7.091
   11   787   1869.481       3.82525       3.397
   11   788   1812.458       3.84869       3.370
   11   789   1878.993       3.82188       4.512
   11   790   1840.115       3.83048       3.568
   11   791   1819.107       3.83266       2.810
   11   792   1845.595       3.82545       3.420
   11   793   1827.205       3.82034       3.643
   11   794   1865.797       3.82937       2.942
   11   795   1825.152       3.81875       5.376
   11   796   1860.582       3.83665       2.860
   11   797   1830.729       3.81405       5.207
   11   798   1851.555       3.82309       4.084
   11   799   1864.433       3.81693       2.094
   11   800   1867.986       3.81438       5.816
   11   801   1850.642       3.82257       4.346
   11   802   1859.792       3.82302       5.243
   11   803   1860.491       3.81630       4.925
   11   804   1853.256       3.83957       3.345
   11   805   1828.821       3.82537       6.274
   11   806   1853.276       3.82987       5.403
   11   807   1875.399       3.83010       2.573
   11   808   1859.194       3.82911       4.161
   11   809   1868.477       3.81412       5.512
   11   810   1845.573       3.82531       4.326
   11   811   1855.120       3.82388       3.917
   11   812   1793.157       3.84290       5.293
   11   813   1848.134       3.82994       3.721
   11   814   1853.547       3.82908       4.764
   11   815   1859.118       3.82175       3.473
   11   816   1859.241       3.81799       3.891
   11   817   1861.869       3.82041       5.576
   11   818   1864.049       3.83511       5.610
   11   819   1856.680       3.82600       4.071
   11   820   1878.897       3.82695       2.842
   11   821   1869.655       3.81044       6.041
   11   822   1861.475       3.82199       6.657
   11   823   1860.109       3.81795       4.198
   11   824   1875.538       3.82806       4.077
   11   825   1883.724       3.82803       5.513
   11   826   1854.013       3.83569       5.761
   11   827   1834.410       3.82921       3.460
   11   828   1853.264       3.84002       3.736
   11   829   1831.592       3.83025       6.028
   11   830   1877.578       3.83574       4.483
   11   831   1885.075       3.81605       3.546
   11   832   1831.883       3.83427       2.997
   11   833   1843.154       3.80985       4.406
   11   834   1844.863       3.82473       5.150
   11   835   1838.654       3.81001       5.093
   11   836   1841.905       3.82708       2.752
   11   837   1877.761       3.80579       9.358
   11   838   1862.332       3.82472       6.189
   11   839   1854.821       3.82654       5.243
   11   840   1875.649       3.82504       4.996
   11   841   1877.208       3.83190       4.072
   11   842   1864.189       3.82542       4.273
   11   843   1865.740       3.82796       3.267
   11   844   1881.237       3.83166       2.933
   11   845   1867.346       3.82505       3.641
   11   846   1831.672       3.83827       4.165
   11   847   1892.417       3.80349       4.421
   11   848   1830.386       3.83715       4.416
   11   849   1857.724       3.82338       7.558
   11   850   1845.169       3.84023       4.039
   11   851   1860.128       3.83030       5.059
   11   852   1800.452       3.84275       2.663
   11   853   1849.896       3.82783       4.092
   11   854   1872.415       3.83391       3.261
   11   855   1859.396       3.81842       3.653
   11   856   1868.127       3.82497       4.367
   11   857   1857.658       3.82013       4.046
   11   858   1865.155       3.83465       5.507
   11   859   1861.151       3.82578       5.413
   11   860   1873.809       3.84327       3.228
   11   861   1861.090       3.82794       3.776
   11   862   1868.429       3.83690       4.398
   11   863   1840.838       3.82581       2.463
   11   864   1851.528       3.82114       3.844
   11   865   1864.697       3.81492       2.686
   11   866   1838.865       3.82669       6.820
   11   867   1800.346       3.82485       6.133
   11   868   1846.703       3.82113       5.076
   11   869   1848.363       3.81581       5.339
   11   870   1875.186       3.83186       5.051
   11   871   1844.378       3.82196       4.143
   11   872   1827.067       3.83009       4.660
   11   873   1856.614       3.82461       7.053
   11   874   1879.208       3.83157       4.166
   11   875   1872.264       3.83063       3.900
   11   876   1841.923       3.82621       4.707
   11   877   1878.808       3.81030       8.694
   11   878   1879.701       3.81222       4.891
   11   879   1854.969       3.80728       4.448
   11   880   1843.472       3.82018       4.184
   11   881   1881.213       3.81393       5.057
   11   882   1864.250       3.83511       4.585
   11   883   1863.391       3.82203       5.856
   11   884   1841.076       3.83317       3.456
   11   885   1861.210       3.82190       6.236
   11   886   1821.944       3.83403       5.896
   11   887   1842.808       3.81986       6.814
   11   888   1836.338       3.83348       3.523
   11   889   1845.777       3.82537       4.743
   11   890   1847.780       3.82359       6.505
   11   891   1852.427       3.81547       3.856
   11   892   1840.263       3.83000       3.392
   11   893   1851.899       3.81522       4.983
   11   894   1840.645       3.83967       6.044
   11   895   1856.568       3.83681       5.468
   11   896   1806.175       3.82744       4.315
   11   897   1858.934       3.81835       5.717
   11   898   1859.211       3.82765       5.062
   11   899   1865.080       3.82706       3.106
   11   900   1852.787       3.82005       4.999
   11   901   1843.492       3.82723       4.398
   11   902   1854.819       3.81658       3.572
   11   903   1872.892       3.81136       5.928
   11   904   1843.375       3.82666       4.354
   11   905   1854.789       3.81287       5.549
   11   906   1828.362       3.82812       4.522
   11   907   1879.167       3.81034       7.659
   11   908   1874.155       3.82778       4.046
   11   909   1892.375       3.81504       7.195
   11   910   1830.681       3.83872       4.678
   11   911   1860.502       3.83091       4.470
   11   912   1873.557       3.83745       3.778
   11   913   1860.021       3.83166       4.436
   11   914   1900.240       3.81884       4.160
   11   915   1879.340       3.81619       4.245
   11   916   1856.169       3.83410       2.680
   11   917   1864.545       3.82292       3.078
   11   918   1869.342       3.83891       3.714
   11   919   1856.441       3.82993       4.955
   11   920   1865.867       3.83681       3.928
   11   921   1869.449       3.81459       6.175
   11   922   1869.183       3.82770       5.070
   11   923   1847.572       3.83491       1.854
   11   924   1831.480       3.82412       4.695
   11   925   1850.267       3.80678       1.038
   11   926   1851.168       3.82902       4.945
   11   927   1882.952       3.82300       4.476
   11   928   1863.341       3.82581       4.381
   11   929   1854.376       3.83022       5.231
   11   930   1900.117       3.83735       4.015
   11   931   1878.065       3.82863       6.758
   11   932   1852.451       3.84121       2.431
   11   933   1868.730       3.82297       4.511
   11   934   1899.214       3.83215       3.191
   11   935   1858.866       3.83225       1.792
   11   936   1863.782       3.82619       4.703
   11   937   1844.637       3.82723       4.173
   11   938   1833.310       3.82697       5.759
   11   939   1873.335       3.82637       3.277
   11   940   1883.663       3.82713       4.138
   11   941   1838.544       3.82448       4.603
   11   942   1838.734       3.83915       4.020
   11   943   1836.558       3.82980       3.729
   11   944   1884.232       3.82350       5.321
   11   945   1841.203       3.82506       5.497
   11   946   1885.603       3.82118       4.575
   11   947   1856.930       3.82355       3.859
   11   948   1845.534       3.82636       3.634
   11   949   1907.321       3.81566       6.189
   11   950   1888.954       3.82388       5.779
   11   951   1856.040       3.83493       3.413
   11   952   1843.087       3.83328       3.088
   11   953   1837.747       3.82912       6.238
   11   954   1886.970       3.83594       2.787
   11   955   1865.678       3.83383       1.910
   11   956   1887.177       3.83473       3.529
   11   957   1863.558       3.82744       5.076
   11   958   1830.657       3.84373       2.997
   11   959   1858.130       3.83046       5.444
   11   960   1841.140       3.83546       4.012
   11   961   1852.672       3.83371       3.452
   11   962   1854.419       3.83233       4.286
   11   963   1873.137       3.82766       4.384
   11   964   1884.442       3.82264       5.924
   11   965   1837.950       3.82605       4.837
   11   966   1826.569       3.82678       4.666
   11   967   1838.302       3.83183       3.663
   11   968   1873.712       3.82149       5.156
   11   969   1828.938       3.82182       4.589
   11   970   1886.847       3.83250       7.136
   11   971   1855.051       3.82647       3.552
   11   972   1830.230       3.84100       3.209
   11   973   1870.516       3.81502       4.683
   11   974   1870.972       3.83187       3.978
   11   975   1829.837       3.83150       3.381
   11   976   1835.421       3.84202       4.677
   11   977   1834.768       3.82893       4.830
   11   978   1829.772       3.84489       3.431
   11   979   1850.974       3.83450       2.684
   11   980   1892.031       3.82583       5.040
   11   981   1854.928       3.82688       2.884
   11   982   1842.673       3.82289       6.131
   11   983   1852.707       3.82806       4.189
   11   984   1848.650       3.83107       5.138
   11   985   1844.489       3.83302       4.155
   11   986   1838.466       3.83928       4.673
   11   987   1852.954       3.82522       4.715
   11   988   1860.734       3.82738       4.982
   11   989   1870.997       3.83015       3.460
   11   990   1857.072       3.82406       4.829
   11   991   1841.801       3.82287       4.397
   11   992   1814.044       3.83162       3.353
   11   993   1853.288       3.82578       3.967
   11   994   1844.836       3.82260       3.749
   11   995   1889.484       3.83389       3.688
   11   996   1844.295       3.82783       5.939
   11   997   1844.602       3.83352       4.603
   11   998   1849.277       3.84148       4.311
   11   999   1886.919       3.82143       5.868
   11  1000   1854.053       3.84180       3.880
   11  1001   1891.386       3.82011       2.934
   11  1002   1860.379       3.83741       2.133
   11  1003   1851.543       3.82500       2.862
   11  1004   1847.921       3.82106       4.469
   11  1005   1827.371       3.83272       5.268
   11  1006   1811.270       3.83268       6.274
   11  1007   1854.463       3.83995       4.052
   11  1008   1839.881       3.84536       2.991
   11  1009   1842.854       3.83191       3.616
   11  1010   1815.400       3.82865       1.952
   11  1011   1828.752       3.82234       2.291
   11  1012   1833.249       3.82160       4.079
   11  1013   1827.673       3.82241       2.680
   11  1014   1882.110       3.81376       3.855
   11  1015   1864.867       3.80491       3.363
   11  1016   1877.739       3.81672       4.499
   11  1017   1884.244       3.79897       3.691
   11  1018   1874.278       3.82972       4.224
   11  1019   1861.628       3.82849       4.095
   11  1020   1856.786       3.84039       5.789
   11  1021   1837.011       3.84591       3.468
   11  1022   1854.559       3.84681       5.635
   11  1023   1882.973       3.84705       6.102
