    9     0   1962.200       3.82403       2.654
    9     1   1851.431       3.82805       3.648
    9     2   1905.644       3.81642       2.508
    9     3   1868.541       3.81455       3.649
    9     4   1910.493       3.82731       3.685
    9     5   1823.213       3.81423       5.420
    9     6   1893.636       3.82487       4.468
    9     7   1877.250       3.80610       6.720
    9     8   1928.234       3.81641       3.845
    9     9   1851.649       3.80677       3.985
    9    10   1876.385       3.80244       4.250
    9    11   1863.246       3.81616       6.641
    9    12   1911.410       3.82193       3.217
    9    13   1839.599       3.81325       3.517
    9    14   1950.803       3.80290       6.229
    9    15   1858.548       3.80565       5.659
    9    16   1897.827       3.81139       3.686
    9    17   1854.799       3.81581       6.486
    9    18   1916.265       3.81623       4.466
    9    19   1897.793       3.81228       5.775
    9    20   1910.905       3.81849       7.120
    9    21   1861.435       3.81544       3.090
    9    22   1928.780       3.81191       3.769
    9    23   1841.218       3.80750       4.375
    9    24   1890.799       3.80883       4.636
    9    25   1897.180       3.80126       3.804
    9    26   1899.978       3.81599       5.336
    9    27   1821.707       3.81772       5.483
    9    28   1874.602       3.81215       3.818
    9    29   1852.636       3.81104       4.999
    9    30   1918.920       3.80718       4.836
    9    31   1860.168       3.81180       3.540
    9    32   1882.511       3.82705       3.627
    9    33   1871.593       3.81698       3.141
    9    34   1914.736       3.81525       4.761
    9    35   1826.383       3.81308       7.538
    9    36   1938.170       3.82187       4.590
    9    37   1867.881       3.80553       4.239
    9    38   1884.977       3.81542       4.621
    9    39   1874.664       3.81981       3.363
    9    40   1909.009       3.81332       4.362
    9    41   1856.150       3.82402       5.096
    9    42   1900.306       3.81936       4.177
    9    43   1864.631       3.80825       5.071
    9    44   1932.942       3.81916       4.404
    9    45   1859.786       3.81327       4.306
    9    46   1959.806       3.81408       4.885
    9    47   1859.927       3.81562       6.138
    9    48   1913.471       3.82194       3.646
    9    49   1866.310       3.82141       2.891
    9    50   1915.376       3.81799       3.347
    9    51   1870.558       3.80103       5.554
    9    52   1908.209       3.80104       4.165
    9    53   1868.988       3.81340       5.160
    9    54   1901.418       3.81457       4.580
    9    55   1838.611       3.81614       5.904
    9    56   1915.502       3.81782       6.816
    9    57   1869.213       3.81887       4.564
    9    58   1913.034       3.82302       4.883
    9    59   1864.160       3.81232       5.300
    9    60   1911.190       3.82389       3.980
    9    61   1867.407       3.81454       3.545
    9    62   1866.911       3.80907       4.227
    9    63   1903.484       3.78925       3.913
    9    64   1900.497       3.81184       4.328
    9    65   1847.959       3.79832       6.840
    9    66   1894.174       3.80784       4.739
    9    67   1861.965       3.81324       5.669
    9    68   1899.298       3.81525       3.987
    9    69   1826.677       3.82196       5.779
    9    70   1888.933       3.81782       4.624
    9    71   1839.954       3.81221       4.631
    9    72   1902.147       3.81198       3.484
    9    73   1858.299       3.80446       4.282
    9    74   1910.687       3.80424       5.193
    9    75   1860.175       3.80358       6.918
    9    76   1887.344       3.81835       3.370
    9    77   1824.353       3.81124       6.757
    9    78   1898.767       3.81512       3.666
    9    79   1895.668       3.80138       4.164
    9    80   1931.254       3.81070       3.798
    9    81   1876.214       3.81064       4.131
    9    82   1931.705       3.81431       1.967
    9    83   1835.247       3.81163       4.125
    9    84   1911.845       3.81686       3.735
    9    85   1914.198       3.79611       6.298
    9    86   1900.706       3.83450       4.003
    9    87   1844.813       3.82079       5.674
    9    88   1952.817       3.82634       3.511
    9    89   1876.886       3.81540       3.397
    9    90   1926.360       3.80919       2.267
    9    91   1873.168       3.79715       3.947
    9    92   1913.067       3.80740       3.107
    9    93   1892.350       3.79691       4.095
    9    94   1915.956       3.80391       3.494
    9    95   1850.580       3.79745       7.112
    9    96   1869.139       3.81364       5.592
    9    97   1846.224       3.82183       5.140
    9    98   1901.780       3.80595       5.221
    9    99   1872.671       3.81004       5.174
    9   100   1920.732       3.80644       6.080
    9   101   1884.777       3.81306       3.227
    9   102   1963.172       3.80865       3.943
    9   103   1851.692       3.81264       8.259
    9   104   1914.774       3.80343       5.876
    9   105   1859.990       3.81561       4.684
    9   106   1879.192       3.81184       4.444
    9   107   1853.647       3.80609       4.467
    9   108   1907.009       3.81727       3.498
    9   109   1853.340       3.79767       6.010
    9   110   1914.021       3.80010       4.303
    9   111   1867.872       3.79169       6.517
    9   112   1890.398       3.81407       4.223
    9   113   1850.236       3.80476       6.736
    9   114   1953.168       3.80313       2.574
    9   115   1918.460       3.79811       5.260
    9   116   1898.324       3.81637       4.139
    9   117   1868.712       3.80182       3.716
    9   118   1878.696       3.81077       3.373
    9   119   1848.187       3.81568       3.900
    9   120   1942.386       3.81844       2.724
    9   121   1867.923       3.80603       4.487
    9   122   1909.007       3.81438       6.470
    9   123   1849.762       3.81498       5.329
    9   124   1915.732       3.81495       3.884
    9   125   1867.176       3.81871       3.100
    9   126   1945.618       3.79968       3.966
    9   127   1850.434       3.82576       3.208
    9   128   1892.565       3.80795       3.627
    9   129   1854.706       3.80568       5.221
    9   130   1869.814       3.81299       4.791
    9   131   1829.046       3.80175       6.243
    9   132   1911.542       3.79637       6.296
    9   133   1915.708       3.80761       3.637
    9   134   1938.311       3.80218       5.911
    9   135   1829.662       3.81834       3.536
    9   136   1897.328       3.81089       4.988
    9   137   1866.264       3.81226       5.635
    9   138   1936.253       3.80758       4.426
    9   139   1855.687       3.80339       5.778
    9   140   1891.633       3.82229       6.865
    9   141   1862.206       3.80574       4.464
    9   142   1939.791       3.81387       4.860
    9   143   1864.204       3.81471       3.756
    9   144   1980.518       3.79654       3.804
    9   145   1894.855       3.79886       5.474
    9   146   1919.526       3.79966       4.829
    9   147   1826.556       3.79931       6.218
    9   148   1922.923       3.80308       5.501
    9   149   1858.106       3.81553       3.652
    9   150   1890.956       3.81166       4.830
    9   151   1866.708       3.80688       4.570
    9   152   1903.956       3.81529       4.604
    9   153   1850.778       3.81903       3.925
    9   154   1902.930       3.81128       3.654
    9   155   1861.292       3.81344       4.364
    9   156   1905.121       3.81915       4.792
    9   157   1878.108       3.79787       4.752
    9   158   1903.522       3.80766       2.965
    9   159   1878.111       3.80406       4.163
    9   160   1891.749       3.81915       6.017
    9   161   1880.086       3.81201       4.557
    9   162   1912.939       3.80783       3.871
    9   163   1864.535       3.81992       4.688
    9   164   1927.120       3.82103       2.634
    9   165   1879.592       3.80925       3.795
    9   166   1864.174       3.81992       3.227
    9   167   1885.101       3.79853       4.689
    9   168   1900.407       3.80808       5.152
    9   169   1872.519       3.78397       5.717
    9   170   1891.038       3.80952       4.270
    9   171   1851.533       3.81740       4.431
    9   172   1919.726       3.80659       6.397
    9   173   1867.428       3.81327       4.379
    9   174   1909.882       3.82056       3.334
    9   175   1886.405       3.80670       4.622
    9   176   1933.419       3.81418       4.255
    9   177   1904.310       3.80938       3.712
    9   178   1927.201       3.80264       3.774
    9   179   1842.743       3.80721       3.170
    9   180   1906.979       3.80591       4.694
    9   181   1847.206       3.80161       4.125
    9   182   1897.233       3.80731       4.812
    9   183   1853.438       3.80968       5.677
    9   184   1899.062       3.82831       5.171
    9   185   1858.870       3.82026       5.829
    9   186   1891.623       3.81861       4.119
    9   187   1850.196       3.81377       4.904
    9   188   1892.853       3.81129       3.633
    9   189   1855.665       3.80983       3.044
    9   190   1920.853       3.79913       5.193
    9   191   1872.999       3.78135       7.327
    9   192   1923.468       3.80440       5.714
    9   193   1860.848       3.79328       6.750
    9   194   1906.116       3.79731       5.084
    9   195   1875.807       3.80710       4.114
    9   196   1930.498       3.80590       4.194
    9   197   1862.451       3.80302       5.364
    9   198   1879.984       3.81808       4.945
    9   199   1859.120       3.80861       5.179
    9   200   1928.716       3.79882       3.531
    9   201   1853.000       3.80023       5.041
    9   202   1934.577       3.79816       5.192
    9   203   1860.085       3.80445       5.797
    9   204   1862.951       3.82100       4.440
    9   205   1886.907       3.81097       2.635
    9   206   1899.770       3.81351       3.710
    9   207   1876.083       3.81602       4.732
    9   208   1954.710       3.81749       3.833
    9   209   1875.096       3.81663       4.193
    9   210   1908.108       3.81413       4.642
    9   211   1867.704       3.79448       5.276
    9   212   1897.168       3.79990       7.172
    9   213   1862.039       3.79456       5.153
    9   214   1913.801       3.80302       4.129
    9   215   1871.599       3.79609       5.436
    9   216   1889.716       3.81614       3.894
    9   217   1876.969       3.79630       6.569
    9   218   1953.686       3.79780       7.036
    9   219   1856.333       3.81519       4.454
    9   220   1911.344       3.81727       3.821
    9   221   1882.728       3.80922       3.108
    9   222   1918.382       3.80248       5.857
    9   223   1849.878       3.80620       6.980
    9   224   1922.736       3.82134       3.159
    9   225   1875.239       3.80371       4.547
    9   226   1911.278       3.79834       6.063
    9   227   1831.310       3.80475       5.340
    9   228   1899.147       3.80900       4.961
    9   229   1896.770       3.80811       4.306
    9   230   1892.324       3.81357       4.517
    9   231   1853.518       3.80811       5.457
    9   232   1917.233       3.80967       5.178
    9   233   1872.115       3.80820       5.409
    9   234   1941.669       3.82142       3.293
    9   235   1828.017       3.82210       4.495
    9   236   1894.429       3.81822       1.856
    9   237   1840.254       3.79817       3.444
    9   238   1909.502       3.79564       3.819
    9   239   1848.009       3.81120       5.845
    9   240   1882.727       3.80573       3.614
    9   241   1886.759       3.80088       5.194
    9   242   1958.253       3.80953       4.206
    9   243   1867.614       3.80288       5.084
    9   244   1881.378       3.80521       6.970
    9   245   1858.900       3.80109       5.521
    9   246   1907.418       3.80260       3.555
    9   247   1848.745       3.80372       5.718
    9   248   1911.033       3.80438       3.975
    9   249   1890.770       3.79899       4.056
    9   250   1899.581       3.80231       5.454
    9   251   1834.557       3.80216       4.607
    9   252   1925.125       3.80223       6.772
    9   253   1882.594       3.80233       5.421
    9   254   1904.548       3.82179       5.074
    9   255   1871.887       3.81334       4.715
    9   256   1915.483       3.80250       5.365
    9   257   1864.738       3.80320       6.609
    9   258   1957.325       3.80055       4.263
    9   259   1880.856       3.80414       5.441
    9   260   1925.205       3.79104       3.668
    9   261   1869.203       3.79828       3.912
    9   262   1894.481       3.80170       3.741
    9   263   1857.416       3.79995       5.715
    9   264   1934.852       3.80535       5.236
    9   265   1862.042       3.79898       6.728
    9   266   1897.017       3.80381       7.590
    9   267   1860.845       3.80080       7.435
    9   268   1931.884       3.80418       7.096
    9   269   1848.391       3.81181       6.497
    9   270   1901.778       3.81002       5.636
    9   271   1879.327       3.80158       3.004
    9   272   1932.888       3.79731       4.306
    9   273   1872.984       3.80110       3.710
    9   274   1908.645       3.80518       4.110
    9   275   1841.075       3.80334       4.316
    9   276   1948.667       3.79040       4.576
    9   277   1853.500       3.79409       6.067
    9   278   1931.747       3.80391       4.641
    9   279   1827.256       3.80163       5.824
    9   280   1970.589       3.80692       5.886
    9   281   1865.327       3.81363       3.313
    9   282   1928.233       3.80465       4.640
    9   283   1871.338       3.80834       4.612
    9   284   1903.288       3.81013       6.956
    9   285   1874.796       3.80833       4.261
    9   286   1973.148       3.78979       5.200
    9   287   1884.883       3.80116       4.625
    9   288   1872.024       3.81629       3.762
    9   289   1862.814       3.80792       4.931
    9   290   1907.708       3.80482       3.759
    9   291   1839.609       3.80300       5.147
    9   292   1903.721       3.80816       5.382
    9   293   1858.473       3.81517       3.820
    9   294   1884.010       3.81427       3.198
    9   295   1888.083       3.80759       4.067
    9   296   1913.834       3.79819       6.724
    9   297   1876.112       3.80989       4.456
    9   298   1907.372       3.81083       4.280
    9   299   1889.776       3.79679       4.417
    9   300   1896.130       3.81412       2.555
    9   301   1914.945       3.78772       4.525
    9   302   1905.879       3.80189       4.491
    9   303   1918.117       3.79699       6.433
    9   304   1928.396       3.80989       3.070
    9   305   1854.420       3.80090       5.247
    9   306   1909.413       3.80047       4.756
    9   307   1875.745       3.79883       4.805
    9   308   1899.369       3.81752       4.032
    9   309   1845.673       3.80815       4.569
    9   310   1894.525       3.81385       4.108
    9   311   1904.808       3.81194       3.914
    9   312   1900.341       3.81331       4.634
    9   313   1883.083       3.80648       3.595
    9   314   1880.396       3.80629       5.515
    9   315   1857.825       3.80521       5.899
    9   316   1959.271       3.78937       3.188
    9   317   1916.420       3.78896       3.092
    9   318   1918.040       3.78814       5.035
    9   319   1862.684       3.79915       4.679
    9   320   1916.338       3.80088       6.084
    9   321   1881.298       3.78700       6.629
    9   322   1906.790       3.80563       6.451
    9   323   1864.297       3.80693       6.019
    9   324   1889.426       3.81861       3.823
    9   325   1857.065       3.81190       4.844
    9   326   1879.890       3.81194       5.777
    9   327   1869.960       3.80227       6.185
    9   328   1901.833       3.80999       6.211
    9   329   1887.437       3.80198       5.551
    9   330   1886.156       3.81923       5.114
    9   331   1897.013       3.80087       5.212
    9   332   1929.004       3.80907       5.081
    9   333   1890.010       3.80476       4.753
    9   334   1924.862       3.80219       3.448
    9   335   1875.567       3.79142       4.707
    9   336   1879.530       3.80842       5.563
    9   337   1879.308       3.78958       5.234
    9   338   1937.259       3.79908       3.911
    9   339   1840.566       3.80513       5.097
    9   340   1938.027       3.79603       4.767
    9   341   1865.761       3.80325       6.557
    9   342   1860.131       3.80374       3.650
    9   343   1848.038       3.81242       4.825
    9   344   1938.491       3.81177       3.422
    9   345   1881.315       3.80150       5.775
    9   346   1904.253       3.80287       5.993
    9   347   1885.090       3.80585       3.806
    9   348   1914.668       3.80176       3.481
    9   349   1859.726       3.78988       6.423
    9   350   1925.717       3.78564       5.086
    9   351   1821.430       3.80751       5.298
    9   352   1916.349       3.80630       5.252
    9   353   1906.161       3.79919       5.560
    9   354   1897.036       3.81347       3.821
    9   355   1879.945       3.80463       6.458
    9   356   1945.478       3.80244       5.056
    9   357   1861.810       3.81639       4.084
    9   358   1892.479       3.79960       4.309
    9   359   1850.891       3.80829       4.998
    9   360   1941.847       3.79575       3.549
    9   361   1834.759       3.80405       5.128
    9   362   1937.216       3.80306       4.899
    9   363   1876.082       3.80556       5.788
    9   364   1919.580       3.82011       3.835
    9   365   1873.223       3.81098       4.213
    9   366   1919.538       3.80425       4.686
    9   367   1873.166       3.79710       6.131
    9   368   1912.479       3.80323       4.349
    9   369   1909.277       3.78495       4.573
    9   370   1917.967       3.80246       4.802
    9   371   1865.434       3.80636       4.955
    9   372   1893.157       3.80652       3.314
    9   373   1834.957       3.79500       7.060
    9   374   1891.978       3.80134       3.362
    9   375   1891.700       3.79556       5.834
    9   376   1922.067       3.80530       5.787
    9   377   1890.692       3.79576       5.297
    9   378   1911.790       3.80318       4.178
    9   379   1887.933       3.79072       5.395
    9   380   1963.786       3.79497       5.455
    9   381   1861.239       3.78503       6.170
    9   382   1918.295       3.80291       5.697
    9   383   1855.022       3.80094       6.391
    9   384   1909.162       3.80779       4.798
    9   385   1878.241       3.81194       6.475
    9   386   1916.753       3.80885       5.851
    9   387   1871.947       3.81664       4.358
    9   388   1947.162       3.81053       2.628
    9   389   1831.565       3.79558       5.625
    9   390   1942.057       3.79748       4.629
    9   391   1863.528       3.80117       4.646
    9   392   1917.143       3.80396       5.517
    9   393   1872.584       3.79199       7.087
    9   394   1936.008       3.80606       6.190
    9   395   1836.713       3.81395       6.067
    9   396   1900.331       3.81266       7.531
    9   397   1878.852       3.80456       5.437
    9   398   1925.372       3.81186       4.043
    9   399   1846.862       3.80768       4.619
    9   400   1916.927       3.80178       4.678
    9   401   1854.824       3.80331       5.225
    9   402   1922.476       3.79347       3.953
    9   403   1894.756       3.79661       5.624
    9   404   1933.977       3.80613       4.637
    9   405   1852.912       3.79839       5.726
    9   406   1922.432       3.80842       5.207
    9   407   1896.128       3.80765       5.139
    9   408   1900.274       3.80615       5.067
    9   409   1889.099       3.80626       3.855
    9   410   1918.145       3.80100       3.807
    9   411   1889.800       3.80322       3.061
    9   412   1917.240       3.79708       3.672
    9   413   1853.323       3.80442       4.393
    9   414   1913.135       3.80300       2.992
    9   415   1868.929       3.80630       4.366
    9   416   1923.802       3.80219       4.613
    9   417   1912.159       3.78934       5.124
    9   418   1901.922       3.81054       2.049
    9   419   1886.007       3.79825       5.724
    9   420   1923.752       3.80619       4.790
    9   421   1855.527       3.81419       4.544
    9   422   1871.489       3.81609       5.239
    9   423   1853.043       3.81127       4.758
    9   424   1890.339       3.81066       5.401
    9   425   1876.220       3.80598       4.289
    9   426   1893.645       3.80080       3.393
    9   427   1841.351       3.79999       4.065
    9   428   1877.578       3.81802       3.508
    9   429   1873.482       3.80271       4.991
    9   430   1947.419       3.80157       4.347
    9   431   1878.473       3.80982       4.950
    9   432   1915.294       3.80764       3.618
    9   433   1883.027       3.79582       5.367
    9   434   1932.914       3.80606       2.113
    9   435   1833.095       3.80653       5.467
    9   436   1885.242       3.82064       3.631
    9   437   1852.713       3.81293       5.520
    9   438   1963.587       3.80605       5.120
    9   439   1863.641       3.79823       4.896
    9   440   1930.664       3.80175       4.498
    9   441   1876.545       3.80166       4.346
    9   442   1943.293       3.79809       3.707
    9   443   1831.303       3.80485       7.763
    9   444   1942.506       3.80940       5.140
    9   445   1844.435       3.80099       5.017
    9   446   1904.147       3.80105       3.525
    9   447   1873.966       3.79718       5.504
    9   448   1904.222       3.78949       5.382
    9   449   1836.738       3.80296       2.611
    9   450   1943.116       3.79679       4.585
    9   451   1854.007       3.79067       5.541
    9   452   1920.613       3.80084       4.592
    9   453   1887.547       3.78956       6.918
    9   454   1924.529       3.80667       4.768
    9   455   1886.185       3.80050       7.634
    9   456   1928.919       3.80725       5.911
    9   457   1866.304       3.81209       6.255
    9   458   1900.872       3.81627       4.412
    9   459   1853.697       3.80573       6.846
    9   460   1910.624       3.80622       3.271
    9   461   1869.347       3.80051       3.315
    9   462   1898.288       3.80509       4.541
    9   463   1854.441       3.80082       6.216
    9   464   1908.845       3.80501       5.940
    9   465   1866.037       3.79470       4.425
    9   466   1949.877       3.80408       6.715
    9   467   1871.006       3.80739       4.571
    9   468   1937.610       3.79839       6.685
    9   469   1853.387       3.81609       4.959
    9   470   1931.968       3.80609       4.771
    9   471   1844.845       3.80594       5.995
    9   472   1970.059       3.80137       2.995
    9   473   1867.295       3.81029       3.379
    9   474   1934.859       3.79765       5.146
    9   475   1897.943       3.79797       4.061
    9   476   1879.934       3.80869       4.969
    9   477   1870.957       3.78863       5.939
    9   478   1943.735       3.78684       7.023
    9   479   1895.945       3.79284       5.256
    9   480   1911.592       3.80037       6.071
    9   481   1842.124       3.79217       6.591
    9   482   1855.266       3.81179       6.108
    9   483   1881.538       3.79868       9.136
    9   484   1917.982       3.80001       5.117
    9   485   1841.967       3.80244       4.290
    9   486   1952.599       3.80710       2.907
    9   487   1902.238       3.79707       5.445
    9   488   1917.950       3.79841       3.461
    9   489   1891.900       3.79969       2.695
    9   490   1885.124       3.80213       4.309
    9   491   1849.223       3.80798       4.754
    9   492   1894.210       3.81033       5.557
    9   493   1861.692       3.80172       4.940
    9   494   1896.914       3.82648       3.724
    9   495   1862.844       3.81406       4.623
    9   496   1940.517       3.82077       3.752
    9   497   1854.222       3.79253       5.567
    9   498   1855.323       3.77066       3.940
    9   499   1779.335       3.77141       4.510
    9   500   1833.308       3.80021       3.818
    9   501   1773.386       3.80266       4.027
    9   502   1815.464       3.79556       4.748
    9   503   1774.230       3.78701       5.373
    9   504   1872.589       3.82711       5.667
    9   505   1876.667       3.80781       6.287
    9   506   1961.122       3.81650       4.477
    9   507   1885.786       3.80765       4.111
    9   508   1904.546       3.82160       3.071
    9   509   1869.724       3.80176       6.971
    9   510   1906.707       3.81501       4.461
    9   511   1860.983       3.80985       5.815
    9   512   1878.907       3.79670       6.005
    9   513   1859.366       3.80458       5.048
    9   514   1830.985       3.79791       5.527
    9   515   1840.873       3.78330       7.446
    9   516   1841.429       3.80196       3.336
    9   517   1864.037       3.78842       5.613
    9   518   1849.038       3.78795       9.895
    9   519   1835.732       3.79706       5.764
    9   520   1866.942       3.79278       5.770
    9   521   1858.980       3.78981       7.950
    9   522   1845.769       3.80829       4.561
    9   523   1844.499       3.80059       5.392
    9   524   1855.748       3.80222       5.505
    9   525   1836.749       3.78893       5.500
    9   526   1832.438       3.78887       5.721
    9   527   1841.466       3.79536       4.073
    9   528   1862.291       3.79444       5.016
    9   529   1890.953       3.77977       4.645
    9   530   1810.491       3.79245       7.847
    9   531   1870.946       3.77984       6.882
    9   532   1838.384       3.80850       3.904
    9   533   1863.551       3.80091       5.466
    9   534   1860.716       3.80290       6.244
    9   535   1869.161       3.79472       5.975
    9   536   1833.080       3.81027       2.655
    9   537   1846.845       3.79478       5.626
    9   538   1874.543       3.79126       4.597
    9   539   1880.025       3.78687       4.293
    9   540   1852.559       3.79836       3.902
    9   541   1833.751       3.80118       5.189
    9   542   1864.256       3.80146       6.216
    9   543   1845.352       3.79323       4.451
    9   544   1831.224       3.80452       4.074
    9   545   1851.802       3.79755       3.965
    9   546   1874.495       3.78961       5.084
    9   547   1862.634       3.80146       3.527
    9   548   1852.694       3.80165       5.678
    9   549   1874.144       3.79176       5.720
    9   550   1845.219       3.79611       3.897
    9   551   1850.607       3.78651       3.837
    9   552   1866.178       3.80463       3.531
    9   553   1835.587       3.80162       5.227
    9   554   1828.302       3.79553       5.838
    9   555   1858.853       3.80140       6.395
    9   556   1833.941       3.80262       5.292
    9   557   1865.254       3.79793       5.783
    9   558   1838.927       3.79809       5.038
    9   559   1849.245       3.80116       4.246
    9   560   1806.785       3.79888       3.700
    9   561   1866.489       3.79742       5.896
    9   562   1845.869       3.79196       5.758
    9   563   1859.322       3.79471       5.136
    9   564   1839.807       3.78804       4.389
    9   565   1844.733       3.79225       6.979
    9   566   1881.791       3.78746       7.528
    9   567   1871.249       3.80007       5.189
    9   568   1858.972       3.80354       6.243
    9   569   1805.752       3.80335       5.505
    9   570   1845.784       3.80017       4.751
    9   571   1853.542       3.80093       2.686
    9   572   1836.354       3.78080       3.024
    9   573   1859.012       3.78277       5.013
    9   574   1809.888       3.78802       5.856
    9   575   1839.263       3.78365       5.119
    9   576   1840.602       3.80036       4.909
    9   577   1846.044       3.79501       8.003
    9   578   1831.890       3.79852       7.433
    9   579   1860.966       3.80159       4.545
    9   580   1848.564       3.80874       3.661
    9   581   1823.050       3.80357       4.247
    9   582   1836.939       3.80765       4.592
    9   583   1807.533       3.80704       5.964
    9   584   1799.709       3.80839       4.119
    9   585   1883.817       3.80028       2.694
    9   586   1862.005       3.78977       5.854
    9   587   1820.718       3.79034       3.712
    9   588   1843.217       3.79379       5.313
    9   589   1831.509       3.77999       4.751
    9   590   1840.060       3.80053       3.614
    9   591   1852.530       3.79410       2.758
    9   592   1869.058       3.79839       4.002
    9   593   1877.349       3.79961       5.597
    9   594   1847.014       3.80995       3.920
    9   595   1851.260       3.79028       6.920
    9   596   1855.133       3.79799       6.433
    9   597   1858.486       3.79843       4.703
    9   598   1859.878       3.79056       6.636
    9   599   1853.828       3.80208       5.178
    9   600   1880.934       3.79719       3.815
    9   601   1838.803       3.80323       4.430
    9   602   1874.005       3.80299       4.636
    9   603   1820.896       3.79870       4.159
    9   604   1837.265       3.80420       4.791
    9   605   1847.125       3.81459       3.595
    9   606   1845.244       3.80585       6.054
    9   607   1845.926       3.80213       4.193
    9   608   1867.461       3.79894       4.310
    9   609   1867.883       3.78650       4.667
    9   610   1856.365       3.79676       5.709
    9   611   1830.828       3.79143       4.443
    9   612   1836.936       3.80626       4.726
    9   613   1853.028       3.80173       7.848
    9   614   1821.792       3.82078       6.789
    9   615   1863.394       3.81061       5.371
    9   616   1818.420       3.81149       6.752
    9   617   1859.279       3.80597       3.415
    9   618   1886.636       3.79727       5.145
    9   619   1841.885       3.79533       3.037
    9   620   1838.530       3.80403       5.256
    9   621   1836.773       3.79346       1.832
    9   622   1864.729       3.78098       7.355
    9   623   1866.657       3.77608       5.642
    9   624   1847.657       3.79187       6.617
    9   625   1867.183       3.79528       6.901
    9   626   1836.083       3.80733       5.008
    9   627   1855.959       3.80723       4.783
    9   628   1878.739       3.79412       5.479
    9   629   1889.281       3.79674       2.490
    9   630   1869.044       3.79480       4.464
    9   631   1873.345       3.79973       2.976
    9   632   1832.752       3.80015       3.675
    9   633   1854.028       3.78682       6.945
    9   634   1838.197       3.79357       4.689
    9   635   1874.382       3.78462       6.930
    9   636   1869.697       3.78649       7.081
    9   637   1875.469       3.78516       4.033
    9   638   1825.631       3.79637       5.571
    9   639   1834.278       3.80218       3.838
    9   640   1848.707       3.79942       4.963
    9   641   1817.180       3.80914       3.176
    9   642   1862.879       3.79418       8.065
    9   643   1863.220       3.78687       4.749
    9   644   1857.690       3.79144       6.442
    9   645   1842.332       3.80681       2.621
    9   646   1888.306       3.78846       4.832
    9   647   1881.749       3.78474       7.476
    9   648   1825.404       3.80082       5.791
    9   649   1841.361       3.80964       4.429
    9   650   1866.026       3.79441       8.603
    9   651   1836.591       3.79850       5.188
    9   652   1831.950       3.80068       5.805
    9   653   1835.988       3.79859       5.267
    9   654   1859.318       3.79572       4.552
    9   655   1838.625       3.79056       5.033
    9   656   1850.996       3.79587       5.631
    9   657   1895.016       3.79380       3.446
    9   658   1854.273       3.80870       4.872
    9   659   1831.939       3.79608       3.136
    9   660   1856.034       3.79563       7.025
    9   661   1880.933       3.78512       4.749
    9   662   1867.144       3.80273       4.299
    9   663   1885.523       3.78521       4.176
    9   664   1835.769       3.79472       4.923
    9   665   1823.796       3.80141       5.042
    9   666   1858.513       3.80096       7.634
    9   667   1847.852       3.80602       5.981
    9   668   1865.922       3.81146       4.353
    9   669   1842.959       3.78708       4.209
    9   670   1869.177       3.79352       7.057
    9   671   1836.385       3.80362       3.397
    9   672   1846.820       3.79687       6.131
    9   673   1883.600       3.79630       3.980
    9   674   1851.235       3.79459       5.779
    9   675   1865.419       3.78435       5.923
    9   676   1835.332       3.79675       3.503
    9   677   1845.180       3.78921       5.587
    9   678   1869.288       3.80249       4.323
    9   679   1836.201       3.80822       3.855
    9   680   1862.470       3.80603       7.908
    9   681   1905.108       3.80277       5.447
    9   682   1895.045       3.81136       2.582
    9   683   1843.344       3.80419       3.664
    9   684   1841.340       3.79984       5.437
    9   685   1871.083       3.78673       5.633
    9   686   1835.516       3.79992       6.080
    9   687   1835.847       3.81849       2.944
    9   688   1849.871       3.80382       2.967
    9   689   1895.364       3.78924       5.501
    9   690   1873.626       3.78385       7.338
    9   691   1832.905       3.79587       3.687
    9   692   1890.449       3.79556       4.490
    9   693   1887.610       3.77951       5.061
    9   694   1858.009       3.79853       8.244
    9   695   1873.040       3.79365       6.187
    9   696   1870.647       3.79409       6.325
    9   697   1815.467       3.79567       4.670
    9   698   1845.553       3.81164       5.732
    9   699   1838.055       3.80365       6.306
    9   700   1853.011       3.80755       5.478
    9   701   1872.828       3.79763       6.231
    9   702   1860.346       3.80895       4.968
    9   703   1833.771       3.79923       3.027
    9   704   1851.510       3.79706       4.509
    9   705   1876.273       3.79921       3.301
    9   706   1856.337       3.78985       7.294
    9   707   1831.791       3.79821       4.284
    9   708   1828.881       3.79895       4.727
    9   709   1842.362       3.79842       5.978
    9   710   1866.514       3.79580       6.565
    9   711   1839.694       3.80525       5.206
    9   712   1845.364       3.81218       5.029
    9   713   1822.796       3.81580       3.691
    9   714   1849.679       3.80071       7.237
    9   715   1837.248       3.79986       5.194
    9   716   1819.279       3.80547       3.330
    9   717   1852.744       3.80694       5.118
    9   718   1865.399       3.80237       4.721
    9   719   1823.647       3.79441       4.824
    9   720   1852.906       3.79081       6.051
    9   721   1838.920       3.79082       4.682
    9   722   1886.012       3.79588       5.610
    9   723   1875.438       3.79611       4.172
    9   724   1833.985       3.80089       4.452
    9   725   1840.924       3.80527       6.356
    9   726   1846.128       3.81211       5.088
    9   727   1868.029       3.79667       4.475
    9   728   1845.724       3.79575       5.582
    9   729   1819.770       3.79617       5.959
    9   730   1841.295       3.81232       4.086
    9   731   1857.031       3.79624       4.503
    9   732   1850.397       3.80383       4.289
    9   733   1874.901       3.80040       5.120
    9   734   1841.595       3.80444       5.515
    9   735   1826.669       3.79083       5.960
    9   736   1851.477       3.80885       6.181
    9   737   1887.590       3.79264       4.475
    9   738   1874.642       3.79190       7.129
    9   739   1854.591       3.78741       4.350
    9   740   1881.281       3.78740       5.682
    9   741   1859.916       3.79606       3.980
    9   742   1839.363       3.80071       5.796
    9   743   1857.913       3.79381       7.708
    9   744   1806.182       3.81100       3.598
    9   745   1877.707       3.78170       7.112
    9   746   1850.852       3.80644       5.882
    9   747   1888.578       3.78682       6.061
    9   748   1847.020       3.80830       4.644
    9   749   1809.312       3.81157       5.499
    9   750   1888.279       3.78629       5.956
    9   751   1866.256       3.79802       3.778
    9   752   1832.336       3.79961       4.377
    9   753   1873.327       3.79403       4.956
    9   754   1833.816       3.79976       5.006
    9   755   1868.093       3.79120       5.084
    9   756   1856.961       3.79169       5.759
    9   757   1841.568       3.80819       3.221
    9   758   1887.622       3.79066       4.266
    9   759   1884.822       3.79226       4.439
    9   760   1873.260       3.79238       4.564
    9   761   1868.449       3.79140       6.173
    9   762   1847.359       3.80291       6.072
    9   763   1826.794       3.80101       3.708
    9   764   1826.247       3.80310       5.781
    9   765   1830.527       3.79376       5.008
    9   766   1898.275       3.79379       4.612
    9   767   1866.816       3.79981       7.031
    9   768   1876.669       3.79498       3.853
    9   769   1840.094       3.79527       4.442
    9   770   1816.138       3.80595       6.022
    9   771   1861.250       3.79010       6.178
    9   772   1901.178       3.78667       5.910
    9   773   1829.079       3.80328       5.349
    9   774   1837.038       3.80288       6.988
    9   775   1843.719       3.80244       4.949
    9   776   1852.649       3.80438       6.556
    9   777   1889.125       3.79345       4.999
    9   778   1826.002       3.80155       5.166
    9   779   1865.649       3.79956       4.157
    9   780   1842.899       3.79209       7.054
    9   781   1840.356       3.79525       5.145
    9   782   1881.154       3.78701       5.277
    9   783   1886.575       3.78769       4.432
    9   784   1886.134       3.79411       5.446
    9   785   1849.044       3.80019       5.338
    9   786   1880.261       3.79965       5.676
    9   787   1877.350       3.81183       2.909
    9   788   1886.765       3.79548       4.425
    9   789   1854.490       3.79910       5.894
    9   790   1864.114       3.80950       6.101
    9   791   1829.365       3.81022       2.976
    9   792   1877.859       3.80216       6.420
    9   793   1885.941       3.79670       4.215
    9   794   1856.410       3.80169       4.496
    9   795   1887.319       3.80108       4.069
    9   796   1806.869       3.80854       3.526
    9   797   1847.484       3.79442       5.523
    9   798   1810.466       3.79893       6.493
    9   799   1874.444       3.79579       4.261
    9   800   1842.810       3.80017       3.293
    9   801   1873.637       3.78621       4.785
    9   802   1847.608       3.81420       3.704
    9   803   1867.425       3.79020       6.061
    9   804   1841.279       3.81005       3.778
    9   805   1859.380       3.79793       6.174
    9   806   1862.991       3.81632       3.877
    9   807   1879.803       3.80434       3.942
    9   808   1888.429       3.79773       3.837
    9   809   1848.866       3.79982       3.725
    9   810   1850.426       3.80002       5.722
    9   811   1892.370       3.79280       3.923
    9   812   1847.567       3.79482       4.909
    9   813   1838.157       3.80709       4.810
    9   814   1861.103       3.80199       6.360
    9   815   1877.697       3.79624       3.006
    9   816   1873.141       3.79827       5.339
    9   817   1895.948       3.79466       4.954
    9   818   1875.523       3.80373       6.094
    9   819   1894.121       3.80591       2.107
    9   820   1868.791       3.79523       5.954
    9   821   1827.637       3.80018       3.340
    9   822   1891.046       3.79274       4.551
    9   823   1845.345       3.78888       5.506
    9   824   1845.407       3.81264       5.221
    9   825   1857.997       3.81120       6.226
    9   826   1860.740       3.81774       4.070
    9   827   1858.152       3.80974       5.939
    9   828   1838.569       3.80831       4.713
    9   829   1850.559       3.80610       5.091
    9   830   1866.526       3.81148       3.911
    9   831   1855.619       3.80300       2.850
    9   832   1835.954       3.80466       3.364
    9   833   1833.699       3.80037       4.546
    9   834   1810.544       3.78843       6.359
    9   835   1854.405       3.77949       6.454
    9   836   1827.440       3.80162       4.293
    9   837   1845.716       3.79234       6.301
    9   838   1847.274       3.79957       5.733
    9   839   1861.085       3.78963       5.616
    9   840   1854.286       3.80919       4.876
    9   841   1850.236       3.79659       7.534
    9   842   1861.321       3.79695       7.314
    9   843   1851.179       3.79623       4.224
    9   844   1859.249       3.78975       6.054
    9   845   1883.039       3.79103       5.589
    9   846   1831.350       3.81285       3.571
    9   847   1856.250       3.79233       5.255
    9   848   1867.435       3.80759       5.703
    9   849   1861.953       3.80156       5.947
    9   850   1810.066       3.81013       5.131
    9   851   1828.601       3.80056       5.224
    9   852   1851.204       3.80990       6.231
    9   853   1877.457       3.80249       5.008
    9   854   1807.181       3.80845       5.694
    9   855   1871.095       3.81165       3.123
    9   856   1860.800       3.80671       3.611
    9   857   1864.204       3.80086       4.956
    9   858   1868.655       3.81073       3.962
    9   859   1893.711       3.80610       3.235
    9   860   1867.585       3.81486       5.717
    9   861   1826.556       3.80678       5.297
    9   862   1892.722       3.79623       4.021
    9   863   1853.599       3.80471       2.631
    9   864   1849.838       3.79207       3.682
    9   865   1839.507       3.79540       2.512
    9   866   1908.424       3.79922       4.643
    9   867   1805.975       3.80368       3.865
    9   868   1828.192       3.80374       6.234
    9   869   1858.227       3.79245       7.743
    9   870   1855.800       3.80346       7.535
    9   871   1810.153       3.80005       6.329
    9   872   1912.850       3.78997       6.400
    9   873   1873.528       3.79345       5.653
    9   874   1840.274       3.81522       4.198
    9   875   1874.831       3.80708       4.324
    9   876   1853.556       3.79784       6.386
    9   877   1894.785       3.79092       4.745
    9   878   1883.403       3.80303       3.398
    9   879   1842.357       3.79232       2.166
    9   880   1834.250       3.79149       4.915
    9   881   1873.259       3.78718       6.398
    9   882   1860.492       3.81007       6.881
    9   883   1859.265       3.80688       4.535
    9   884   1866.904       3.79725       3.780
    9   885   1850.071       3.80657       6.383
    9   886   1869.462       3.79767       4.933
    9   887   1888.439       3.80609       3.683
    9   888   1864.025       3.80281       3.863
    9   889   1823.705       3.80922       4.451
    9   890   1890.885       3.79758       6.946
    9   891   1793.037       3.79320       5.234
    9   892   1850.571       3.80197       3.653
    9   893   1806.164       3.80143       5.400
    9   894   1858.826       3.79900       6.352
    9   895   1829.126       3.81254       5.185
    9   896   1839.280       3.81163       5.690
    9   897   1852.204       3.79237       7.903
    9   898   1858.376       3.80284       5.483
    9   899   1838.254       3.79845       4.863
    9   900   1849.873       3.81303       4.265
    9   901   1863.954       3.79879       5.391
    9   902   1843.383       3.81363       3.224
    9   903   1858.644       3.78999       6.403
    9   904   1866.671       3.79211       6.465
    9   905   1871.463       3.80338       4.748
    9   906   1845.578       3.80243       4.623
    9   907   1887.812       3.79061       8.050
    9   908   1876.748       3.79791       6.207
    9   909   1864.829       3.79650       5.442
    9   910   1869.298       3.81197       6.158
    9   911   1855.744       3.81039       4.266
    9   912   1864.770       3.81800       5.421
    9   913   1863.706       3.80597       5.185
    9   914   1849.829       3.80761       4.555
    9   915   1879.593       3.79411       5.367
    9   916   1915.523       3.79098       3.460
    9   917   1812.310       3.80181       5.960
    9   918   1852.209       3.81766       6.125
    9   919   1854.911       3.80659       7.024
    9   920   1847.526       3.82060       3.642
    9   921   1874.260       3.79327       5.590
    9   922   1809.317       3.80294       4.099
    9   923   1841.826       3.80882       2.381
    9   924   1883.426       3.80132       3.481
    9   925   1867.818       3.79143       3.934
    9   926   1840.564       3.80025       3.289
    9   927   1874.630       3.77912       6.997
    9   928   1819.068       3.80738       5.317
    9   929   1849.665       3.80685       3.533
    9   930   1875.574       3.80874       5.668
    9   931   1810.141       3.81769       3.685
    9   932   1857.670       3.80843       4.341
    9   933   1899.311       3.80150       4.648
    9   934   1840.006       3.80170       5.061
    9   935   1853.621       3.80277       4.491
    9   936   1847.875       3.80201       5.790
    9   937   1880.854       3.80444       3.265
    9   938   1836.511       3.79501       5.914
    9   939   1863.325       3.80241       6.861
    9   940   1841.838       3.81494       4.572
    9   941   1898.473       3.79903       4.167
    9   942   1842.041       3.81317       3.911
    9   943   1865.444       3.80518       3.311
    9   944   1876.211       3.81822       3.641
    9   945   1868.152       3.80350       5.039
    9   946   1873.910       3.80291       2.515
    9   947   1864.808       3.79424       4.356
    9   948   1822.024       3.81543       3.924
    9   949   1807.188       3.80680       5.940
    9   950   1841.749       3.80447       8.421
    9   951   1826.883       3.80894       4.056
    9   952   1866.562       3.80863       3.841
    9   953   1832.154       3.80270       5.225
    9   954   1848.280       3.80638       6.251
    9   955   1815.657       3.81235       3.579
    9   956   1815.561       3.81435       4.831
    9   957   1874.162       3.79040       5.408
    9   958   1889.154       3.79681       5.285
    9   959   1825.288       3.80673       4.989
    9   960   1833.166       3.80794       5.222
    9   961   1864.663       3.80964       3.635
    9   962   1863.200       3.80302       6.671
    9   963   1848.358       3.80126       3.356
    9   964   1839.652       3.81176       5.191
    9   965   1807.819       3.81884       3.208
    9   966   1861.299       3.80621       5.542
    9   967   1844.744       3.80504       3.295
    9   968   1851.490       3.80208       5.545
    9   969   1875.993       3.79315       6.517
    9   970   1833.477       3.81228       4.637
    9   971   1953.229       3.79056       5.276
    9   972   1871.163       3.80903       4.192
    9   973   1860.400       3.80426       5.556
    9   974   1832.999       3.81248       5.158
    9   975   1847.129       3.80059       3.930
    9   976   1857.167       3.80911       4.470
    9   977   1830.375       3.81300       4.140
    9   978   1862.587       3.80752       6.265
    9   979   1862.463       3.80054       5.751
    9   980   1841.682       3.80303       4.572
    9   981   1868.375       3.79574       5.527
    9   982   1815.141       3.81503       6.220
    9   983   1843.578       3.80091       4.324
    9   984   1880.607       3.79688       4.486
    9   985   1870.287       3.79004       6.488
    9   986   1829.277       3.81206       5.240
    9   987   1856.961       3.80716       5.067
    9   988   1857.268       3.79798       5.766
    9   989   1860.881       3.79592       4.928
    9   990   1848.052       3.80800       3.836
    9   991   1830.263       3.80492       3.569
    9   992   1864.001       3.80337       5.914
    9   993   1849.634       3.80007       3.201
    9   994   1884.256       3.79867       4.384
    9   995   1877.166       3.79838       5.639
    9   996   1901.446       3.80444       4.718
    9   997   1835.730       3.80966       5.049
    9   998   1872.146       3.81682       6.446
    9   999   1859.226       3.80810       4.707
    9  1000   1902.189       3.79903       3.503
    9  1001   1889.147       3.80378       4.224
    9  1002   1876.308       3.80760       4.304
    9  1003   1855.155       3.80139       2.356
    9  1004   1820.970       3.79116       6.421
    9  1005   1864.055       3.80844       4.562
    9  1006   1855.155       3.80709       5.661
    9  1007   1816.101       3.81453       5.016
    9  1008   1834.929       3.82210       3.170
    9  1009   1873.545       3.80571       5.312
    9  1010   1826.015       3.79918       4.472
    9  1011   1825.674       3.79488       2.636
    9  1012   1824.299       3.79641       3.768
    9  1013   1845.525       3.80551       2.208
    9  1014   1883.850       3.77876       5.040
    9  1015   1864.786       3.79042       4.977
    9  1016   1831.382       3.79333       5.350
    9  1017   1828.364       3.79237       6.038
    9  1018   1814.530       3.82049       5.856
    9  1019   1853.995       3.80927       4.779
    9  1020   1837.640       3.82283       3.121
    9  1021   1829.725       3.81909       3.704
    9  1022   1856.873       3.82923       4.160
    9  1023   1849.788       3.81700       3.731
