    7     0   1956.946       3.80012       4.361
    7     1   1923.695       3.78472       5.700
    7     2   1893.236       3.81066       3.070
    7     3   1919.541       3.78193       3.113
    7     4   1916.368       3.78276       3.678
    7     5   1903.510       3.76764       4.976
    7     6   1883.358       3.78966       6.038
    7     7   1892.134       3.77110       5.109
    7     8   1943.274       3.79676       3.734
    7     9   1846.915       3.78169       5.296
    7    10   1937.548       3.79133       5.074
    7    11   1911.935       3.76900       5.842
    7    12   1948.039       3.79023       2.563
    7    13   1894.589       3.78634       3.500
    7    14   1922.475       3.78773       5.455
    7    15   1884.736       3.77527       5.637
    7    16   1917.496       3.79355       3.617
    7    17   1914.253       3.78112       5.061
    7    18   1947.136       3.79800       3.218
    7    19   1863.902       3.79134       5.124
    7    20   1914.821       3.79420       6.137
    7    21   1870.008       3.78651       7.308
    7    22   1942.133       3.79133       4.992
    7    23   1899.427       3.78747       4.714
    7    24   1969.163       3.78694       5.145
    7    25   1905.471       3.78002       4.892
    7    26   1941.537       3.78618       5.421
    7    27   1877.348       3.77337       7.149
    7    28   1978.769       3.78951       4.063
    7    29   1942.928       3.77199       5.089
    7    30   1935.457       3.78375       5.892
    7    31   1869.647       3.78604       3.654
    7    32   1909.105       3.78484       4.000
    7    33   1916.350       3.77695       4.598
    7    34   1928.557       3.78692       4.795
    7    35   1871.523       3.77678       7.048
    7    36   1966.545       3.79438       3.673
    7    37   1842.253       3.79822       4.290
    7    38   1969.406       3.80108       5.268
    7    39   1908.790       3.79129       3.970
    7    40   1954.042       3.78401       3.172
    7    41   1910.106       3.76893       3.911
    7    42   1948.544       3.79200       2.679
    7    43   1878.115       3.77051       5.127
    7    44   1925.760       3.78235       5.944
    7    45   1833.625       3.79066       6.364
    7    46   1944.581       3.79317       5.528
    7    47   1900.164       3.77536       5.653
    7    48   1994.097       3.80069       2.650
    7    49   1892.986       3.79293       4.450
    7    50   1937.520       3.79359       2.610
    7    51   1931.891       3.78096       3.300
    7    52   1936.463       3.77357       5.378
    7    53   1884.157       3.77044       4.513
    7    54   1908.415       3.78983       4.732
    7    55   1868.633       3.78285       5.185
    7    56   1930.471       3.79401       4.159
    7    57   1899.558       3.78199       4.138
    7    58   1928.600       3.78069       4.244
    7    59   1875.580       3.78779       5.546
    7    60   1917.876       3.79744       3.615
    7    61   1859.796       3.78373       3.476
    7    62   1943.539       3.78858       4.943
    7    63   1881.084       3.77990       4.144
    7    64   1943.833       3.77799       5.711
    7    65   1842.898       3.77872       7.020
    7    66   1930.123       3.80158       2.895
    7    67   1882.393       3.77772       4.716
    7    68   1947.718       3.78579       4.220
    7    69   1921.474       3.76725       5.907
    7    70   1942.977       3.79467       4.622
    7    71   1889.615       3.77854       5.020
    7    72   1971.534       3.78619       3.346
    7    73   1895.987       3.77948       5.658
    7    74   1960.054       3.78497       4.836
    7    75   1881.610       3.76819       5.520
    7    76   1959.537       3.79271       2.586
    7    77   1862.877       3.79086       3.755
    7    78   1950.357       3.79924       4.855
    7    79   1902.942       3.77389       6.663
    7    80   1926.861       3.79953       3.491
    7    81   1882.054       3.78801       4.981
    7    82   1934.915       3.79908       3.812
    7    83   1903.458       3.78166       3.071
    7    84   1944.545       3.78588       4.973
    7    85   1857.665       3.78212       5.349
    7    86   1907.774       3.78853       2.544
    7    87   1918.386       3.77284       5.257
    7    88   1961.647       3.79418       2.929
    7    89   1905.616       3.78006       4.567
    7    90   1949.348       3.78827       4.376
    7    91   1906.924       3.78118       3.288
    7    92   1926.638       3.79045       4.491
    7    93   1911.812       3.78942       4.347
    7    94   1923.921       3.80331       3.344
    7    95   1883.676       3.78242       5.110
    7    96   1971.831       3.78268       5.268
    7    97   1871.474       3.79068       5.095
    7    98   1968.398       3.79226       4.159
    7    99   1875.452       3.77868       3.730
    7   100   1938.890       3.79157       3.451
    7   101   1897.955       3.77394       5.192
    7   102   1989.175       3.77154       3.584
    7   103   1902.763       3.76978       4.047
    7   104   1972.883       3.77845       4.506
    7   105   1905.332       3.77228       3.224
    7   106   1927.306       3.79050       2.768
    7   107   1862.608       3.77669       8.149
    7   108   1907.607       3.78771       5.908
    7   109   1862.605       3.77617       6.878
    7   110   1924.343       3.79213       4.158
    7   111   1918.412       3.78843       3.867
    7   112   1994.608       3.78425       4.091
    7   113   1865.368       3.77768       4.381
    7   114   1904.763       3.79567       5.475
    7   115   1915.075       3.77911       4.634
    7   116   1920.524       3.79420       5.102
    7   117   1880.443       3.78315       5.177
    7   118   1992.321       3.78455       2.779
    7   119   1912.548       3.78640       3.821
    7   120   1913.116       3.78752       5.150
    7   121   1877.465       3.77000       4.860
    7   122   1964.138       3.78852       3.971
    7   123   1896.292       3.78023       4.357
    7   124   1895.134       3.80331       4.814
    7   125   1901.965       3.79303       6.836
    7   126   1940.964       3.80265       3.096
    7   127   1851.057       3.79518       4.626
    7   128   1926.638       3.80439       2.543
    7   129   1896.737       3.79126       5.114
    7   130   1937.853       3.79788       3.895
    7   131   1911.780       3.77947       4.581
    7   132   1952.657       3.78416       3.849
    7   133   1868.745       3.78632       3.490
    7   134   1956.510       3.78435       4.489
    7   135   1912.002       3.78004       5.114
    7   136   1951.089       3.77959       3.635
    7   137   1870.945       3.78728       4.732
    7   138   1932.284       3.78659       6.575
    7   139   1906.811       3.76699       4.818
    7   140   1973.178       3.78002       3.626
    7   141   1919.573       3.77243       4.929
    7   142   1949.415       3.77947       4.204
    7   143   1890.676       3.77171       6.233
    7   144   1914.116       3.78613       4.639
    7   145   1882.593       3.77663       6.748
    7   146   1950.538       3.78738       4.477
    7   147   1923.865       3.77492       5.817
    7   148   1936.333       3.79137       3.179
    7   149   1868.728       3.79092       4.414
    7   150   1934.982       3.80080       4.330
    7   151   1920.275       3.77155       4.440
    7   152   1952.118       3.78162       3.183
    7   153   1910.714       3.76749       2.955
    7   154   1978.519       3.77784       5.062
    7   155   1896.160       3.78092       3.113
    7   156   1930.412       3.79223       3.074
    7   157   1887.539       3.78712       4.664
    7   158   1939.521       3.79825       2.734
    7   159   1897.693       3.78382       4.110
    7   160   1917.132       3.79426       3.360
    7   161   1900.434       3.79749       3.509
    7   162   1951.922       3.79666       3.745
    7   163   1888.073       3.78838       4.272
    7   164   1914.619       3.78620       3.400
    7   165   1905.263       3.77602       4.192
    7   166   1962.725       3.77396       4.169
    7   167   1892.592       3.78019       4.862
    7   168   1940.606       3.79239       3.450
    7   169   1901.129       3.77842       3.869
    7   170   1932.240       3.79079       3.095
    7   171   1917.426       3.77105       4.527
    7   172   1949.834       3.79627       2.952
    7   173   1916.660       3.78624       5.566
    7   174   1923.066       3.80291       1.978
    7   175   1888.332       3.79423       3.373
    7   176   1949.280       3.78618       5.213
    7   177   1906.984       3.78221       5.465
    7   178   1935.333       3.79910       2.741
    7   179   1946.687       3.78065       3.447
    7   180   1912.284       3.77461       3.720
    7   181   1864.701       3.77692       4.865
    7   182   1936.189       3.78402       2.655
    7   183   1930.185       3.77586       4.512
    7   184   1965.184       3.77968       3.187
    7   185   1908.970       3.77778       4.549
    7   186   1953.592       3.78238       3.303
    7   187   1890.827       3.77673       5.701
    7   188   1960.627       3.78684       7.185
    7   189   1878.671       3.78713       3.576
    7   190   1909.055       3.78809       5.947
    7   191   1895.932       3.77291       4.771
    7   192   1969.551       3.77791       3.534
    7   193   1871.225       3.78479       6.046
    7   194   1958.606       3.78221       4.123
    7   195   1904.747       3.77551       5.352
    7   196   1936.657       3.78598       2.945
    7   197   1874.037       3.78578       5.577
    7   198   1943.429       3.78593       5.102
    7   199   1885.885       3.78732       4.766
    7   200   1934.596       3.78803       4.664
    7   201   1893.387       3.78244       4.706
    7   202   1914.413       3.79278       1.993
    7   203   1930.231       3.76591       5.419
    7   204   1907.031       3.77913       3.481
    7   205   1928.578       3.76137       6.909
    7   206   1918.144       3.78599       4.420
    7   207   1884.423       3.77789       3.748
    7   208   1927.875       3.78965       4.704
    7   209   1930.780       3.78456       5.709
    7   210   1932.806       3.80479       2.630
    7   211   1874.703       3.79238       5.132
    7   212   1914.499       3.79423       3.005
    7   213   1921.460       3.78744       3.254
    7   214   1944.509       3.79183       2.796
    7   215   1905.761       3.76815       3.589
    7   216   1962.365       3.77107       3.055
    7   217   1891.671       3.76930       3.971
    7   218   1925.263       3.78384       6.186
    7   219   1910.393       3.76663       5.629
    7   220   1930.522       3.79175       5.068
    7   221   1883.194       3.78652       4.974
    7   222   1948.816       3.79359       4.704
    7   223   1901.338       3.77419       5.516
    7   224   1940.603       3.77762       3.758
    7   225   1882.371       3.78796       2.766
    7   226   1963.739       3.78199       2.891
    7   227   1903.707       3.78393       3.894
    7   228   1911.253       3.79502       4.696
    7   229   1892.202       3.78244       4.601
    7   230   1923.213       3.79300       4.740
    7   231   1891.354       3.78629       4.232
    7   232   1918.137       3.78891       3.468
    7   233   1897.294       3.76942       4.475
    7   234   1947.360       3.78649       3.014
    7   235   1899.112       3.77098       3.754
    7   236   1914.910       3.78442       4.853
    7   237   1867.709       3.77914       4.305
    7   238   1994.503       3.78093       5.689
    7   239   1896.385       3.77926       4.758
    7   240   1990.602       3.78757       3.663
    7   241   1864.946       3.78633       4.953
    7   242   1953.401       3.78163       4.090
    7   243   1891.487       3.77704       4.617
    7   244   1913.818       3.79312       4.791
    7   245   1896.819       3.79269       4.033
    7   246   1973.672       3.78083       5.464
    7   247   1936.396       3.76718       7.235
    7   248   1940.206       3.77187       0.975
    7   249   1921.790       3.77116       5.606
    7   250   1976.520       3.77690       4.090
    7   251   1891.252       3.77463       4.168
    7   252   1885.922       3.78567       7.042
    7   253   1878.113       3.77822       6.942
    7   254   1930.917       3.80060       3.965
    7   255   1901.771       3.77764       5.806
    7   256   1916.544       3.79951       4.114
    7   257   1854.812       3.78386       6.263
    7   258   1913.548       3.78744       4.942
    7   259   1849.959       3.76992       5.987
    7   260   1953.209       3.77617       3.715
    7   261   1880.842       3.76392       5.955
    7   262   1956.752       3.78610       4.112
    7   263   1910.941       3.77298       5.152
    7   264   1934.100       3.78845       6.463
    7   265   1881.699       3.77475       6.821
    7   266   1933.533       3.79647       5.589
    7   267   1897.841       3.78113       6.636
    7   268   1954.713       3.77432       5.236
    7   269   1883.652       3.78165       4.472
    7   270   1941.795       3.78294       3.822
    7   271   1900.607       3.76673       5.459
    7   272   1938.823       3.77764       4.491
    7   273   1882.336       3.76901       6.268
    7   274   1928.983       3.78351       4.891
    7   275   1897.469       3.78375       3.870
    7   276   1942.559       3.78810       3.260
    7   277   1886.516       3.77445       5.579
    7   278   1940.509       3.77931       5.893
    7   279   1891.098       3.77614       4.429
    7   280   1924.367       3.77985       3.897
    7   281   1870.302       3.76898       7.805
    7   282   1962.065       3.77495       4.240
    7   283   1883.198       3.76132       8.817
    7   284   1931.432       3.79305       3.797
    7   285   1914.115       3.77809       6.021
    7   286   1943.216       3.79367       4.748
    7   287   1898.646       3.77308       5.011
    7   288   1937.237       3.78952       5.118
    7   289   1936.844       3.76917       6.246
    7   290   1930.546       3.78462       4.323
    7   291   1880.360       3.77399       4.871
    7   292   1914.903       3.78760       4.663
    7   293   1911.808       3.77796       6.131
    7   294   1917.911       3.78309       3.509
    7   295   1894.306       3.76418       6.076
    7   296   1964.243       3.78384       4.055
    7   297   1905.538       3.77936       3.281
    7   298   1931.451       3.78938       3.416
    7   299   1907.164       3.76798       5.331
    7   300   1934.337       3.78260       4.219
    7   301   1892.138       3.77722       5.133
    7   302   1904.442       3.78801       3.761
    7   303   1909.470       3.76868       3.738
    7   304   1941.202       3.79583       3.612
    7   305   1929.715       3.77094       5.463
    7   306   1974.478       3.78539       5.515
    7   307   1928.932       3.78278       4.254
    7   308   1954.546       3.78969       3.680
    7   309   1869.452       3.78537       5.753
    7   310   1978.530       3.78229       4.375
    7   311   1932.473       3.76036       3.999
    7   312   1966.034       3.77881       3.863
    7   313   1870.350       3.77358       5.617
    7   314   1906.708       3.80360       3.989
    7   315   1882.333       3.78024       4.978
    7   316   1968.511       3.78963       3.529
    7   317   1912.995       3.77158       6.271
    7   318   1935.306       3.78653       3.654
    7   319   1901.523       3.76928       4.177
    7   320   1918.465       3.77616       3.898
    7   321   1924.353       3.77008       3.895
    7   322   1911.643       3.79017       4.213
    7   323   1906.062       3.76259       6.561
    7   324   1956.308       3.77618       4.735
    7   325   1886.823       3.77201       4.517
    7   326   1936.388       3.78456       5.851
    7   327   1892.539       3.77388       6.336
    7   328   1949.842       3.78225       5.230
    7   329   1909.656       3.77354       4.572
    7   330   1962.372       3.79238       4.734
    7   331   1841.733       3.78095       6.108
    7   332   1932.533       3.78496       4.161
    7   333   1891.236       3.78363       3.937
    7   334   1979.974       3.78793       2.650
    7   335   1912.481       3.76665       4.104
    7   336   1919.609       3.78877       2.640
    7   337   1885.338       3.76779       3.922
    7   338   1909.849       3.78412       3.765
    7   339   1871.388       3.76833       5.319
    7   340   1931.365       3.77475       4.319
    7   341   1885.279       3.76329       4.123
    7   342   1936.424       3.77772       5.207
    7   343   1867.081       3.76874       5.795
    7   344   1946.207       3.77940       3.814
    7   345   1899.430       3.78889       3.264
    7   346   1928.278       3.79297       3.829
    7   347   1882.377       3.78564       4.593
    7   348   1963.819       3.78924       5.245
    7   349   1879.415       3.78491       5.225
    7   350   1945.412       3.79791       4.046
    7   351   1891.776       3.77088       3.918
    7   352   1919.278       3.78619       3.647
    7   353   1894.937       3.77596       3.821
    7   354   1943.678       3.78125       2.775
    7   355   1922.897       3.76586       5.560
    7   356   1980.585       3.77449       3.627
    7   357   1931.915       3.76014       7.912
    7   358   1951.783       3.78841       2.735
    7   359   1908.974       3.76256       5.580
    7   360   1968.402       3.78883       3.222
    7   361   1879.368       3.76439       5.828
    7   362   1945.700       3.77776       5.040
    7   363   1931.212       3.76281       7.548
    7   364   1945.892       3.77912       5.533
    7   365   1900.643       3.78153       4.970
    7   366   1963.335       3.77027       4.567
    7   367   1897.639       3.77541       5.262
    7   368   1980.721       3.77785       4.907
    7   369   1916.647       3.77660       6.030
    7   370   1940.869       3.79212       4.689
    7   371   1907.146       3.78819       3.977
    7   372   1906.873       3.78483       6.484
    7   373   1908.428       3.78448       2.657
    7   374   1933.123       3.77373       3.715
    7   375   1891.273       3.76494       4.194
    7   376   1936.631       3.77700       4.554
    7   377   1869.846       3.77507       4.510
    7   378   1927.721       3.77658       5.290
    7   379   1870.832       3.76526       7.062
    7   380   1907.212       3.79652       4.703
    7   381   1915.372       3.77358       5.225
    7   382   1937.401       3.78582       4.778
    7   383   1883.002       3.78925       4.504
    7   384   1954.549       3.77089       3.952
    7   385   1880.257       3.77567       3.779
    7   386   1914.403       3.77408       4.463
    7   387   1883.980       3.76451       3.847
    7   388   1974.722       3.76490       4.864
    7   389   1924.530       3.76248       4.836
    7   390   1928.708       3.77833       5.731
    7   391   1850.967       3.76024       8.024
    7   392   1919.401       3.78740       4.207
    7   393   1920.514       3.76690       5.456
    7   394   1963.882       3.77711       5.460
    7   395   1896.640       3.76924       5.259
    7   396   1942.130       3.78973       4.551
    7   397   1934.688       3.76571       5.007
    7   398   1936.238       3.77665       4.854
    7   399   1893.153       3.76704       3.465
    7   400   1958.678       3.77901       3.262
    7   401   1890.146       3.77064       4.313
    7   402   1938.619       3.77891       4.157
    7   403   1943.751       3.76383       5.562
    7   404   1930.451       3.78632       4.477
    7   405   1900.444       3.77229       4.209
    7   406   1946.556       3.77886       3.831
    7   407   1887.807       3.78100       4.105
    7   408   1952.849       3.78376       3.315
    7   409   1902.765       3.77489       4.412
    7   410   1916.218       3.79540       4.675
    7   411   1906.753       3.76873       4.902
    7   412   1950.167       3.79756       3.609
    7   413   1886.044       3.78418       5.259
    7   414   1927.578       3.78579       3.864
    7   415   1861.364       3.78877       3.083
    7   416   1928.322       3.77137       3.344
    7   417   1884.370       3.76441       3.021
    7   418   1996.445       3.76616       5.105
    7   419   1916.742       3.75591       5.357
    7   420   1951.104       3.76891       5.851
    7   421   1915.717       3.75600       6.889
    7   422   1973.762       3.77083       6.181
    7   423   1883.631       3.76654       6.353
    7   424   1934.664       3.78661       3.465
    7   425   1867.397       3.77603       5.407
    7   426   1966.698       3.78011       4.259
    7   427   1848.223       3.78805       4.307
    7   428   1949.346       3.78484       3.175
    7   429   1894.805       3.77068       3.866
    7   430   1932.988       3.78894       3.540
    7   431   1890.788       3.77218       3.452
    7   432   1944.339       3.77456       3.556
    7   433   1884.798       3.76289       6.326
    7   434   1971.096       3.77725       3.824
    7   435   1919.067       3.77725       4.659
    7   436   1944.370       3.78198       4.690
    7   437   1901.605       3.77576       6.424
    7   438   1964.018       3.77388       3.269
    7   439   1878.464       3.77795       4.300
    7   440   1977.585       3.77298       4.033
    7   441   1913.521       3.77520       6.260
    7   442   1967.758       3.77979       4.053
    7   443   1896.557       3.77299       5.375
    7   444   1947.747       3.78681       4.200
    7   445   1885.868       3.77112       5.561
    7   446   1928.253       3.78053       3.829
    7   447   1875.685       3.77244       3.416
    7   448   1925.143       3.77936       4.080
    7   449   1896.127       3.75684       6.893
    7   450   1906.511       3.78753       4.909
    7   451   1867.304       3.77327       6.018
    7   452   1952.536       3.78055       4.393
    7   453   1872.770       3.77607       6.063
    7   454   1961.200       3.77771       5.004
    7   455   1901.775       3.76533       7.716
    7   456   1917.210       3.78598       3.764
    7   457   1855.078       3.78081       5.689
    7   458   1919.831       3.79401       3.699
    7   459   1908.364       3.77397       5.084
    7   460   1947.688       3.78107       4.642
    7   461   1916.858       3.76644       4.718
    7   462   1963.062       3.77690       4.654
    7   463   1882.813       3.76706       4.910
    7   464   1921.031       3.78352       5.039
    7   465   1871.001       3.77656       5.925
    7   466   1921.088       3.78268       5.747
    7   467   1865.688       3.77080       4.821
    7   468   1954.096       3.78562       3.486
    7   469   1929.277       3.77117       6.489
    7   470   1951.925       3.78240       2.442
    7   471   1892.232       3.76612       4.036
    7   472   1960.791       3.77779       3.199
    7   473   1898.208       3.76632       5.015
    7   474   1922.603       3.77812       4.110
    7   475   1881.335       3.76946       3.697
    7   476   1924.016       3.78937       3.252
    7   477   1876.209       3.77541       6.300
    7   478   1923.428       3.78468       5.199
    7   479   1856.033       3.76979       5.871
    7   480   1946.620       3.79408       5.356
    7   481   1921.868       3.77443       4.998
    7   482   1945.754       3.78909       4.562
    7   483   1915.899       3.76606       4.464
    7   484   1943.617       3.77233       2.998
    7   485   1893.726       3.77849       2.449
    7   486   1921.250       3.77852       5.562
    7   487   1886.185       3.77056       4.541
    7   488   1947.230       3.78194       4.435
    7   489   1882.802       3.78212       2.890
    7   490   1924.699       3.78705       4.233
    7   491   1893.730       3.77491       5.250
    7   492   1943.920       3.78237       4.070
    7   493   1854.710       3.78542       4.586
    7   494   1954.992       3.78361       4.217
    7   495   1918.382       3.76587       6.148
    7   496   1956.536       3.77084       3.549
    7   497   1909.030       3.75828       5.304
    7   498   1892.016       3.74450       2.930
    7   499   1804.491       3.73291       5.863
    7   500   1853.221       3.77248       3.536
    7   501   1810.716       3.76313       5.462
    7   502   1858.884       3.76853       5.959
    7   503   1872.009       3.77093       8.293
    7   504   1956.198       3.80666       4.510
    7   505   1936.248       3.76841       5.861
    7   506   1943.815       3.77559       5.252
    7   507   1888.918       3.76385       4.849
    7   508   1951.831       3.77090       4.795
    7   509   1894.247       3.77832       6.655
    7   510   1959.027       3.78141       3.589
    7   511   1895.538       3.78255       4.076
    7   512   1893.212       3.77077       6.004
    7   513   1899.762       3.76961       7.394
    7   514   1861.246       3.77810       5.795
    7   515   1869.141       3.76444       5.774
    7   516   1906.798       3.76193       4.683
    7   517   1826.944       3.77051       4.335
    7   518   1872.753       3.76242       5.958
    7   519   1865.756       3.74689       8.996
    7   520   1851.718       3.77426       6.815
    7   521   1895.289       3.76800       6.190
    7   522   1865.541       3.77844       6.162
    7   523   1852.157       3.76230       6.640
    7   524   1887.987       3.76696       5.056
    7   525   1870.639       3.76704       4.538
    7   526   1901.231       3.76651       4.067
    7   527   1890.438       3.75446       4.025
    7   528   1851.957       3.77409       4.221
    7   529   1913.768       3.75414       5.806
    7   530   1875.965       3.76702       6.028
    7   531   1874.649       3.77116       4.663
    7   532   1894.792       3.78053       3.124
    7   533   1907.670       3.76114       5.142
    7   534   1894.985       3.78359       4.303
    7   535   1889.901       3.77282       4.761
    7   536   1857.001       3.78772       3.945
    7   537   1909.385       3.77271       3.063
    7   538   1883.781       3.78458       5.278
    7   539   1912.385       3.77671       3.507
    7   540   1868.110       3.78802       3.235
    7   541   1885.128       3.76659       5.522
    7   542   1897.141       3.77058       3.535
    7   543   1901.496       3.76283       3.444
    7   544   1893.855       3.76442       5.107
    7   545   1889.667       3.76741       4.914
    7   546   1855.646       3.77058       5.138
    7   547   1869.487       3.76655       3.706
    7   548   1897.378       3.77719       5.795
    7   549   1896.227       3.75952       4.175
    7   550   1883.897       3.77165       3.650
    7   551   1877.729       3.76231       5.481
    7   552   1872.553       3.77654       6.443
    7   553   1877.501       3.76433       3.885
    7   554   1873.122       3.77633       3.598
    7   555   1902.365       3.75898       5.984
    7   556   1847.546       3.77137       5.199
    7   557   1894.318       3.76892       3.460
    7   558   1869.117       3.77052       6.136
    7   559   1896.355       3.77074       3.565
    7   560   1861.545       3.78707       3.604
    7   561   1860.566       3.77122       4.805
    7   562   1846.645       3.77516       4.381
    7   563   1889.783       3.75996       5.000
    7   564   1882.419       3.77141       5.907
    7   565   1843.263       3.76494       6.583
    7   566   1889.270       3.78255       5.707
    7   567   1878.841       3.76619       5.566
    7   568   1864.685       3.77101       5.184
    7   569   1876.452       3.76024       5.981
    7   570   1876.157       3.77031       6.034
    7   571   1892.167       3.76342       5.539
    7   572   1880.145       3.76958       3.854
    7   573   1901.848       3.76138       5.234
    7   574   1880.647       3.76809       4.393
    7   575   1878.590       3.75934       6.058
    7   576   1879.971       3.77798       3.079
    7   577   1873.285       3.75649       5.002
    7   578   1863.940       3.77462       8.583
    7   579   1862.705       3.76441       5.876
    7   580   1921.887       3.76574       4.578
    7   581   1866.093       3.76836       5.222
    7   582   1875.827       3.78293       4.117
    7   583   1897.301       3.77153       4.738
    7   584   1908.779       3.79091       4.163
    7   585   1893.278       3.77725       5.711
    7   586   1934.271       3.78598       3.948
    7   587   1871.625       3.77626       5.024
    7   588   1895.342       3.77054       4.579
    7   589   1868.065       3.76205       4.334
    7   590   1902.277       3.76105       3.048
    7   591   1894.728       3.74592       4.494
    7   592   1878.196       3.75706       5.551
    7   593   1905.398       3.74091       6.650
    7   594   1901.842       3.77137       4.988
    7   595   1861.472       3.75556       8.048
    7   596   1896.822       3.77832       4.614
    7   597   1896.560       3.76330       5.362
    7   598   1845.555       3.78093       3.555
    7   599   1865.466       3.76482       4.328
    7   600   1854.199       3.78374       3.979
    7   601   1901.652       3.76095       4.548
    7   602   1892.259       3.77455       3.192
    7   603   1888.749       3.76481       4.826
    7   604   1889.544       3.76828       4.197
    7   605   1880.726       3.75259       4.561
    7   606   1899.763       3.75729       5.639
    7   607   1881.982       3.75424       6.583
    7   608   1902.088       3.77060       4.686
    7   609   1866.977       3.76574       4.750
    7   610   1863.332       3.77241       5.419
    7   611   1891.546       3.76287       6.728
    7   612   1902.973       3.77839       3.866
    7   613   1888.963       3.76234       4.823
    7   614   1908.846       3.77531       3.776
    7   615   1878.599       3.77312       4.063
    7   616   1882.114       3.76898       4.800
    7   617   1838.923       3.77121       3.660
    7   618   1870.799       3.76328       7.020
    7   619   1877.282       3.77029       2.292
    7   620   1889.102       3.77132       4.843
    7   621   1888.182       3.75823       4.769
    7   622   1853.777       3.77764       3.807
    7   623   1894.167       3.75346       4.598
    7   624   1899.926       3.77256       4.195
    7   625   1907.733       3.76529       4.182
    7   626   1860.992       3.78386       6.029
    7   627   1840.250       3.77785       5.963
    7   628   1894.785       3.76772       4.838
    7   629   1937.791       3.76255       3.714
    7   630   1940.817       3.76116       3.958
    7   631   1905.636       3.75665       3.584
    7   632   1880.774       3.75989       4.292
    7   633   1890.451       3.75516       4.697
    7   634   1863.830       3.77487       6.566
    7   635   1872.838       3.76479       6.212
    7   636   1860.742       3.77412       6.235
    7   637   1873.774       3.76585       6.294
    7   638   1883.350       3.77741       4.808
    7   639   1898.170       3.76267       4.346
    7   640   1887.047       3.76920       5.555
    7   641   1892.804       3.75849       4.708
    7   642   1903.956       3.76639       6.469
    7   643   1866.990       3.76627       6.539
    7   644   1883.706       3.76798       4.363
    7   645   1906.260       3.75440       4.702
    7   646   1884.366       3.76797       4.720
    7   647   1881.987       3.76561       4.989
    7   648   1848.103       3.78472       3.223
    7   649   1861.788       3.75257       5.146
    7   650   1861.156       3.77814       4.410
    7   651   1882.010       3.75129       6.505
    7   652   1888.039       3.76295       5.754
    7   653   1890.932       3.75557       5.494
    7   654   1916.498       3.76996       5.457
    7   655   1897.410       3.78293       2.851
    7   656   1892.944       3.78580       2.222
    7   657   1889.450       3.75651       6.906
    7   658   1861.979       3.77692       3.490
    7   659   1870.876       3.75811       5.152
    7   660   1892.495       3.76777       4.162
    7   661   1851.849       3.76566       3.462
    7   662   1874.064       3.77205       4.432
    7   663   1931.027       3.76372       4.808
    7   664   1922.070       3.76211       5.311
    7   665   1932.158       3.75203       5.798
    7   666   1855.940       3.78024       4.949
    7   667   1860.595       3.77071       5.973
    7   668   1876.750       3.78034       4.773
    7   669   1885.607       3.77271       5.250
    7   670   1899.454       3.77451       4.142
    7   671   1897.405       3.77177       5.363
    7   672   1885.172       3.77063       4.479
    7   673   1864.521       3.77104       4.250
    7   674   1886.949       3.77039       4.986
    7   675   1852.152       3.77893       5.182
    7   676   1878.455       3.77598       3.215
    7   677   1889.897       3.76305       2.977
    7   678   1863.025       3.77574       4.193
    7   679   1896.655       3.76097       5.347
    7   680   1887.029       3.77281       3.784
    7   681   1885.251       3.76217       3.590
    7   682   1860.342       3.77481       5.973
    7   683   1860.960       3.76961       5.387
    7   684   1897.878       3.77448       4.688
    7   685   1883.901       3.77082       5.215
    7   686   1905.502       3.78417       2.310
    7   687   1848.763       3.76504       4.662
    7   688   1903.089       3.76881       4.209
    7   689   1857.519       3.77055       4.103
    7   690   1882.917       3.77290       3.913
    7   691   1873.587       3.77142       5.740
    7   692   1902.710       3.76816       4.478
    7   693   1877.564       3.76516       3.743
    7   694   1909.216       3.77016       4.172
    7   695   1881.287       3.75878       4.329
    7   696   1898.172       3.77009       5.751
    7   697   1896.450       3.76613       5.356
    7   698   1871.022       3.78297       4.537
    7   699   1873.023       3.76973       6.411
    7   700   1888.610       3.77328       4.812
    7   701   1884.358       3.76975       6.011
    7   702   1879.787       3.77700       3.377
    7   703   1904.084       3.76859       3.459
    7   704   1883.898       3.76883       3.588
    7   705   1874.040       3.76249       3.493
    7   706   1903.257       3.76859       5.923
    7   707   1913.709       3.76482       5.710
    7   708   1886.172       3.76669       5.701
    7   709   1877.676       3.75633       5.282
    7   710   1877.368       3.77651       4.171
    7   711   1850.652       3.76379       4.294
    7   712   1850.927       3.77167       3.336
    7   713   1842.761       3.76404       6.053
    7   714   1858.228       3.78510       2.851
    7   715   1891.453       3.76286       3.580
    7   716   1873.969       3.78132       6.062
    7   717   1881.279       3.77262       4.033
    7   718   1878.345       3.78466       4.653
    7   719   1878.695       3.76947       6.146
    7   720   1917.299       3.77580       3.290
    7   721   1888.977       3.76257       4.107
    7   722   1907.059       3.77416       3.195
    7   723   1873.041       3.76769       4.541
    7   724   1892.496       3.76950       3.179
    7   725   1898.444       3.76514       5.135
    7   726   1892.411       3.77530       2.212
    7   727   1902.168       3.75027       5.387
    7   728   1900.178       3.77831       3.116
    7   729   1855.331       3.76375       5.875
    7   730   1915.174       3.76817       3.733
    7   731   1902.255       3.78166       2.776
    7   732   1885.885       3.78672       4.852
    7   733   1877.880       3.77617       3.466
    7   734   1864.246       3.78177       3.773
    7   735   1867.315       3.78113       4.745
    7   736   1869.549       3.77683       3.367
    7   737   1841.706       3.77003       3.830
    7   738   1869.028       3.78313       3.862
    7   739   1851.242       3.76593       5.748
    7   740   1868.299       3.76680       7.354
    7   741   1918.051       3.76223       3.930
    7   742   1868.456       3.78881       2.700
    7   743   1869.803       3.77356       6.079
    7   744   1906.415       3.77566       4.005
    7   745   1867.307       3.76914       5.421
    7   746   1866.140       3.77888       5.410
    7   747   1926.996       3.77223       5.585
    7   748   1903.911       3.76921       4.437
    7   749   1856.093       3.77925       3.789
    7   750   1938.952       3.76199       5.030
    7   751   1877.705       3.75186       9.018
    7   752   1889.237       3.78581       3.332
    7   753   1897.473       3.76730       5.526
    7   754   1884.491       3.78363       4.612
    7   755   1864.066       3.77332       5.985
    7   756   1907.437       3.76821       5.160
    7   757   1904.980       3.76103       4.693
    7   758   1859.870       3.79148       4.859
    7   759   1879.606       3.78490       3.337
    7   760   1928.624       3.77156       3.671
    7   761   1875.046       3.77355       5.680
    7   762   1899.582       3.76656       1.977
    7   763   1866.106       3.75079       4.951
    7   764   1849.279       3.77256       4.651
    7   765   1878.207       3.76380       3.582
    7   766   1922.810       3.77809       4.290
    7   767   1893.916       3.77062       5.487
    7   768   1898.808       3.77805       5.804
    7   769   1837.502       3.77300       5.891
    7   770   1912.516       3.77889       3.455
    7   771   1904.296       3.77064       4.600
    7   772   1919.068       3.78166       4.730
    7   773   1877.023       3.77341       4.654
    7   774   1894.701       3.77298       5.118
    7   775   1885.909       3.76579       6.339
    7   776   1903.913       3.77085       4.534
    7   777   1897.383       3.76010       5.583
    7   778   1907.537       3.76700       4.713
    7   779   1889.994       3.76610       3.575
    7   780   1851.786       3.78299       4.826
    7   781   1872.552       3.76311       4.372
    7   782   1857.671       3.77427       4.953
    7   783   1868.866       3.75528       6.735
    7   784   1894.087       3.77280       3.585
    7   785   1905.693       3.75972       5.074
    7   786   1894.386       3.77088       4.653
    7   787   1900.352       3.77196       6.241
    7   788   1865.620       3.78098       4.056
    7   789   1868.099       3.76813       7.848
    7   790   1896.231       3.77932       2.432
    7   791   1909.094       3.78301       3.236
    7   792   1888.954       3.78195       3.341
    7   793   1921.315       3.76230       3.427
    7   794   1845.190       3.77957       4.012
    7   795   1891.116       3.77171       3.250
    7   796   1884.220       3.77735       3.410
    7   797   1880.789       3.76598       5.407
    7   798   1865.638       3.77716       3.971
    7   799   1902.149       3.77276       4.524
    7   800   1861.879       3.78835       4.452
    7   801   1878.947       3.77453       4.230
    7   802   1865.467       3.79155       4.611
    7   803   1900.750       3.76620       4.526
    7   804   1893.428       3.77383       3.812
    7   805   1887.045       3.76674       3.421
    7   806   1936.057       3.76240       3.794
    7   807   1894.913       3.77203       3.631
    7   808   1896.552       3.76592       4.473
    7   809   1902.517       3.75801       5.418
    7   810   1863.072       3.77536       5.529
    7   811   1915.579       3.76601       4.596
    7   812   1866.301       3.78808       4.414
    7   813   1913.049       3.75690       4.451
    7   814   1886.381       3.78525       3.616
    7   815   1875.263       3.77853       3.452
    7   816   1885.832       3.78579       2.674
    7   817   1875.511       3.77141       3.650
    7   818   1855.842       3.78249       3.094
    7   819   1880.819       3.76976       3.465
    7   820   1899.725       3.76824       2.373
    7   821   1866.473       3.76376       4.940
    7   822   1878.611       3.76884       4.530
    7   823   1863.477       3.76902       5.462
    7   824   1883.566       3.77812       4.505
    7   825   1933.453       3.76601       4.307
    7   826   1881.651       3.76872       5.208
    7   827   1885.065       3.77333       5.018
    7   828   1825.278       3.79241       3.360
    7   829   1897.386       3.77210       6.819
    7   830   1889.954       3.77288       5.003
    7   831   1854.649       3.77706       4.988
    7   832   1897.264       3.78418       3.634
    7   833   1885.818       3.77015       3.924
    7   834   1900.889       3.77472       3.845
    7   835   1881.321       3.77716       2.263
    7   836   1931.703       3.77905       3.616
    7   837   1871.236       3.75928       5.104
    7   838   1918.725       3.78311       5.371
    7   839   1895.360       3.76534       4.660
    7   840   1889.888       3.78242       2.551
    7   841   1883.055       3.76910       5.310
    7   842   1889.551       3.79115       2.814
    7   843   1893.520       3.76868       3.855
    7   844   1893.844       3.77962       3.995
    7   845   1866.963       3.76625       5.342
    7   846   1874.962       3.78563       3.026
    7   847   1871.506       3.77367       4.612
    7   848   1892.685       3.77474       3.525
    7   849   1844.143       3.76643       5.519
    7   850   1894.186       3.78099       4.723
    7   851   1867.649       3.77337       5.119
    7   852   1890.613       3.79089       3.361
    7   853   1874.294       3.77263       6.985
    7   854   1861.780       3.78204       4.342
    7   855   1894.426       3.77189       1.821
    7   856   1877.048       3.76974       4.419
    7   857   1867.901       3.76248       3.340
    7   858   1887.392       3.76547       3.943
    7   859   1843.934       3.77419       3.142
    7   860   1864.842       3.77993       3.486
    7   861   1892.010       3.75727       6.586
    7   862   1873.563       3.76666       7.769
    7   863   1914.073       3.75783       5.947
    7   864   1847.651       3.78705       5.405
    7   865   1872.900       3.78006       3.476
    7   866   1880.808       3.78294       4.537
    7   867   1884.168       3.77320       4.274
    7   868   1869.105       3.77304       4.050
    7   869   1869.395       3.77377       3.397
    7   870   1857.172       3.77286       4.807
    7   871   1876.004       3.76691       6.242
    7   872   1872.385       3.79142       4.867
    7   873   1853.057       3.77649       5.846
    7   874   1887.720       3.78707       4.394
    7   875   1886.709       3.76799       4.849
    7   876   1911.775       3.77074       2.615
    7   877   1889.133       3.76685       2.363
    7   878   1874.114       3.78000       3.493
    7   879   1892.665       3.76338       3.891
    7   880   1839.572       3.77874       3.870
    7   881   1851.490       3.77000       6.234
    7   882   1873.890       3.78149       5.624
    7   883   1884.898       3.76391       7.368
    7   884   1875.461       3.78069       3.913
    7   885   1885.228       3.77090       4.293
    7   886   1908.411       3.77454       2.512
    7   887   1874.487       3.77131       2.166
    7   888   1942.722       3.76669       2.439
    7   889   1873.816       3.75924       4.502
    7   890   1905.541       3.76785       3.921
    7   891   1889.188       3.75552       5.271
    7   892   1877.177       3.78098       5.567
    7   893   1870.527       3.77326       3.168
    7   894   1866.587       3.78152       3.795
    7   895   1856.216       3.77488       6.218
    7   896   1887.818       3.77698       4.480
    7   897   1864.099       3.77542       4.893
    7   898   1923.991       3.77783       5.188
    7   899   1909.804       3.77062       2.893
    7   900   1886.963       3.76981       3.040
    7   901   1914.789       3.74769       6.495
    7   902   1888.584       3.77359       2.631
    7   903   1903.963       3.76277       5.046
    7   904   1859.163       3.76704       7.602
    7   905   1874.904       3.76833       5.076
    7   906   1905.051       3.77269       5.754
    7   907   1890.863       3.76009       6.017
    7   908   1910.477       3.78410       3.634
    7   909   1933.329       3.76683       6.633
    7   910   1841.182       3.78573       4.896
    7   911   1917.678       3.77123       4.109
    7   912   1878.179       3.77954       4.911
    7   913   1896.913       3.77247       4.560
    7   914   1909.351       3.77854       3.508
    7   915   1887.145       3.77337       2.966
    7   916   1891.987       3.76711       3.509
    7   917   1902.422       3.76575       3.566
    7   918   1879.104       3.78227       4.061
    7   919   1877.280       3.77309       4.646
    7   920   1901.332       3.77986       5.419
    7   921   1893.235       3.76693       6.530
    7   922   1875.210       3.78101       5.107
    7   923   1872.064       3.77518       4.393
    7   924   1880.063       3.77243       5.067
    7   925   1854.607       3.77169       5.514
    7   926   1912.280       3.77968       2.615
    7   927   1853.553       3.77283       2.635
    7   928   1888.069       3.76563       4.834
    7   929   1840.059       3.75978       7.764
    7   930   1897.173       3.77597       6.003
    7   931   1859.831       3.77982       5.954
    7   932   1914.699       3.77977       3.448
    7   933   1873.976       3.76808       5.949
    7   934   1910.695       3.77336       4.817
    7   935   1891.218       3.76972       5.335
    7   936   1886.947       3.77922       3.982
    7   937   1842.176       3.77407       4.200
    7   938   1910.121       3.78130       4.068
    7   939   1875.865       3.75829       6.133
    7   940   1918.255       3.76998       3.361
    7   941   1887.051       3.76549       3.948
    7   942   1895.464       3.77930       3.657
    7   943   1912.587       3.76197       4.749
    7   944   1871.374       3.77495       4.143
    7   945   1861.387       3.76232       6.930
    7   946   1876.912       3.77419       5.632
    7   947   1888.682       3.78004       4.203
    7   948   1839.083       3.77290       7.097
    7   949   1911.883       3.76362       5.542
    7   950   1890.466       3.77640       4.340
    7   951   1870.880       3.77460       5.225
    7   952   1902.880       3.77740       4.443
    7   953   1895.762       3.77310       3.908
    7   954   1863.312       3.79026       3.970
    7   955   1877.205       3.77713       3.733
    7   956   1914.722       3.76938       6.400
    7   957   1885.108       3.76404       5.212
    7   958   1867.680       3.77257       3.880
    7   959   1854.754       3.77264       5.152
    7   960   1893.183       3.78296       1.877
    7   961   1901.407       3.75991       4.143
    7   962   1849.312       3.78628       2.626
    7   963   1864.461       3.76231       5.719
    7   964   1873.614       3.77905       6.224
    7   965   1837.056       3.77503       4.983
    7   966   1881.375       3.79201       5.213
    7   967   1869.536       3.78106       6.654
    7   968   1869.518       3.79024       3.970
    7   969   1884.714       3.77872       4.257
    7   970   1872.920       3.77222       4.582
    7   971   1903.087       3.76696       3.587
    7   972   1865.114       3.76797       5.353
    7   973   1895.570       3.75425       4.493
    7   974   1890.515       3.77047       5.573
    7   975   1897.080       3.75822       5.744
    7   976   1879.914       3.77743       3.551
    7   977   1906.536       3.76549       4.888
    7   978   1868.415       3.78335       5.744
    7   979   1891.863       3.78558       4.281
    7   980   1942.783       3.77688       3.553
    7   981   1875.971       3.76868       3.887
    7   982   1838.748       3.78887       3.212
    7   983   1884.461       3.76655       2.942
    7   984   1894.801       3.76308       4.576
    7   985   1875.693       3.76303       4.776
    7   986   1891.515       3.76924       4.866
    7   987   1867.880       3.76886       7.983
    7   988   1895.542       3.77105       4.281
    7   989   1881.621       3.75972       6.804
    7   990   1885.731       3.77680       4.483
    7   991   1871.718       3.77562       4.804
    7   992   1909.168       3.77710       3.811
    7   993   1925.436       3.77416       5.914
    7   994   1920.986       3.78393       6.785
    7   995   1882.996       3.78086       4.257
    7   996   1888.991       3.78013       4.984
    7   997   1869.468       3.78005       5.616
    7   998   1844.828       3.78880       5.312
    7   999   1895.201       3.78283       4.646
    7  1000   1846.765       3.79203       3.301
    7  1001   1911.106       3.76551       2.708
    7  1002   1872.998       3.77054       5.627
    7  1003   1931.756       3.77067       3.664
    7  1004   1835.785       3.79302       4.198
    7  1005   1851.594       3.77820       4.671
    7  1006   1901.022       3.78725       3.708
    7  1007   1892.436       3.77037       5.212
    7  1008   1909.316       3.78394       4.471
    7  1009   1914.549       3.78771       2.871
    7  1010   1902.993       3.77086       3.644
    7  1011   1862.402       3.78518       3.476
    7  1012   1878.281       3.77722       3.854
    7  1013   1914.600       3.75464       4.999
    7  1014   1866.075       3.77057       4.882
    7  1015   1862.176       3.76216       6.156
    7  1016   1877.096       3.78461       3.325
    7  1017   1864.022       3.73479       4.916
    7  1018   1917.961       3.75986       3.715
    7  1019   1897.311       3.76680       2.961
    7  1020   1885.911       3.78467       4.515
    7  1021   1903.865       3.77585       6.723
    7  1022   1910.052       3.79937       4.985
    7  1023   1875.758       3.79921       5.990
