    2     0   1933.915       3.85307       4.498
    2     1   1923.947       3.83052       6.161
    2     2   1990.643       3.83792       4.587
    2     3   1918.336       3.83786       3.097
    2     4   1931.609       3.84690       3.589
    2     5   1939.777       3.81934       3.753
    2     6   1978.311       3.81543       5.341
    2     7   1899.457       3.82218       7.537
    2     8   1953.835       3.84474       4.937
    2     9   1911.034       3.83132       3.940
    2    10   1947.590       3.84720       5.410
    2    11   1870.689       3.82033       7.505
    2    12   1917.138       3.83055       4.284
    2    13   1947.168       3.82067       4.846
    2    14   1972.667       3.83010       4.397
    2    15   1900.855       3.82403       3.467
    2    16   2010.580       3.81745       4.991
    2    17   1904.197       3.82594       4.798
    2    18   1976.202       3.83218       5.244
    2    19   1886.111       3.82967       5.605
    2    20   1997.821       3.82841       4.477
    2    21   1907.870       3.83093       5.386
    2    22   1999.070       3.83449       5.120
    2    23   1902.060       3.83415       4.688
    2    24   1981.435       3.83099       4.798
    2    25   1865.261       3.83941       5.033
    2    26   1962.629       3.83317       3.655
    2    27   1897.174       3.82109       4.323
    2    28   1964.840       3.82431       4.791
    2    29   1931.775       3.82316       3.416
    2    30   1972.257       3.83081       5.333
    2    31   1917.930       3.82447       4.779
    2    32   1978.626       3.82614       4.989
    2    33   1876.381       3.82059       5.394
    2    34   1959.648       3.83390       5.896
    2    35   1903.294       3.81712       6.313
    2    36   1949.093       3.84603       4.129
    2    37   1886.155       3.83161       5.878
    2    38   1948.687       3.83607       6.208
    2    39   1939.196       3.83467       3.774
    2    40   1971.650       3.82961       4.634
    2    41   1892.151       3.82148       5.895
    2    42   1983.991       3.82898       3.230
    2    43   1945.854       3.81783       5.640
    2    44   1992.423       3.82704       5.184
    2    45   1888.096       3.82239       4.881
    2    46   1933.269       3.84295       4.304
    2    47   1963.560       3.82398       5.457
    2    48   2015.593       3.85044       3.026
    2    49   1919.733       3.83295       3.822
    2    50   1947.978       3.82785       4.417
    2    51   1894.295       3.82509       4.918
    2    52   1938.532       3.82550       3.590
    2    53   1948.266       3.81141       3.598
    2    54   1952.717       3.82865       5.717
    2    55   1941.345       3.81689       5.610
    2    56   1982.081       3.82682       6.303
    2    57   1898.293       3.82978       3.434
    2    58   1966.197       3.82187       7.927
    2    59   1915.033       3.83005       3.757
    2    60   1985.403       3.82906       6.306
    2    61   1930.302       3.82660       4.427
    2    62   1974.872       3.83448       4.882
    2    63   1940.526       3.82465       5.359
    2    64   1930.953       3.84199       4.794
    2    65   1893.174       3.81499       5.351
    2    66   1957.374       3.83057       3.696
    2    67   1849.496       3.83603       4.581
    2    68   1908.813       3.82973       4.319
    2    69   1923.757       3.82725       4.943
    2    70   1946.681       3.83763       5.247
    2    71   1894.407       3.83324       4.637
    2    72   1966.809       3.83987       3.858
    2    73   1905.276       3.82034       4.051
    2    74   1980.398       3.82746       4.452
    2    75   1895.098       3.82466       4.969
    2    76   2010.277       3.82709       4.617
    2    77   1933.050       3.81527       4.819
    2    78   1946.284       3.83445       3.613
    2    79   1906.884       3.82812       6.788
    2    80   1959.041       3.85036       4.030
    2    81   1978.468       3.81764       4.888
    2    82   1978.907       3.82836       5.026
    2    83   1931.080       3.82858       5.241
    2    84   1960.165       3.82703       4.031
    2    85   1919.556       3.82154       4.146
    2    86   1919.816       3.84282       4.075
    2    87   1952.447       3.82015       3.712
    2    88   1960.901       3.82990       4.021
    2    89   1907.209       3.81840       3.676
    2    90   1986.271       3.81654       5.637
    2    91   1858.812       3.83538       4.497
    2    92   1937.970       3.84028       5.425
    2    93   1923.797       3.83111       5.910
    2    94   1980.708       3.83528       4.540
    2    95   1927.429       3.82760       2.809
    2    96   1963.193       3.83000       5.015
    2    97   1883.309       3.82671       4.561
    2    98   1960.269       3.83681       4.237
    2    99   1965.865       3.81931       5.614
    2   100   1947.402       3.82653       5.207
    2   101   1896.738       3.81450       4.922
    2   102   1969.356       3.82532       3.657
    2   103   1925.786       3.81692       3.852
    2   104   1978.075       3.82000       4.993
    2   105   1907.975       3.81464       5.184
    2   106   1961.551       3.82077       4.777
    2   107   1909.011       3.82174       6.231
    2   108   1931.829       3.84248       5.187
    2   109   1910.819       3.82900       5.062
    2   110   1946.661       3.83221       4.978
    2   111   1913.730       3.83211       3.844
    2   112   1951.526       3.83963       3.294
    2   113   1905.002       3.82956       3.721
    2   114   1983.989       3.82247       4.142
    2   115   1907.361       3.81829       5.653
    2   116   1960.712       3.83355       3.478
    2   117   1896.865       3.82296       4.375
    2   118   2000.540       3.82643       4.417
    2   119   1948.722       3.81165       4.222
    2   120   1924.556       3.82136       6.305
    2   121   1911.661       3.81635       5.273
    2   122   1976.037       3.82820       4.164
    2   123   1904.735       3.82821       5.003
    2   124   1958.155       3.82915       5.037
    2   125   1890.772       3.84336       6.607
    2   126   1984.908       3.84547       3.765
    2   127   1921.121       3.83120       4.276
    2   128   1965.656       3.84389       3.209
    2   129   1874.167       3.83726       3.294
    2   130   1966.600       3.84310       3.387
    2   131   1919.657       3.82623       5.261
    2   132   1926.770       3.83670       3.939
    2   133   1905.980       3.82354       3.450
    2   134   1976.206       3.81940       3.807
    2   135   1896.152       3.81281       5.130
    2   136   1931.363       3.83434       4.461
    2   137   1933.422       3.81440       4.423
    2   138   1962.386       3.82855       4.970
    2   139   1916.752       3.82075       5.233
    2   140   1989.448       3.82295       3.740
    2   141   1915.258       3.82236       5.182
    2   142   1989.818       3.82146       3.948
    2   143   1885.661       3.81508       5.796
    2   144   1983.165       3.83249       3.003
    2   145   1941.567       3.82773       4.063
    2   146   1944.087       3.83214       3.831
    2   147   1936.154       3.81548       5.452
    2   148   1946.763       3.83615       6.150
    2   149   1926.972       3.82229       6.304
    2   150   1947.630       3.82992       4.629
    2   151   1967.501       3.81084       4.621
    2   152   1944.872       3.83257       4.522
    2   153   1917.988       3.83197       2.599
    2   154   1967.981       3.83209       3.590
    2   155   1891.501       3.81477       5.979
    2   156   1990.653       3.82252       7.976
    2   157   1886.399       3.82737       5.818
    2   158   1986.401       3.84119       3.033
    2   159   1928.571       3.82066       4.983
    2   160   1952.628       3.84457       3.681
    2   161   1906.664       3.82393       6.176
    2   162   1944.926       3.83426       4.772
    2   163   1918.046       3.83108       4.260
    2   164   1993.309       3.83596       3.799
    2   165   1953.993       3.81868       3.329
    2   166   1963.594       3.82528       2.968
    2   167   1905.181       3.82394       5.143
    2   168   1966.474       3.82919       4.203
    2   169   1916.195       3.82263       4.368
    2   170   1957.645       3.83224       4.706
    2   171   1901.399       3.82973       4.407
    2   172   1954.318       3.83641       3.584
    2   173   1882.927       3.83533       4.269
    2   174   1983.313       3.84920       2.987
    2   175   1929.815       3.82212       5.122
    2   176   1962.296       3.84209       3.527
    2   177   1903.287       3.83491       2.795
    2   178   1970.678       3.82568       6.233
    2   179   1877.897       3.83308       3.178
    2   180   1969.607       3.81804       4.261
    2   181   1988.250       3.81678       3.243
    2   182   1971.644       3.82095       4.703
    2   183   1882.230       3.81226       5.291
    2   184   1934.248       3.82687       4.288
    2   185   1934.406       3.82888       5.229
    2   186   1966.094       3.82977       4.572
    2   187   1882.265       3.83564       4.704
    2   188   1932.508       3.82536       5.477
    2   189   1911.396       3.82222       3.313
    2   190   1926.962       3.83091       4.637
    2   191   1912.685       3.81970       2.798
    2   192   2024.744       3.82876       3.680
    2   193   1936.136       3.82272       3.993
    2   194   1995.745       3.82649       5.192
    2   195   1917.217       3.81925       6.357
    2   196   1898.514       3.83470       3.550
    2   197   1903.911       3.82532       4.157
    2   198   1991.176       3.82794       5.731
    2   199   1905.194       3.82445       4.990
    2   200   1926.592       3.83495       4.451
    2   201   1926.525       3.82374       5.268
    2   202   1953.864       3.82576       4.088
    2   203   1888.550       3.81554       5.159
    2   204   1968.472       3.82101       5.421
    2   205   1927.653       3.81434       4.108
    2   206   1976.687       3.82984       3.943
    2   207   1926.568       3.81226       5.070
    2   208   1948.756       3.83945       4.805
    2   209   1911.770       3.82987       5.011
    2   210   1941.775       3.83994       5.181
    2   211   1913.596       3.83700       5.110
    2   212   1970.629       3.85262       3.663
    2   213   1925.565       3.83523       4.302
    2   214   1960.779       3.82760       3.589
    2   215   1939.715       3.81834       3.468
    2   216   1979.207       3.83256       2.204
    2   217   1973.975       3.81175       4.208
    2   218   2015.523       3.83125       4.772
    2   219   1894.434       3.82950       5.306
    2   220   2001.773       3.82929       5.573
    2   221   1879.693       3.83541       4.280
    2   222   1944.529       3.83244       5.381
    2   223   1918.431       3.81796       5.611
    2   224   1972.311       3.82307       3.531
    2   225   1891.370       3.82228       3.820
    2   226   1950.310       3.82099       4.455
    2   227   1943.561       3.82123       4.483
    2   228   1956.718       3.83121       7.226
    2   229   1902.624       3.83269       5.750
    2   230   1944.462       3.84109       3.409
    2   231   1924.496       3.82373       5.820
    2   232   1995.006       3.82679       4.009
    2   233   1941.664       3.81860       4.869
    2   234   2006.606       3.82404       4.057
    2   235   1916.605       3.82221       2.782
    2   236   1964.344       3.83139       5.640
    2   237   1926.388       3.82633       5.861
    2   238   1988.073       3.83080       4.763
    2   239   1953.655       3.82278       6.008
    2   240   1926.625       3.83537       5.446
    2   241   1939.262       3.82625       4.323
    2   242   1961.572       3.82741       6.044
    2   243   1922.101       3.82495       4.676
    2   244   1944.076       3.83292       4.978
    2   245   1932.497       3.82189       4.641
    2   246   1967.037       3.82028       5.913
    2   247   1950.988       3.81507       4.937
    2   248   1994.087       3.82612       3.392
    2   249   1906.420       3.82859       4.690
    2   250   1959.501       3.82558       3.529
    2   251   1904.483       3.81908       4.337
    2   252   2005.950       3.81740       5.552
    2   253   1880.026       3.83006       5.360
    2   254   1961.476       3.83593       3.549
    2   255   1881.897       3.82516       5.634
    2   256   1982.702       3.83302       4.086
    2   257   1925.114       3.83224       4.187
    2   258   1992.887       3.82710       3.484
    2   259   1868.556       3.82680       5.043
    2   260   1942.054       3.83494       3.422
    2   261   1922.705       3.81452       5.798
    2   262   1965.341       3.83740       4.325
    2   263   1916.519       3.81810       6.151
    2   264   1936.985       3.83234       6.385
    2   265   1949.140       3.82066       6.044
    2   266   1963.528       3.82746       4.075
    2   267   1888.231       3.82925       4.919
    2   268   1954.862       3.83046       3.801
    2   269   1883.779       3.83082       4.091
    2   270   1949.436       3.83448       3.482
    2   271   1918.672       3.81339       4.428
    2   272   1973.639       3.82669       7.107
    2   273   1909.555       3.82351       5.219
    2   274   1971.522       3.82699       7.253
    2   275   1924.922       3.82585       4.542
    2   276   1937.322       3.82686       4.667
    2   277   1931.032       3.81887       4.805
    2   278   1976.612       3.82182       4.306
    2   279   1897.451       3.81086       6.793
    2   280   1935.627       3.82852       3.939
    2   281   1922.409       3.80293       4.655
    2   282   1956.237       3.81648       5.228
    2   283   1918.515       3.80690       7.565
    2   284   1964.738       3.82852       6.735
    2   285   1894.484       3.82675       6.086
    2   286   1937.837       3.82635       4.878
    2   287   1917.693       3.82529       4.482
    2   288   1932.625       3.84024       3.116
    2   289   1914.404       3.82304       4.591
    2   290   1962.042       3.82519       3.643
    2   291   1926.084       3.82365       4.298
    2   292   2009.234       3.82905       5.720
    2   293   1902.473       3.82646       5.285
    2   294   2011.933       3.81566       5.859
    2   295   1862.761       3.82069       4.254
    2   296   1989.828       3.83130       3.357
    2   297   1958.932       3.81610       5.546
    2   298   1919.542       3.82520       5.572
    2   299   1923.714       3.80932       5.207
    2   300   1986.391       3.82100       4.339
    2   301   1918.876       3.82791       3.531
    2   302   2011.989       3.82846       5.070
    2   303   1933.683       3.81159       5.710
    2   304   1945.747       3.83600       4.088
    2   305   1935.497       3.82778       4.471
    2   306   2011.388       3.82271       3.899
    2   307   1901.991       3.83013       4.465
    2   308   1968.355       3.83494       3.941
    2   309   1902.403       3.83337       4.280
    2   310   1958.235       3.82161       4.208
    2   311   1922.799       3.80906       3.880
    2   312   1926.658       3.83466       4.022
    2   313   1897.766       3.82092       7.058
    2   314   1965.856       3.83772       4.011
    2   315   1895.969       3.83126       5.586
    2   316   1937.993       3.84176       4.603
    2   317   1916.783       3.83517       5.185
    2   318   1978.504       3.82863       2.988
    2   319   1886.089       3.81056       4.278
    2   320   1960.135       3.82879       2.256
    2   321   1905.018       3.82064       6.416
    2   322   1959.385       3.82494       3.790
    2   323   1896.957       3.81746       7.540
    2   324   1937.252       3.82137       5.409
    2   325   1891.946       3.80937       7.333
    2   326   1953.868       3.81828       7.290
    2   327   1922.779       3.81917       6.351
    2   328   1983.444       3.83432       4.043
    2   329   1901.515       3.83470       4.730
    2   330   1978.592       3.82518       5.741
    2   331   1906.836       3.82498       4.248
    2   332   1966.503       3.83250       6.162
    2   333   1930.382       3.81965       4.210
    2   334   1940.286       3.83288       3.466
    2   335   1911.946       3.81023       5.472
    2   336   2002.477       3.82101       3.309
    2   337   1912.950       3.81886       4.341
    2   338   1932.787       3.82568       4.868
    2   339   1928.290       3.81081       5.383
    2   340   1933.867       3.82967       5.687
    2   341   1910.308       3.81138       5.798
    2   342   1958.408       3.81747       4.831
    2   343   1957.074       3.81612       5.501
    2   344   1960.718       3.82795       3.343
    2   345   1903.619       3.82438       3.733
    2   346   1970.534       3.82217       6.474
    2   347   1951.468       3.83155       3.623
    2   348   1952.166       3.84266       2.696
    2   349   1902.729       3.82637       3.778
    2   350   2017.818       3.81657       5.429
    2   351   1937.336       3.82530       3.716
    2   352   1977.259       3.81924       4.472
    2   353   1868.763       3.81778       4.653
    2   354   1964.814       3.83630       4.006
    2   355   1923.106       3.81945       4.016
    2   356   1949.621       3.81943       6.240
    2   357   1928.819       3.80568       7.065
    2   358   1972.963       3.82357       4.883
    2   359   1897.430       3.81936       4.814
    2   360   1957.053       3.82547       3.511
    2   361   1908.784       3.81571       4.348
    2   362   1985.680       3.81576       4.798
    2   363   1951.597       3.80542       6.297
    2   364   1961.652       3.82063       6.419
    2   365   1903.244       3.80930       8.121
    2   366   1955.534       3.82422       6.451
    2   367   1904.639       3.81458       5.932
    2   368   1940.901       3.83033       5.550
    2   369   1895.031       3.81285       7.037
    2   370   1956.809       3.83828       5.427
    2   371   1935.009       3.81794       5.175
    2   372   1967.288       3.82059       4.003
    2   373   1884.251       3.82021       4.079
    2   374   1980.866       3.81682       5.469
    2   375   1916.940       3.81737       4.771
    2   376   1959.228       3.82050       3.976
    2   377   1912.953       3.81137       4.455
    2   378   1947.707       3.82107       6.278
    2   379   1914.691       3.81845       5.874
    2   380   2001.215       3.82128       5.868
    2   381   1885.365       3.82331       6.922
    2   382   1966.917       3.83201       5.125
    2   383   1899.922       3.82336       6.797
    2   384   1947.246       3.82861       3.890
    2   385   1924.469       3.81394       5.119
    2   386   1965.782       3.81799       4.219
    2   387   1894.547       3.81473       4.980
    2   388   1948.671       3.82687       3.467
    2   389   1902.517       3.80713       5.754
    2   390   1936.833       3.83714       3.876
    2   391   1895.381       3.80853       6.124
    2   392   1934.231       3.82400       5.631
    2   393   1891.315       3.82713       4.413
    2   394   1942.659       3.82809       6.173
    2   395   1901.246       3.82325       3.933
    2   396   1986.402       3.81756       5.116
    2   397   1921.944       3.81799       6.442
    2   398   1940.692       3.81925       4.784
    2   399   1893.127       3.81160       7.220
    2   400   1962.146       3.82325       5.463
    2   401   1922.765       3.82074       4.564
    2   402   1982.272       3.82153       4.427
    2   403   1918.263       3.82326       6.732
    2   404   1978.840       3.82490       6.007
    2   405   1903.161       3.82125       7.364
    2   406   1971.613       3.82039       5.777
    2   407   1898.365       3.81588       5.919
    2   408   1976.780       3.82483       4.387
    2   409   1903.146       3.82005       5.438
    2   410   1970.727       3.84176       3.819
    2   411   1913.896       3.81926       6.027
    2   412   1958.401       3.84949       4.318
    2   413   1895.152       3.82553       4.524
    2   414   1938.668       3.82567       5.612
    2   415   1900.247       3.82800       3.915
    2   416   1972.721       3.82598       3.457
    2   417   1937.925       3.81406       3.893
    2   418   1958.529       3.81797       5.145
    2   419   1927.566       3.81663       4.069
    2   420   1999.223       3.80028       5.673
    2   421   1941.415       3.79967       4.541
    2   422   1948.598       3.81603       5.221
    2   423   1874.948       3.81063       6.875
    2   424   1982.556       3.83013       5.060
    2   425   1866.694       3.82119       8.064
    2   426   1930.167       3.82895       5.841
    2   427   1894.010       3.83230       6.269
    2   428   1983.924       3.83266       4.557
    2   429   1894.852       3.81572       5.316
    2   430   1966.482       3.82666       4.027
    2   431   1939.418       3.80879       4.838
    2   432   1931.677       3.82449       4.820
    2   433   1933.658       3.81447       7.002
    2   434   1959.534       3.82330       5.375
    2   435   1893.482       3.82998       5.270
    2   436   1970.972       3.81996       5.551
    2   437   1920.815       3.81963       6.080
    2   438   1981.960       3.82914       7.563
    2   439   1896.519       3.83174       3.835
    2   440   1975.909       3.82927       3.419
    2   441   1948.944       3.81420       4.522
    2   442   1992.486       3.82309       5.139
    2   443   1894.278       3.82171       5.115
    2   444   1964.017       3.83150       4.268
    2   445   1886.929       3.80522       7.219
    2   446   1967.310       3.81270       5.236
    2   447   1912.976       3.81394       4.709
    2   448   1990.357       3.80928       6.013
    2   449   1919.771       3.80239       5.706
    2   450   1954.965       3.83201       3.981
    2   451   1918.697       3.81658       4.215
    2   452   1965.362       3.81753       7.462
    2   453   1902.651       3.82132       6.306
    2   454   1994.777       3.81969       6.252
    2   455   1909.246       3.81323       7.118
    2   456   1897.295       3.84300       4.476
    2   457   1912.266       3.82651       4.896
    2   458   1987.383       3.83490       3.299
    2   459   1919.331       3.81882       5.296
    2   460   1970.455       3.82724       4.790
    2   461   1917.042       3.81723       4.646
    2   462   1984.962       3.82140       3.996
    2   463   1917.053       3.81456       4.964
    2   464   1940.787       3.83086       7.486
    2   465   1895.680       3.82462       5.777
    2   466   1995.216       3.82789       5.994
    2   467   1913.952       3.81986       4.554
    2   468   1965.704       3.83162       4.430
    2   469   1925.170       3.81253       5.187
    2   470   1938.738       3.82357       4.699
    2   471   1901.744       3.81242       4.194
    2   472   1933.400       3.83015       5.667
    2   473   1887.859       3.81050       7.929
    2   474   1956.424       3.82190       4.146
    2   475   1896.671       3.81943       5.314
    2   476   1955.490       3.81473       5.749
    2   477   1923.639       3.82407       6.139
    2   478   1961.076       3.82296       5.727
    2   479   1916.921       3.83737       4.978
    2   480   1971.844       3.84095       5.270
    2   481   1891.350       3.82940       5.428
    2   482   1961.813       3.82341       4.706
    2   483   1896.420       3.82372       5.647
    2   484   1952.289       3.81520       4.844
    2   485   1949.284       3.80911       4.555
    2   486   1962.310       3.81941       4.958
    2   487   1894.446       3.81474       7.061
    2   488   1972.909       3.82927       5.346
    2   489   1852.199       3.83302       4.181
    2   490   1893.810       3.84003       4.895
    2   491   1893.817       3.82204       5.649
    2   492   1999.158       3.82505       5.204
    2   493   1901.716       3.82494       4.512
    2   494   2010.739       3.82377       5.271
    2   495   1894.125       3.81583       4.454
    2   496   1971.540       3.82163       3.269
    2   497   1944.181       3.80949       4.329
    2   498   1906.932       3.78672       4.548
    2   499   1867.320       3.77569       7.700
    2   500   1874.084       3.80487       4.078
    2   501   1845.660       3.79624       7.371
    2   502   1903.107       3.82106       4.027
    2   503   1799.522       3.81872       6.774
    2   504   1953.429       3.86617       4.595
    2   505   1924.093       3.81607       5.496
    2   506   1991.919       3.81810       4.620
    2   507   1902.365       3.81156       4.857
    2   508   1976.967       3.82829       5.948
    2   509   1902.523       3.81545       7.085
    2   510   1945.448       3.82999       3.554
    2   511   1904.011       3.82418       6.207
    2   512   1877.466       3.82490       4.649
    2   513   1909.788       3.81127       7.691
    2   514   1895.921       3.81208       6.388
    2   515   1869.133       3.81279       5.133
    2   516   1900.975       3.81794       5.274
    2   517   1867.812       3.81139       6.916
    2   518   1865.150       3.81603       7.135
    2   519   1910.877       3.80581       5.482
    2   520   1853.524       3.83264       5.019
    2   521   1893.382       3.81974       3.826
    2   522   1897.975       3.82587       5.090
    2   523   1884.516       3.80577       5.313
    2   524   1871.454       3.81501       5.088
    2   525   1888.014       3.81697       3.768
    2   526   1867.708       3.80887       6.017
    2   527   1919.502       3.80504       5.271
    2   528   1925.298       3.80917       4.866
    2   529   1901.938       3.80942       6.214
    2   530   1891.926       3.79723      10.536
    2   531   1870.539       3.81547       6.621
    2   532   1882.998       3.82689       5.087
    2   533   1894.946       3.81011       6.816
    2   534   1912.540       3.83259       3.841
    2   535   1887.843       3.82122       5.126
    2   536   1845.703       3.82961       4.349
    2   537   1927.863       3.81616       4.179
    2   538   1901.161       3.81349       5.776
    2   539   1930.645       3.80775       4.510
    2   540   1914.660       3.81324       5.532
    2   541   1917.296       3.80952       4.363
    2   542   1882.178       3.82680       3.147
    2   543   1898.507       3.81854       3.659
    2   544   1902.272       3.82385       4.412
    2   545   1911.275       3.81690       3.586
    2   546   1917.858       3.80982       7.084
    2   547   1905.944       3.81696       3.853
    2   548   1904.487       3.81428       4.527
    2   549   1901.637       3.80554       4.255
    2   550   1885.038       3.82479       4.677
    2   551   1953.542       3.80970       3.353
    2   552   1959.471       3.81514       4.396
    2   553   1893.426       3.81053       4.903
    2   554   1936.550       3.81690       5.870
    2   555   1894.869       3.80550       5.998
    2   556   1879.608       3.82508       4.872
    2   557   1891.948       3.82145       3.966
    2   558   1918.616       3.80237       6.715
    2   559   1898.264       3.80849       5.792
    2   560   1922.235       3.81842       4.656
    2   561   1926.935       3.81448       4.672
    2   562   1897.066       3.82123       2.444
    2   563   1933.639       3.80735       3.283
    2   564   1906.414       3.81652       7.478
    2   565   1885.771       3.81603       7.570
    2   566   1878.317       3.83007       5.580
    2   567   1897.178       3.82109       4.444
    2   568   1887.279       3.81771       4.270
    2   569   1904.131       3.81223       3.469
    2   570   1867.916       3.81724       4.439
    2   571   1896.546       3.80847       4.551
    2   572   1952.534       3.81125       5.107
    2   573   1915.477       3.80211       4.091
    2   574   1913.596       3.80359       6.264
    2   575   1918.156       3.80801       6.764
    2   576   1901.312       3.81217       4.620
    2   577   1949.911       3.79813       6.953
    2   578   1932.385       3.81320       6.020
    2   579   1938.043       3.81016       6.687
    2   580   1904.406       3.80868       6.249
    2   581   1912.725       3.81291       4.010
    2   582   1902.667       3.82186       6.455
    2   583   1900.772       3.82218       6.907
    2   584   1903.680       3.83819       4.882
    2   585   1901.834       3.82816       4.447
    2   586   1909.514       3.81864       5.745
    2   587   1921.213       3.82502       3.217
    2   588   1868.112       3.81433       3.181
    2   589   1902.279       3.80385       4.735
    2   590   1936.412       3.79602       3.448
    2   591   1934.411       3.79497       4.714
    2   592   1960.768       3.79996       4.789
    2   593   1909.592       3.81200       7.876
    2   594   1902.868       3.81555       5.636
    2   595   1930.838       3.80875       6.603
    2   596   1924.414       3.80645       6.257
    2   597   1893.595       3.80930       6.329
    2   598   1882.429       3.81925       7.288
    2   599   1903.796       3.80985       5.616
    2   600   1951.969       3.82001       4.703
    2   601   1902.090       3.81147       5.355
    2   602   1880.128       3.81868       5.331
    2   603   1891.704       3.81114       4.714
    2   604   1898.617       3.80476       5.959
    2   605   1919.073       3.80637       5.066
    2   606   1880.230       3.81722       4.581
    2   607   1905.955       3.80722       6.326
    2   608   1868.132       3.82212       5.232
    2   609   1912.777       3.80737       6.485
    2   610   1922.776       3.81836       5.510
    2   611   1879.101       3.81984       6.713
    2   612   1895.485       3.82677       5.374
    2   613   1927.596       3.81002       6.414
    2   614   1886.637       3.81647       7.007
    2   615   1883.558       3.81135       5.029
    2   616   1906.575       3.80796       4.906
    2   617   1899.673       3.80653       4.851
    2   618   1916.991       3.80673       6.402
    2   619   1868.910       3.81164       4.339
    2   620   1916.835       3.81221       6.437
    2   621   1920.401       3.80581       7.153
    2   622   1926.091       3.81578       5.778
    2   623   1880.956       3.81626       6.818
    2   624   1918.204       3.81962       7.093
    2   625   1901.850       3.81745       5.983
    2   626   1869.478       3.83379       4.473
    2   627   1879.614       3.82941       3.160
    2   628   1923.271       3.81365       4.902
    2   629   1890.028       3.80832       4.120
    2   630   1908.307       3.79855       4.602
    2   631   1896.354       3.80625       3.109
    2   632   1889.585       3.80628       4.476
    2   633   1921.635       3.80294       5.706
    2   634   1908.705       3.81202       7.535
    2   635   1844.627       3.81684       4.765
    2   636   1894.663       3.81769       6.494
    2   637   1918.122       3.80695       5.850
    2   638   1945.442       3.82021       4.571
    2   639   1910.285       3.82187       3.747
    2   640   1885.558       3.82575       3.054
    2   641   1916.183       3.80714       4.754
    2   642   1925.031       3.80489       5.149
    2   643   1926.905       3.80932       4.890
    2   644   1917.682       3.80864       5.971
    2   645   1885.450       3.80901       4.766
    2   646   1907.696       3.81958       5.393
    2   647   1895.776       3.81066       6.241
    2   648   1867.330       3.82985       3.404
    2   649   1914.959       3.80526       6.691
    2   650   1876.113       3.81777       4.874
    2   651   1918.888       3.80787       6.902
    2   652   1864.880       3.81466       5.083
    2   653   1907.469       3.80787       5.228
    2   654   1915.121       3.81569       8.155
    2   655   1894.770       3.82475       4.429
    2   656   1868.290       3.82558       3.447
    2   657   1887.282       3.81248       4.517
    2   658   1918.127       3.81966       5.428
    2   659   1933.446       3.80984       4.324
    2   660   1926.383       3.81279       4.807
    2   661   1923.152       3.80331       4.732
    2   662   1856.423       3.82569       3.801
    2   663   1873.450       3.81167       4.105
    2   664   1910.600       3.81186       5.942
    2   665   1870.309       3.81323       4.477
    2   666   1905.858       3.81285       6.929
    2   667   1908.300       3.81902       3.793
    2   668   1898.313       3.82088       4.866
    2   669   1909.542       3.82280       3.415
    2   670   1918.726       3.82055       4.502
    2   671   1921.529       3.81982       4.141
    2   672   1892.329       3.82247       4.043
    2   673   1905.205       3.80916       4.176
    2   674   1889.564       3.82473       4.391
    2   675   1881.492       3.81760       4.739
    2   676   1945.627       3.80875       3.182
    2   677   1920.576       3.81019       4.334
    2   678   1907.947       3.82057       3.966
    2   679   1940.825       3.81306       3.842
    2   680   1906.443       3.83212       3.078
    2   681   1890.590       3.81284       7.279
    2   682   1879.037       3.82465       3.726
    2   683   1899.423       3.80994       5.824
    2   684   1927.669       3.81585       4.897
    2   685   1924.171       3.80629       5.308
    2   686   1912.003       3.82450       3.673
    2   687   1908.322       3.81250       3.975
    2   688   1899.441       3.81535       4.282
    2   689   1904.240       3.81164       4.236
    2   690   1921.895       3.80646       4.893
    2   691   1857.137       3.81673       4.409
    2   692   1899.681       3.81417       4.722
    2   693   1897.185       3.81196       5.932
    2   694   1923.379       3.82329       4.476
    2   695   1897.642       3.80562       6.354
    2   696   1906.101       3.82154       5.528
    2   697   1898.767       3.81215       4.653
    2   698   1905.476       3.83344       5.322
    2   699   1915.066       3.82174       7.612
    2   700   1901.934       3.83583       4.902
    2   701   1866.824       3.82223       3.834
    2   702   1892.346       3.81898       5.021
    2   703   1894.698       3.80823       4.800
    2   704   1909.880       3.82375       5.736
    2   705   1925.644       3.80401       6.018
    2   706   1910.241       3.81910       6.087
    2   707   1879.122       3.81679       4.989
    2   708   1892.754       3.81063       6.133
    2   709   1912.017       3.80066       7.017
    2   710   1935.079       3.81092       6.774
    2   711   1916.787       3.80776       3.859
    2   712   1904.766       3.80026       6.818
    2   713   1896.336       3.81090       4.516
    2   714   1908.666       3.81214       6.266
    2   715   1866.094       3.81270       5.989
    2   716   1908.011       3.81936       5.353
    2   717   1860.093       3.82247       5.385
    2   718   1886.641       3.82038       5.601
    2   719   1890.618       3.82066       5.714
    2   720   1905.778       3.81606       4.055
    2   721   1941.572       3.80674       4.398
    2   722   1954.470       3.81689       6.212
    2   723   1883.561       3.82239       5.300
    2   724   1901.345       3.81969       5.945
    2   725   1918.626       3.81358       4.736
    2   726   1885.301       3.82046       4.921
    2   727   1910.731       3.80936       5.326
    2   728   1884.585       3.82550       5.101
    2   729   1851.665       3.82148       5.296
    2   730   1935.079       3.81633       5.442
    2   731   1917.173       3.82597       3.046
    2   732   1915.088       3.82324       4.603
    2   733   1906.691       3.81478       6.106
    2   734   1884.535       3.82596       5.432
    2   735   1914.579       3.81495       4.161
    2   736   1942.690       3.81881       3.524
    2   737   1917.460       3.81649       3.276
    2   738   1900.981       3.81833       4.777
    2   739   1911.920       3.81114       5.736
    2   740   1899.228       3.81580       5.814
    2   741   1917.637       3.82336       3.326
    2   742   1934.509       3.81995       4.605
    2   743   1854.003       3.82867       6.402
    2   744   1911.265       3.82916       3.901
    2   745   1912.425       3.81177       6.623
    2   746   1870.624       3.81875       5.184
    2   747   1899.354       3.81479       4.857
    2   748   1909.193       3.81226       5.357
    2   749   1945.241       3.80778       3.480
    2   750   1911.570       3.80749       5.065
    2   751   1890.337       3.80663       6.016
    2   752   1903.563       3.81484       5.148
    2   753   1895.874       3.82212       5.524
    2   754   1955.139       3.82218       4.315
    2   755   1919.163       3.80199       4.355
    2   756   1889.624       3.82073       4.683
    2   757   1886.010       3.81785       3.903
    2   758   1929.053       3.82394       4.157
    2   759   1884.798       3.82649       3.956
    2   760   1914.006       3.82397       3.740
    2   761   1898.168       3.81731       4.082
    2   762   1883.103       3.81975       5.392
    2   763   1906.061       3.80925       5.241
    2   764   1873.497       3.82107       5.324
    2   765   1910.702       3.80973       5.020
    2   766   1895.295       3.82582       5.659
    2   767   1883.721       3.82230       6.694
    2   768   1917.390       3.82814       4.662
    2   769   1911.039       3.82572       6.044
    2   770   1864.647       3.84259       3.480
    2   771   1881.768       3.81754       4.317
    2   772   1943.788       3.80828       4.061
    2   773   1901.166       3.81717       3.172
    2   774   1893.941       3.82652       5.790
    2   775   1923.906       3.81160       4.713
    2   776   1907.485       3.82050       4.373
    2   777   1901.310       3.80870       5.755
    2   778   1907.477       3.81956       6.481
    2   779   1902.691       3.81132       4.592
    2   780   1904.451       3.81692       5.879
    2   781   1909.534       3.81083       5.516
    2   782   1877.188       3.80940       5.312
    2   783   1926.690       3.80099       3.996
    2   784   1897.729       3.81607       5.849
    2   785   1915.534       3.81062       6.427
    2   786   1908.529       3.82203       4.315
    2   787   1917.256       3.82035       6.214
    2   788   1884.507       3.82079       6.268
    2   789   1867.516       3.81929       5.377
    2   790   1874.295       3.82993       4.605
    2   791   1893.148       3.82677       4.139
    2   792   1934.300       3.81440       5.080
    2   793   1884.008       3.82205       5.613
    2   794   1938.485       3.81173       4.246
    2   795   1919.807       3.81994       4.719
    2   796   1897.606       3.81842       5.429
    2   797   1881.078       3.82598       3.589
    2   798   1903.424       3.82591       6.157
    2   799   1925.770       3.82111       4.822
    2   800   1901.342       3.82984       3.958
    2   801   1903.432       3.82543       4.919
    2   802   1875.502       3.82547       4.335
    2   803   1920.764       3.81311       6.643
    2   804   1914.496       3.82670       4.237
    2   805   1922.671       3.81238       3.814
    2   806   1848.913       3.82805       4.291
    2   807   1926.658       3.80243       5.188
    2   808   1917.433       3.80260       6.682
    2   809   1862.537       3.80701       6.158
    2   810   1890.847       3.81861       7.208
    2   811   1928.502       3.80954       5.532
    2   812   1924.675       3.82418       4.248
    2   813   1889.366       3.81254       6.834
    2   814   1934.299       3.82642       3.675
    2   815   1936.567       3.82687       2.764
    2   816   1948.445       3.81978       4.253
    2   817   1864.329       3.82052       3.971
    2   818   1891.028       3.82326       4.525
    2   819   1878.914       3.80961       2.738
    2   820   1860.073       3.81859       5.023
    2   821   1878.654       3.81498       3.994
    2   822   1950.187       3.82236       4.339
    2   823   1895.119       3.81975       4.657
    2   824   1889.209       3.82602       3.778
    2   825   1940.795       3.80539       4.593
    2   826   1927.445       3.80717       6.466
    2   827   1915.489       3.81547       5.183
    2   828   1897.719       3.82584       4.606
    2   829   1886.970       3.82279       5.259
    2   830   1895.533       3.82778       5.288
    2   831   1905.936       3.82633       5.217
    2   832   1897.376       3.81903       4.292
    2   833   1924.868       3.80425       5.336
    2   834   1878.639       3.82478       4.721
    2   835   1890.804       3.81472       4.034
    2   836   1901.150       3.81849       5.491
    2   837   1906.921       3.82347       4.091
    2   838   1878.409       3.82165       6.233
    2   839   1901.576       3.81365       6.653
    2   840   1852.287       3.82641       5.065
    2   841   1907.690       3.81328       4.975
    2   842   1906.670       3.81880       5.652
    2   843   1951.417       3.81750       3.908
    2   844   1907.647       3.81884       4.319
    2   845   1892.851       3.82056       4.511
    2   846   1859.029       3.83364       4.856
    2   847   1939.177       3.81669       4.598
    2   848   1902.851       3.82697       5.811
    2   849   1894.888       3.81765       5.183
    2   850   1922.322       3.82225       4.140
    2   851   1880.433       3.81696       5.056
    2   852   1915.542       3.83173       3.281
    2   853   1904.512       3.81814       5.551
    2   854   1944.932       3.81770       4.152
    2   855   1908.646       3.81588       5.131
    2   856   1878.073       3.82397       3.378
    2   857   1933.505       3.80853       3.447
    2   858   1946.647       3.80661       3.819
    2   859   1884.421       3.80412       4.763
    2   860   1925.951       3.81738       4.726
    2   861   1932.773       3.79759       7.149
    2   862   1892.890       3.82753       5.735
    2   863   1916.826       3.81227       4.888
    2   864   1870.393       3.82411       5.191
    2   865   1915.546       3.82238       6.053
    2   866   1895.930       3.82963       5.943
    2   867   1887.028       3.82354       4.474
    2   868   1888.902       3.82212       4.967
    2   869   1915.036       3.80894       5.081
    2   870   1891.441       3.81736       4.172
    2   871   1921.230       3.81227       5.263
    2   872   1926.820       3.83114       5.758
    2   873   1918.558       3.81954       5.718
    2   874   1887.557       3.82307       4.609
    2   875   1904.614       3.81086       5.268
    2   876   1937.059       3.80906       3.429
    2   877   1904.218       3.81051       3.927
    2   878   1896.396       3.81649       4.296
    2   879   1884.190       3.81166       4.464
    2   880   1889.559       3.82647       5.088
    2   881   1936.399       3.80440       8.240
    2   882   1948.086       3.82270       5.933
    2   883   1874.899       3.81887       6.894
    2   884   1870.112       3.82999       4.718
    2   885   1878.355       3.82936       5.171
    2   886   1874.044       3.83213       3.259
    2   887   1917.502       3.80734       3.877
    2   888   1932.257       3.81128       4.924
    2   889   1887.687       3.80841       3.398
    2   890   1906.252       3.81671       4.370
    2   891   1898.620       3.82147       5.788
    2   892   1887.987       3.82153       4.891
    2   893   1892.056       3.82338       4.909
    2   894   1920.181       3.81808       7.199
    2   895   1871.360       3.82570       7.350
    2   896   1897.799       3.83284       4.307
    2   897   1880.689       3.82576       2.888
    2   898   1885.265       3.82777       5.087
    2   899   1902.569       3.81409       4.574
    2   900   1917.204       3.82136       3.422
    2   901   1893.808       3.81186       3.517
    2   902   1922.587       3.81913       4.788
    2   903   1870.400       3.82177       3.653
    2   904   1901.616       3.83042       3.868
    2   905   1904.589       3.81446       5.552
    2   906   1908.097       3.82994       5.880
    2   907   1906.543       3.81237       6.771
    2   908   1905.428       3.82377       5.473
    2   909   1927.444       3.82025       5.674
    2   910   1935.227       3.82260       4.554
    2   911   1909.522       3.82198       4.529
    2   912   1894.578       3.82010       4.479
    2   913   1900.290       3.81970       5.500
    2   914   1898.349       3.82269       4.761
    2   915   1898.578       3.82246       3.397
    2   916   1904.141       3.81050       4.360
    2   917   1914.326       3.81207       4.407
    2   918   1880.528       3.81596       5.824
    2   919   1934.799       3.82423       4.390
    2   920   1924.224       3.83658       6.882
    2   921   1896.221       3.81603       6.308
    2   922   1906.094       3.83682       4.908
    2   923   1930.426       3.82152       6.625
    2   924   1897.307       3.81768       4.745
    2   925   1900.243       3.81993       3.840
    2   926   1934.373       3.82115       2.976
    2   927   1860.630       3.81277       5.205
    2   928   1905.749       3.81503       5.634
    2   929   1881.491       3.81149       5.800
    2   930   1887.525       3.82426       5.824
    2   931   1891.670       3.82324       5.610
    2   932   1924.033       3.82791       4.342
    2   933   1892.433       3.82184       4.409
    2   934   1947.965       3.82231       5.212
    2   935   1899.988       3.81829       4.982
    2   936   1907.563       3.83155       4.050
    2   937   1858.164       3.82897       3.495
    2   938   1940.574       3.82422       4.346
    2   939   1905.542       3.80852       6.053
    2   940   1911.453       3.82323       3.535
    2   941   1896.049       3.81093       4.252
    2   942   1914.550       3.81104       4.142
    2   943   1890.859       3.81158       4.006
    2   944   1920.693       3.82866       3.592
    2   945   1897.684       3.81314       4.196
    2   946   1920.885       3.82516       5.045
    2   947   1876.066       3.81702       4.876
    2   948   1900.164       3.82142       5.352
    2   949   1909.701       3.82002       4.110
    2   950   1938.451       3.82298       5.128
    2   951   1887.996       3.82189       5.595
    2   952   1882.560       3.82540       3.471
    2   953   1903.862       3.81740       3.385
    2   954   1910.402       3.82089       5.137
    2   955   1922.033       3.82837       2.690
    2   956   1932.692       3.82513       5.885
    2   957   1846.194       3.81773       6.295
    2   958   1867.185       3.82646       3.321
    2   959   1921.090       3.80818       4.234
    2   960   1922.504       3.81930       4.574
    2   961   1915.870       3.81502       4.382
    2   962   1886.657       3.82326       3.662
    2   963   1909.705       3.81492       5.534
    2   964   1933.512       3.82174       6.354
    2   965   1929.508       3.81990       4.308
    2   966   1911.018       3.82230       6.095
    2   967   1882.627       3.83117       5.611
    2   968   1868.586       3.83719       4.746
    2   969   1873.813       3.82830       4.870
    2   970   1902.662       3.82429       2.603
    2   971   1900.882       3.80483       4.403
    2   972   1899.345       3.81348       4.626
    2   973   1904.647       3.81036       3.797
    2   974   1924.072       3.81599       4.142
    2   975   1881.804       3.81093       6.989
    2   976   1896.562       3.82224       5.346
    2   977   1904.649       3.81730       6.598
    2   978   1897.903       3.82693       6.480
    2   979   1877.863       3.82936       5.293
    2   980   1902.017       3.83746       4.273
    2   981   1916.449       3.82752       3.381
    2   982   1877.450       3.82246       3.829
    2   983   1900.355       3.81706       3.184
    2   984   1872.827       3.81781       4.484
    2   985   1892.342       3.81301       4.678
    2   986   1889.026       3.83145       3.720
    2   987   1908.763       3.81329       5.361
    2   988   1913.247       3.82143       3.809
    2   989   1875.872       3.81452       5.001
    2   990   1936.493       3.82222       3.905
    2   991   1927.936       3.81820       4.220
    2   992   1874.387       3.83105       6.353
    2   993   1890.402       3.82663       5.726
    2   994   1934.006       3.81785       6.041
    2   995   1888.593       3.83522       3.952
    2   996   1891.627       3.83569       5.336
    2   997   1882.456       3.83041       3.916
    2   998   1931.078       3.83231       5.403
    2   999   1926.127       3.82016       4.982
    2  1000   1904.651       3.82560       3.747
    2  1001   1900.595       3.82446       3.643
    2  1002   1901.911       3.82461       4.219
    2  1003   1892.270       3.81717       3.761
    2  1004   1917.440       3.82564       4.238
    2  1005   1929.600       3.82719       2.966
    2  1006   1888.640       3.83881       4.418
    2  1007   1877.451       3.82927       3.770
    2  1008   1921.768       3.82529       5.108
    2  1009   1918.202       3.82826       4.279
    2  1010   1911.138       3.82147       3.412
    2  1011   1898.266       3.81425       2.972
    2  1012   1882.644       3.81347       6.911
    2  1013   1934.837       3.81235       3.529
    2  1014   1887.923       3.81742       5.849
    2  1015   1888.652       3.81922       4.663
    2  1016   1942.077       3.83070       3.653
    2  1017   1898.284       3.80761       4.095
    2  1018   1896.094       3.81251       4.465
    2  1019   1878.055       3.81850       5.058
    2  1020   1869.190       3.83275       5.819
    2  1021   1904.874       3.82143       7.697
    2  1022   1861.013       3.84413       4.576
    2  1023   1871.073       3.84335       4.327
