   28     0   1898.106       3.83249       2.388
   28     1   1846.780       3.82359       2.142
   28     2   1905.584       3.81766       1.960
   28     3   1788.657       3.82837       2.428
   28     4   1859.419       3.83196       3.422
   28     5   1814.281       3.80680       4.261
   28     6   1873.028       3.83188       3.669
   28     7   1827.186       3.81773       4.597
   28     8   1870.302       3.84120       3.733
   28     9   1815.571       3.83774       2.594
   28    10   1898.424       3.82380       3.202
   28    11   1874.564       3.82070       2.935
   28    12   1890.554       3.82431       2.917
   28    13   1890.686       3.81638       2.041
   28    14   1924.004       3.82792       2.507
   28    15   1801.673       3.82549       3.719
   28    16   1877.365       3.82943       2.723
   28    17   1827.284       3.81270       4.107
   28    18   1884.992       3.82477       3.053
   28    19   1799.422       3.82236       2.552
   28    20   1866.567       3.82178       3.269
   28    21   1823.284       3.82586       2.458
   28    22   1883.212       3.82801       2.701
   28    23   1848.639       3.81416       2.828
   28    24   1917.421       3.83544       2.444
   28    25   1816.640       3.82054       3.437
   28    26   1920.186       3.82874       2.139
   28    27   1900.412       3.81147       3.363
   28    28   1939.553       3.81604       2.535
   28    29   1858.180       3.82420       2.805
   28    30   1906.612       3.82582       3.240
   28    31   1851.943       3.81881       3.317
   28    32   1888.536       3.83954       1.769
   28    33   1818.467       3.82855       2.970
   28    34   1895.164       3.83688       1.831
   28    35   1865.528       3.82502       1.810
   28    36   1881.442       3.83579       1.676
   28    37   1861.986       3.82906       1.792
   28    38   1915.263       3.83462       3.532
   28    39   1809.303       3.82645       1.682
   28    40   1874.260       3.83586       1.944
   28    41   1865.013       3.82009       4.514
   28    42   1893.884       3.83034       1.863
   28    43   1818.073       3.81951       2.741
   28    44   1875.293       3.83408       2.637
   28    45   1829.314       3.81511       3.171
   28    46   1916.266       3.82296       2.587
   28    47   1826.387       3.82485       2.971
   28    48   1895.843       3.83072       2.299
   28    49   1830.060       3.81993       2.897
   28    50   1898.304       3.82635       2.675
   28    51   1903.866       3.80592       3.942
   28    52   1889.056       3.81990       3.365
   28    53   1846.752       3.82597       2.652
   28    54   1880.505       3.83686       3.218
   28    55   1841.934       3.81816       3.543
   28    56   1910.250       3.83951       2.857
   28    57   1845.335       3.82858       2.882
   28    58   1940.717       3.82198       2.042
   28    59   1843.247       3.81768       2.457
   28    60   1903.224       3.82398       2.211
   28    61   1844.586       3.81046       1.609
   28    62   1927.418       3.80607       1.618
   28    63   1833.067       3.80922       2.079
   28    64   1906.240       3.80943       3.714
   28    65   1829.776       3.81598       3.507
   28    66   1842.883       3.84193       4.787
   28    67   1844.438       3.81614       4.750
   28    68   1943.481       3.82983       2.939
   28    69   1855.423       3.82866       3.106
   28    70   1892.454       3.83199       3.099
   28    71   1817.412       3.83303       1.949
   28    72   1889.718       3.83072       2.573
   28    73   1845.492       3.81695       3.070
   28    74   1909.736       3.81994       2.637
   28    75   1862.863       3.80149       3.881
   28    76   1907.860       3.81889       3.373
   28    77   1821.876       3.81632       4.780
   28    78   1919.989       3.82159       3.750
   28    79   1853.740       3.79759       4.590
   28    80   1904.708       3.82731       2.466
   28    81   1827.985       3.81988       3.977
   28    82   1909.445       3.82766       3.164
   28    83   1808.285       3.81846       3.175
   28    84   1895.030       3.82670       3.444
   28    85   1876.073       3.81838       2.159
   28    86   1890.944       3.81385       3.409
   28    87   1843.503       3.82198       2.593
   28    88   1883.132       3.82880       3.678
   28    89   1856.258       3.81830       3.284
   28    90   1925.624       3.83173       2.671
   28    91   1830.121       3.82957       3.306
   28    92   1883.802       3.83338       2.412
   28    93   1850.163       3.82316       2.571
   28    94   1890.672       3.83864       1.693
   28    95   1847.912       3.82700       2.568
   28    96   1860.622       3.83227       1.943
   28    97   1865.879       3.81397       3.271
   28    98   1909.590       3.82388       2.083
   28    99   1818.725       3.80555       4.414
   28   100   1893.186       3.82276       2.272
   28   101   1837.108       3.81263       2.878
   28   102   1895.805       3.83091       2.044
   28   103   1832.102       3.80866       3.618
   28   104   1897.144       3.82813       4.285
   28   105   1864.502       3.82625       3.338
   28   106   1880.407       3.83300       2.210
   28   107   1835.818       3.82028       1.521
   28   108   1906.435       3.82528       1.610
   28   109   1867.334       3.81668       2.998
   28   110   1915.086       3.82715       2.400
   28   111   1804.268       3.82058       3.175
   28   112   1916.253       3.81766       3.866
   28   113   1812.604       3.82706       4.152
   28   114   1883.820       3.82687       4.382
   28   115   1884.500       3.82096       5.434
   28   116   1912.870       3.84147       2.328
   28   117   1812.610       3.81931       2.688
   28   118   1887.005       3.81428       3.679
   28   119   1860.304       3.82004       2.357
   28   120   1848.530       3.83388       2.367
   28   121   1836.952       3.81066       3.298
   28   122   1912.556       3.82233       3.082
   28   123   1792.216       3.82169       4.175
   28   124   1929.189       3.82293       2.548
   28   125   1834.638       3.82072       2.156
   28   126   1917.440       3.82829       2.005
   28   127   1853.048       3.81826       2.988
   28   128   1877.848       3.82754       2.511
   28   129   1845.848       3.81901       1.912
   28   130   1834.375       3.82196       2.873
   28   131   1865.503       3.80217       4.410
   28   132   1900.122       3.82682       2.355
   28   133   1794.742       3.82664       3.390
   28   134   1891.256       3.83620       3.254
   28   135   1820.727       3.83316       2.752
   28   136   1906.160       3.82977       3.157
   28   137   1835.211       3.82229       2.658
   28   138   1911.095       3.83157       1.647
   28   139   1863.704       3.81386       2.414
   28   140   1906.800       3.82648       3.217
   28   141   1850.160       3.80982       4.172
   28   142   1889.209       3.83377       2.583
   28   143   1861.025       3.81446       3.678
   28   144   1887.681       3.83215       2.838
   28   145   1824.438       3.81466       3.110
   28   146   1876.294       3.82503       2.775
   28   147   1813.012       3.82031       3.938
   28   148   1879.106       3.81999       2.118
   28   149   1883.171       3.80685       3.557
   28   150   1889.654       3.83009       1.837
   28   151   1802.900       3.82246       3.742
   28   152   1907.963       3.81898       3.091
   28   153   1839.735       3.81534       3.372
   28   154   1931.126       3.81820       3.279
   28   155   1878.958       3.81966       2.714
   28   156   1874.807       3.83886       3.239
   28   157   1824.049       3.82959       3.162
   28   158   1839.078       3.84201       1.772
   28   159   1865.987       3.81582       2.204
   28   160   1907.306       3.82661       2.047
   28   161   1843.971       3.82311       2.537
   28   162   1914.018       3.81757       1.383
   28   163   1825.456       3.82426       2.180
   28   164   1926.704       3.81501       1.846
   28   165   1833.634       3.82245       2.078
   28   166   1927.860       3.82304       1.553
   28   167   1819.934       3.80756       4.521
   28   168   1926.022       3.82270       3.228
   28   169   1851.482       3.81932       4.126
   28   170   1922.503       3.83499       2.840
   28   171   1843.434       3.82127       2.912
   28   172   1906.880       3.82867       3.316
   28   173   1837.997       3.82515       2.183
   28   174   1883.606       3.83019       2.422
   28   175   1860.317       3.80629       3.708
   28   176   1866.734       3.83586       2.470
   28   177   1841.625       3.81335       4.002
   28   178   1894.430       3.83743       2.494
   28   179   1831.323       3.81699       3.537
   28   180   1926.624       3.83437       1.287
   28   181   1861.958       3.82823       1.917
   28   182   1890.190       3.83509       2.308
   28   183   1908.606       3.81358       2.484
   28   184   1942.991       3.81643       3.281
   28   185   1826.373       3.81400       2.909
   28   186   1897.968       3.82860       2.339
   28   187   1810.992       3.81606       3.678
   28   188   1860.681       3.83291       2.392
   28   189   1853.871       3.82098       4.881
   28   190   1913.927       3.82556       2.859
   28   191   1841.812       3.81800       4.366
   28   192   1877.708       3.82153       2.657
   28   193   1842.433       3.82155       2.181
   28   194   1909.064       3.82793       2.658
   28   195   1798.091       3.82258       3.727
   28   196   1908.264       3.83415       3.820
   28   197   1853.039       3.82448       3.304
   28   198   1903.698       3.83026       3.226
   28   199   1863.161       3.81888       2.961
   28   200   1886.014       3.82554       3.796
   28   201   1799.131       3.81918       3.352
   28   202   1878.207       3.81973       2.586
   28   203   1832.883       3.80910       3.452
   28   204   1918.070       3.81082       2.769
   28   205   1819.246       3.81447       5.215
   28   206   1895.434       3.81140       3.713
   28   207   1845.264       3.81248       4.658
   28   208   1897.645       3.83075       2.383
   28   209   1819.132       3.82405       5.198
   28   210   1858.141       3.82773       3.551
   28   211   1812.954       3.81668       4.524
   28   212   1884.367       3.82347       1.872
   28   213   1851.674       3.82000       2.385
   28   214   1870.558       3.83531       2.824
   28   215   1808.518       3.82904       3.776
   28   216   1888.325       3.83051       3.155
   28   217   1856.060       3.81735       2.762
   28   218   1927.831       3.81796       2.301
   28   219   1836.994       3.81808       4.533
   28   220   1915.460       3.83526       2.641
   28   221   1827.611       3.81320       3.096
   28   222   1897.269       3.82480       3.576
   28   223   1870.118       3.82011       3.322
   28   224   1878.082       3.83082       3.568
   28   225   1886.081       3.81451       3.213
   28   226   1872.728       3.83277       3.714
   28   227   1842.374       3.81421       2.920
   28   228   1948.243       3.81631       3.571
   28   229   1877.204       3.80922       2.786
   28   230   1865.082       3.83201       2.256
   28   231   1831.814       3.81226       3.880
   28   232   1889.338       3.82105       3.582
   28   233   1882.859       3.80463       4.162
   28   234   1856.884       3.83001       3.452
   28   235   1868.390       3.81066       3.555
   28   236   1866.717       3.82174       3.342
   28   237   1848.901       3.81505       2.214
   28   238   1897.717       3.82229       2.065
   28   239   1864.297       3.81110       3.030
   28   240   1907.871       3.82081       2.514
   28   241   1856.124       3.81732       3.926
   28   242   1931.746       3.82222       3.181
   28   243   1853.289       3.82021       3.115
   28   244   1896.313       3.82272       2.196
   28   245   1847.312       3.82824       2.503
   28   246   1897.515       3.82496       2.248
   28   247   1859.075       3.81096       2.030
   28   248   1913.967       3.81846       3.193
   28   249   1827.527       3.82268       2.688
   28   250   1917.399       3.82450       2.286
   28   251   1854.005       3.81475       3.883
   28   252   1913.545       3.82348       1.258
   28   253   1865.546       3.82024       3.678
   28   254   1867.067       3.82255       3.083
   28   255   1861.847       3.81711       3.283
   28   256   1860.578       3.83339       2.256
   28   257   1841.648       3.82246       4.384
   28   258   1917.112       3.82412       2.108
   28   259   1835.737       3.81505       3.015
   28   260   1892.276       3.83034       2.037
   28   261   1819.016       3.82101       3.285
   28   262   1904.310       3.82892       2.285
   28   263   1831.968       3.81551       3.191
   28   264   1884.024       3.82708       2.246
   28   265   1861.240       3.82155       3.464
   28   266   1915.463       3.82304       3.855
   28   267   1844.079       3.82427       2.471
   28   268   1913.583       3.82230       3.578
   28   269   1841.024       3.81446       4.698
   28   270   1894.505       3.82189       2.116
   28   271   1829.933       3.80698       3.867
   28   272   1884.290       3.81906       2.763
   28   273   1876.507       3.81445       3.022
   28   274   1858.291       3.83899       4.094
   28   275   1837.142       3.81481       4.255
   28   276   1862.322       3.83311       2.617
   28   277   1818.694       3.83412       3.721
   28   278   1899.271       3.82601       2.777
   28   279   1842.204       3.81765       3.537
   28   280   1912.234       3.82758       3.128
   28   281   1819.695       3.81793       2.229
   28   282   1889.905       3.82333       2.149
   28   283   1882.199       3.80847       2.341
   28   284   1915.980       3.81808       2.509
   28   285   1855.478       3.81215       2.966
   28   286   1899.978       3.82868       2.023
   28   287   1843.364       3.81766       3.835
   28   288   1886.411       3.83087       2.717
   28   289   1868.782       3.81041       3.431
   28   290   1879.608       3.82896       2.513
   28   291   1846.079       3.82074       2.225
   28   292   1905.890       3.82466       2.555
   28   293   1858.912       3.82069       2.662
   28   294   1852.904       3.82784       3.098
   28   295   1842.670       3.81000       4.919
   28   296   1957.651       3.81620       2.532
   28   297   1846.970       3.81690       3.945
   28   298   1888.596       3.81965       3.677
   28   299   1882.969       3.80858       3.664
   28   300   1891.697       3.82320       1.483
   28   301   1861.762       3.80593       3.289
   28   302   1874.950       3.82514       1.460
   28   303   1869.068       3.80358       2.521
   28   304   1901.213       3.81331       2.536
   28   305   1852.944       3.80375       3.122
   28   306   1880.317       3.82879       1.567
   28   307   1822.893       3.82571       2.375
   28   308   1874.846       3.82992       4.111
   28   309   1809.707       3.84078       2.377
   28   310   1876.677       3.83527       2.244
   28   311   1835.831       3.81668       2.617
   28   312   1881.300       3.82516       1.807
   28   313   1818.655       3.81619       3.628
   28   314   1918.148       3.82503       1.865
   28   315   1849.469       3.81731       3.561
   28   316   1921.993       3.82857       2.066
   28   317   1843.077       3.81408       3.140
   28   318   1896.006       3.82638       3.003
   28   319   1839.184       3.81135       2.504
   28   320   1877.142       3.82266       2.976
   28   321   1840.050       3.81331       3.275
   28   322   1894.887       3.82506       3.861
   28   323   1886.393       3.81056       3.738
   28   324   1916.978       3.82998       2.271
   28   325   1850.481       3.81221       3.522
   28   326   1865.885       3.81992       4.025
   28   327   1842.455       3.80388       2.694
   28   328   1888.659       3.82262       2.432
   28   329   1822.406       3.81653       3.550
   28   330   1905.245       3.80985       3.626
   28   331   1858.356       3.80821       3.504
   28   332   1901.874       3.82250       2.296
   28   333   1810.714       3.82965       2.155
   28   334   1874.133       3.83102       2.166
   28   335   1855.981       3.81837       2.329
   28   336   1900.374       3.82481       1.931
   28   337   1821.543       3.81234       2.799
   28   338   1920.496       3.82098       3.371
   28   339   1881.599       3.80142       2.998
   28   340   1920.408       3.82414       2.816
   28   341   1800.560       3.81788       4.907
   28   342   1911.665       3.81857       3.082
   28   343   1886.731       3.80220       4.322
   28   344   1887.896       3.82935       3.164
   28   345   1855.850       3.81651       3.581
   28   346   1901.415       3.83012       2.582
   28   347   1841.970       3.81176       4.179
   28   348   1893.664       3.82462       2.271
   28   349   1872.632       3.82594       3.297
   28   350   1882.210       3.83992       2.804
   28   351   1865.636       3.81219       2.646
   28   352   1884.820       3.82088       1.757
   28   353   1852.140       3.81797       2.078
   28   354   1884.234       3.81350       3.836
   28   355   1878.072       3.80633       2.038
   28   356   1853.073       3.81410       3.190
   28   357   1854.470       3.81240       2.263
   28   358   1878.068       3.81805       3.087
   28   359   1869.565       3.80903       3.028
   28   360   1898.420       3.82008       3.551
   28   361   1884.552       3.81208       3.295
   28   362   1896.377       3.82373       3.324
   28   363   1810.649       3.82402       3.909
   28   364   1880.052       3.82496       2.343
   28   365   1844.831       3.82190       2.030
   28   366   1884.413       3.82513       2.743
   28   367   1837.068       3.81494       4.124
   28   368   1899.803       3.83247       2.101
   28   369   1850.568       3.81279       2.783
   28   370   1869.727       3.83170       3.738
   28   371   1837.873       3.81141       3.250
   28   372   1875.238       3.82185       3.375
   28   373   1832.744       3.81834       3.834
   28   374   1879.594       3.81396       3.545
   28   375   1829.733       3.81892       1.524
   28   376   1867.386       3.82840       2.105
   28   377   1857.865       3.80733       4.328
   28   378   1878.324       3.83436       2.069
   28   379   1845.290       3.81806       3.225
   28   380   1866.447       3.83693       2.267
   28   381   1835.071       3.82832       2.792
   28   382   1851.898       3.83888       1.787
   28   383   1862.245       3.80677       2.177
   28   384   1880.105       3.82014       2.084
   28   385   1830.491       3.80431       3.165
   28   386   1926.626       3.80805       2.795
   28   387   1873.625       3.79938       2.542
   28   388   1928.307       3.81304       3.439
   28   389   1843.363       3.81656       2.911
   28   390   1889.945       3.82890       4.227
   28   391   1857.644       3.81566       3.242
   28   392   1866.042       3.82133       3.763
   28   393   1866.827       3.81146       3.008
   28   394   1907.244       3.82892       4.141
   28   395   1828.565       3.81528       4.627
   28   396   1880.020       3.82952       2.790
   28   397   1858.541       3.81609       4.703
   28   398   1882.840       3.81586       3.597
   28   399   1839.351       3.81460       2.052
   28   400   1904.167       3.81872       1.790
   28   401   1879.873       3.80821       3.485
   28   402   1887.959       3.81739       3.598
   28   403   1846.080       3.80586       4.422
   28   404   1847.009       3.82824       2.396
   28   405   1858.049       3.80805       4.310
   28   406   1922.661       3.82445       2.995
   28   407   1885.952       3.80923       3.959
   28   408   1852.449       3.82024       2.846
   28   409   1833.102       3.81675       3.553
   28   410   1918.358       3.81369       2.504
   28   411   1839.550       3.80794       3.671
   28   412   1874.029       3.80879       2.954
   28   413   1849.450       3.80839       3.235
   28   414   1893.693       3.80662       2.833
   28   415   1839.171       3.80566       2.549
   28   416   1872.724       3.81505       3.724
   28   417   1840.180       3.81830       3.456
   28   418   1888.813       3.82102       3.772
   28   419   1856.222       3.82367       2.473
   28   420   1883.118       3.84082       1.812
   28   421   1787.856       3.82134       2.909
   28   422   1895.652       3.82555       3.031
   28   423   1854.743       3.82026       2.248
   28   424   1857.483       3.83386       2.759
   28   425   1839.653       3.81447       3.498
   28   426   1904.796       3.81102       2.291
   28   427   1831.588       3.81180       2.951
   28   428   1896.610       3.81052       3.486
   28   429   1831.272       3.81051       3.815
   28   430   1915.600       3.81312       3.809
   28   431   1818.428       3.81520       3.476
   28   432   1858.106       3.82870       2.995
   28   433   1847.046       3.80683       2.449
   28   434   1890.728       3.82147       2.289
   28   435   1869.586       3.80995       2.130
   28   436   1904.622       3.82513       3.887
   28   437   1803.433       3.81321       4.250
   28   438   1898.543       3.81715       3.721
   28   439   1858.775       3.80870       3.730
   28   440   1876.845       3.82599       4.150
   28   441   1873.773       3.81441       3.628
   28   442   1906.889       3.84000       1.873
   28   443   1847.410       3.81551       2.339
   28   444   1910.418       3.81880       2.745
   28   445   1804.361       3.80821       3.685
   28   446   1898.000       3.81931       3.497
   28   447   1786.818       3.81144       3.734
   28   448   1908.597       3.81822       3.354
   28   449   1852.479       3.80990       3.790
   28   450   1921.886       3.82411       3.369
   28   451   1823.734       3.80762       4.254
   28   452   1859.795       3.83047       2.160
   28   453   1852.303       3.81177       3.454
   28   454   1901.706       3.82195       3.783
   28   455   1845.132       3.82122       3.216
   28   456   1882.264       3.82648       3.458
   28   457   1836.964       3.81411       2.614
   28   458   1898.347       3.81578       2.564
   28   459   1861.604       3.79881       2.325
   28   460   1873.473       3.81597       2.893
   28   461   1835.197       3.80092       3.636
   28   462   1888.072       3.81180       3.875
   28   463   1844.974       3.79628       3.894
   28   464   1864.932       3.82761       3.955
   28   465   1846.283       3.81226       4.405
   28   466   1899.592       3.81897       4.113
   28   467   1813.412       3.82217       3.240
   28   468   1887.903       3.82349       2.732
   28   469   1820.459       3.81029       4.490
   28   470   1882.669       3.83152       3.318
   28   471   1835.761       3.81693       2.309
   28   472   1907.391       3.82826       3.339
   28   473   1847.624       3.81298       3.342
   28   474   1870.461       3.82778       2.567
   28   475   1819.277       3.81697       2.122
   28   476   1893.337       3.82088       2.168
   28   477   1862.252       3.80568       3.282
   28   478   1895.686       3.80765       4.091
   28   479   1824.020       3.80886       3.515
   28   480   1905.508       3.81060       2.769
   28   481   1835.551       3.81561       3.310
   28   482   1851.951       3.82180       2.267
   28   483   1818.919       3.81777       3.352
   28   484   1873.041       3.82432       3.293
   28   485   1808.881       3.81743       2.261
   28   486   1898.370       3.82762       2.123
   28   487   1817.844       3.82192       3.723
   28   488   1881.592       3.82439       2.574
   28   489   1833.427       3.82229       2.971
   28   490   1895.502       3.82796       2.839
   28   491   1848.078       3.82474       2.537
   28   492   1889.982       3.82571       2.537
   28   493   1819.272       3.82651       2.684
   28   494   1914.086       3.82303       2.746
   28   495   1858.393       3.81803       1.975
   28   496   1921.354       3.82071       1.752
   28   497   1851.255       3.80837       3.077
   28   498   1807.960       3.78724       2.606
   28   499   1751.471       3.78460       3.248
   28   500   1835.153       3.80793       3.283
   28   501   1777.309       3.80895       3.922
   28   502   1813.926       3.81292       1.897
   28   503   1790.398       3.80409       5.928
   28   504   1935.025       3.84072       2.932
   28   505   1845.588       3.81864       3.033
   28   506   1873.348       3.82942       2.732
   28   507   1840.705       3.81561       3.487
   28   508   1888.647       3.82144       3.421
   28   509   1834.790       3.82686       3.868
   28   510   1877.986       3.83251       3.331
   28   511   1801.222       3.82992       2.261
   28   512   1846.425       3.82169       2.304
   28   513   1803.292       3.81735       2.908
   28   514   1797.949       3.81888       2.408
   28   515   1797.386       3.81595       2.638
   28   516   1820.670       3.81323       2.493
   28   517   1794.772       3.81274       2.623
   28   518   1806.507       3.80976       4.526
   28   519   1853.576       3.79850       4.378
   28   520   1820.154       3.81453       3.893
   28   521   1841.738       3.80567       2.786
   28   522   1838.996       3.81147       2.684
   28   523   1803.563       3.81099       2.775
   28   524   1809.681       3.81131       3.557
   28   525   1822.069       3.80557       2.922
   28   526   1830.203       3.82289       2.184
   28   527   1831.469       3.81773       2.916
   28   528   1870.376       3.81786       3.320
   28   529   1843.551       3.81046       2.497
   28   530   1886.620       3.81637       2.907
   28   531   1821.929       3.79985       3.482
   28   532   1840.377       3.81894       2.707
   28   533   1804.856       3.80491       1.456
   28   534   1824.749       3.82115       2.284
   28   535   1848.952       3.81345       3.154
   28   536   1786.610       3.82869       2.301
   28   537   1876.336       3.80469       2.563
   28   538   1873.429       3.81594       3.150
   28   539   1847.600       3.80101       2.785
   28   540   1844.711       3.81129       2.462
   28   541   1870.749       3.79795       2.584
   28   542   1829.737       3.80492       3.484
   28   543   1839.850       3.79353       2.726
   28   544   1830.509       3.81308       3.253
   28   545   1842.509       3.80300       2.922
   28   546   1849.169       3.82119       0.952
   28   547   1811.579       3.79861       1.954
   28   548   1843.116       3.80812       2.355
   28   549   1822.586       3.80818       1.715
   28   550   1824.068       3.81776       2.350
   28   551   1821.558       3.81037       3.023
   28   552   1817.401       3.81783       3.909
   28   553   1820.332       3.81570       3.463
   28   554   1811.245       3.81647       1.785
   28   555   1851.358       3.80868       1.855
   28   556   1813.542       3.81853       2.120
   28   557   1839.593       3.81140       3.913
   28   558   1803.967       3.82510       2.723
   28   559   1876.722       3.80715       3.899
   28   560   1836.710       3.81499       2.577
   28   561   1801.024       3.82149       1.718
   28   562   1817.146       3.80895       1.901
   28   563   1823.060       3.80390       2.880
   28   564   1831.346       3.81603       1.206
   28   565   1854.815       3.80829       1.991
   28   566   1844.303       3.82108       2.803
   28   567   1857.192       3.81261       2.832
   28   568   1847.687       3.80633       3.250
   28   569   1828.219       3.80160       2.700
   28   570   1816.796       3.81247       1.761
   28   571   1858.031       3.79396       2.837
   28   572   1833.341       3.81190       2.724
   28   573   1799.362       3.81029       2.321
   28   574   1838.542       3.80018       2.822
   28   575   1783.502       3.80674       3.058
   28   576   1840.525       3.80500       4.080
   28   577   1842.329       3.79815       3.943
   28   578   1835.286       3.82188       2.114
   28   579   1813.654       3.80609       3.233
   28   580   1882.055       3.80662       4.399
   28   581   1815.916       3.80587       3.123
   28   582   1828.513       3.81111       3.743
   28   583   1804.830       3.80467       3.211
   28   584   1843.347       3.81394       3.027
   28   585   1854.103       3.79912       2.747
   28   586   1861.863       3.81696       3.985
   28   587   1829.921       3.81823       4.435
   28   588   1846.766       3.81574       2.478
   28   589   1820.651       3.82594       1.304
   28   590   1825.860       3.81379       2.121
   28   591   1820.007       3.80390       2.923
   28   592   1845.357       3.79862       2.477
   28   593   1824.092       3.79653       2.012
   28   594   1836.674       3.80890       2.190
   28   595   1833.903       3.80361       2.838
   28   596   1831.850       3.80573       2.885
   28   597   1819.886       3.81315       3.092
   28   598   1846.637       3.81906       2.097
   28   599   1808.117       3.80968       1.570
   28   600   1794.732       3.82190       3.299
   28   601   1847.157       3.80500       2.296
   28   602   1814.496       3.81935       2.924
   28   603   1829.214       3.80712       2.655
   28   604   1842.009       3.81666       3.074
   28   605   1814.090       3.81953       2.027
   28   606   1834.838       3.81452       1.512
   28   607   1825.910       3.81008       2.444
   28   608   1822.769       3.80783       3.018
   28   609   1825.713       3.80242       3.983
   28   610   1866.512       3.81349       2.601
   28   611   1832.167       3.80187       3.243
   28   612   1843.452       3.80176       4.159
   28   613   1830.228       3.80847       2.834
   28   614   1820.936       3.81875       2.378
   28   615   1845.393       3.79557       4.046
   28   616   1843.911       3.81692       3.081
   28   617   1816.233       3.81637       3.158
   28   618   1823.955       3.81516       3.941
   28   619   1857.764       3.80677       2.864
   28   620   1795.343       3.81437       2.851
   28   621   1859.969       3.80036       1.854
   28   622   1808.925       3.80993       2.561
   28   623   1831.095       3.80993       3.697
   28   624   1838.703       3.82212       2.330
   28   625   1811.162       3.80363       2.778
   28   626   1823.345       3.82169       3.609
   28   627   1838.097       3.80815       3.066
   28   628   1872.609       3.82352       2.933
   28   629   1860.140       3.80773       3.681
   28   630   1809.255       3.82087       3.249
   28   631   1827.634       3.81656       2.406
   28   632   1872.551       3.79995       3.268
   28   633   1856.700       3.79890       3.410
   28   634   1825.001       3.81008       2.704
   28   635   1842.334       3.79431       3.198
   28   636   1824.402       3.80451       3.205
   28   637   1847.289       3.80282       2.544
   28   638   1810.674       3.81555       4.515
   28   639   1835.640       3.81374       3.701
   28   640   1853.429       3.81194       3.111
   28   641   1779.625       3.81404       3.261
   28   642   1826.971       3.82343       1.857
   28   643   1806.029       3.81091       2.467
   28   644   1861.600       3.81225       1.861
   28   645   1833.645       3.80471       2.801
   28   646   1844.376       3.81485       1.892
   28   647   1846.194       3.80666       2.954
   28   648   1824.750       3.81463       2.303
   28   649   1816.881       3.81365       2.484
   28   650   1833.786       3.81711       3.663
   28   651   1837.253       3.81259       4.605
   28   652   1853.160       3.82089       3.297
   28   653   1851.873       3.81573       2.202
   28   654   1808.914       3.82349       2.844
   28   655   1829.318       3.80472       3.823
   28   656   1813.629       3.81811       3.285
   28   657   1805.481       3.80008       2.245
   28   658   1816.668       3.80833       2.493
   28   659   1832.931       3.80214       2.229
   28   660   1816.439       3.80789       3.550
   28   661   1830.809       3.80384       3.574
   28   662   1865.866       3.80669       4.014
   28   663   1817.334       3.80921       3.226
   28   664   1867.368       3.81420       2.947
   28   665   1869.610       3.80547       4.462
   28   666   1807.756       3.82307       3.133
   28   667   1832.387       3.80542       4.116
   28   668   1849.189       3.80971       2.326
   28   669   1848.977       3.80583       2.657
   28   670   1851.444       3.81517       2.481
   28   671   1838.830       3.80640       1.718
   28   672   1829.245       3.81231       2.682
   28   673   1824.094       3.80511       2.003
   28   674   1815.772       3.80919       2.335
   28   675   1828.257       3.80149       2.795
   28   676   1820.784       3.81157       2.485
   28   677   1849.833       3.80769       3.191
   28   678   1813.317       3.82592       2.382
   28   679   1838.399       3.81199       2.564
   28   680   1826.218       3.82425       2.424
   28   681   1843.543       3.80751       2.850
   28   682   1843.927       3.81451       2.692
   28   683   1810.562       3.81773       2.647
   28   684   1846.746       3.82715       1.973
   28   685   1845.624       3.81240       2.266
   28   686   1841.963       3.81515       1.537
   28   687   1850.853       3.80685       2.639
   28   688   1809.196       3.82249       2.815
   28   689   1824.805       3.81379       2.168
   28   690   1804.748       3.82306       3.854
   28   691   1813.709       3.81642       3.673
   28   692   1842.694       3.81690       2.534
   28   693   1838.889       3.81431       2.541
   28   694   1826.862       3.82067       2.917
   28   695   1856.441       3.81518       1.920
   28   696   1849.243       3.80464       2.450
   28   697   1823.740       3.80057       3.401
   28   698   1834.800       3.81732       2.731
   28   699   1826.743       3.81132       2.347
   28   700   1840.705       3.81649       2.484
   28   701   1803.900       3.80506       1.860
   28   702   1853.810       3.81310       3.636
   28   703   1810.712       3.81590       3.174
   28   704   1801.280       3.82534       3.657
   28   705   1860.016       3.81252       3.653
   28   706   1869.702       3.81979       2.435
   28   707   1823.014       3.81090       2.358
   28   708   1818.175       3.81817       2.626
   28   709   1845.401       3.80348       2.119
   28   710   1819.229       3.80835       1.197
   28   711   1866.535       3.79163       4.611
   28   712   1858.230       3.80782       2.205
   28   713   1857.962       3.80192       4.117
   28   714   1791.361       3.81173       3.377
   28   715   1855.799       3.80748       2.996
   28   716   1799.811       3.81621       3.709
   28   717   1819.928       3.81693       3.242
   28   718   1810.245       3.82554       3.463
   28   719   1828.376       3.81535       2.482
   28   720   1847.684       3.81453       2.771
   28   721   1847.215       3.80117       1.386
   28   722   1858.800       3.81220       2.034
   28   723   1815.852       3.81136       2.723
   28   724   1858.843       3.80774       4.181
   28   725   1836.184       3.80169       3.135
   28   726   1832.396       3.81618       3.706
   28   727   1866.139       3.80757       4.240
   28   728   1805.647       3.82396       2.898
   28   729   1819.381       3.82047       1.552
   28   730   1866.354       3.81646       1.964
   28   731   1839.016       3.81305       2.919
   28   732   1839.297       3.82308       2.304
   28   733   1855.675       3.81516       2.477
   28   734   1835.554       3.82312       2.098
   28   735   1872.965       3.81476       1.537
   28   736   1815.979       3.81007       2.407
   28   737   1848.415       3.80084       3.008
   28   738   1827.174       3.81897       3.107
   28   739   1825.192       3.81656       2.615
   28   740   1812.083       3.81433       3.682
   28   741   1829.346       3.80840       2.849
   28   742   1823.628       3.82167       1.600
   28   743   1860.209       3.80601       3.148
   28   744   1827.835       3.81772       2.916
   28   745   1840.695       3.80163       4.254
   28   746   1832.917       3.82979       2.297
   28   747   1837.420       3.81405       2.585
   28   748   1829.230       3.81398       1.582
   28   749   1857.230       3.81016       1.349
   28   750   1811.112       3.80506       3.377
   28   751   1798.939       3.81085       3.553
   28   752   1846.772       3.80481       2.978
   28   753   1845.743       3.80552       3.032
   28   754   1850.273       3.82202       3.957
   28   755   1847.169       3.81709       3.135
   28   756   1823.238       3.82313       3.313
   28   757   1816.155       3.81625       2.120
   28   758   1819.409       3.82061       2.271
   28   759   1846.748       3.80409       2.060
   28   760   1852.702       3.80842       2.059
   28   761   1812.256       3.80736       2.730
   28   762   1790.599       3.82307       2.366
   28   763   1844.512       3.80588       4.437
   28   764   1829.556       3.81617       2.632
   28   765   1861.465       3.80268       3.424
   28   766   1811.831       3.81103       2.795
   28   767   1860.921       3.79522       2.945
   28   768   1858.204       3.81725       3.168
   28   769   1825.950       3.81266       2.362
   28   770   1879.836       3.81966       2.980
   28   771   1834.386       3.80569       0.517
   28   772   1835.972       3.81641       3.572
   28   773   1845.291       3.80754       3.692
   28   774   1818.223       3.81962       3.285
   28   775   1844.930       3.81728       2.400
   28   776   1840.708       3.81216       2.382
   28   777   1791.982       3.80900       3.382
   28   778   1821.611       3.80690       4.177
   28   779   1830.402       3.80963       2.902
   28   780   1875.720       3.81033       4.435
   28   781   1834.814       3.80730       2.678
   28   782   1842.209       3.81159       3.874
   28   783   1826.257       3.82027       2.612
   28   784   1845.598       3.80835       2.319
   28   785   1844.719       3.81176       3.012
   28   786   1846.329       3.81670       2.362
   28   787   1818.496       3.82751       2.743
   28   788   1866.774       3.81504       2.353
   28   789   1848.767       3.81590       3.924
   28   790   1846.335       3.82077       3.703
   28   791   1843.041       3.80746       2.321
   28   792   1843.913       3.81093       1.570
   28   793   1851.918       3.80759       2.254
   28   794   1815.260       3.81976       2.455
   28   795   1821.888       3.80552       3.464
   28   796   1838.005       3.81912       2.433
   28   797   1828.509       3.80561       3.248
   28   798   1821.017       3.82542       2.510
   28   799   1841.810       3.80091       4.380
   28   800   1831.545       3.82173       3.128
   28   801   1824.058       3.81470       2.507
   28   802   1833.803       3.81483       2.777
   28   803   1843.945       3.81199       2.311
   28   804   1798.828       3.82206       1.312
   28   805   1799.461       3.80966       2.792
   28   806   1824.846       3.82266       2.224
   28   807   1837.113       3.80380       2.605
   28   808   1816.201       3.80866       2.983
   28   809   1854.494       3.80128       5.233
   28   810   1843.686       3.81038       3.654
   28   811   1819.185       3.80671       3.379
   28   812   1853.095       3.81482       2.877
   28   813   1823.462       3.80949       2.684
   28   814   1819.710       3.81637       3.612
   28   815   1839.458       3.82277       2.281
   28   816   1820.961       3.82662       2.444
   28   817   1838.580       3.81510       1.179
   28   818   1811.869       3.80420       2.812
   28   819   1811.642       3.81674       2.036
   28   820   1821.443       3.82012       2.343
   28   821   1816.287       3.80441       2.246
   28   822   1827.994       3.82361       2.313
   28   823   1849.006       3.80113       2.912
   28   824   1864.011       3.81229       3.008
   28   825   1861.274       3.80018       3.490
   28   826   1827.018       3.82768       1.002
   28   827   1811.465       3.81299       2.467
   28   828   1829.177       3.80906       3.238
   28   829   1792.571       3.80806       2.574
   28   830   1870.475       3.81632       3.540
   28   831   1874.574       3.80395       3.891
   28   832   1831.919       3.82113       2.435
   28   833   1817.768       3.81491       1.912
   28   834   1826.549       3.82168       2.465
   28   835   1827.648       3.81032       3.663
   28   836   1857.104       3.82671       3.030
   28   837   1780.593       3.82121       1.854
   28   838   1864.611       3.81151       3.158
   28   839   1853.850       3.81226       3.269
   28   840   1855.677       3.81671       3.412
   28   841   1830.760       3.80762       3.360
   28   842   1829.679       3.82031       2.131
   28   843   1827.665       3.81038       3.230
   28   844   1811.493       3.81551       1.929
   28   845   1831.960       3.80156       4.342
   28   846   1797.388       3.80816       2.220
   28   847   1818.529       3.80835       2.158
   28   848   1833.244       3.81311       1.795
   28   849   1840.735       3.80048       1.936
   28   850   1816.507       3.81780       3.248
   28   851   1844.130       3.82248       2.176
   28   852   1855.117       3.81560       5.065
   28   853   1853.577       3.81592       2.444
   28   854   1795.995       3.82860       1.498
   28   855   1840.736       3.81768       3.025
   28   856   1818.354       3.82156       2.663
   28   857   1829.189       3.81204       1.591
   28   858   1849.369       3.81291       2.567
   28   859   1824.825       3.80571       2.704
   28   860   1818.185       3.81108       2.953
   28   861   1792.118       3.81432       2.800
   28   862   1854.201       3.81606       2.859
   28   863   1817.864       3.81691       3.526
   28   864   1845.987       3.81415       3.813
   28   865   1823.518       3.81184       3.056
   28   866   1829.995       3.81678       3.329
   28   867   1855.503       3.80981       2.511
   28   868   1848.919       3.81276       2.164
   28   869   1832.414       3.81304       2.168
   28   870   1804.508       3.82678       3.620
   28   871   1835.363       3.81497       3.210
   28   872   1834.672       3.82225       2.544
   28   873   1858.136       3.80639       3.923
   28   874   1832.739       3.82597       1.693
   28   875   1783.509       3.81560       2.375
   28   876   1823.953       3.82142       2.620
   28   877   1844.574       3.80636       3.059
   28   878   1818.182       3.81983       2.344
   28   879   1836.021       3.80406       2.621
   28   880   1816.171       3.81070       1.564
   28   881   1825.885       3.81165       2.809
   28   882   1826.043       3.82132       3.013
   28   883   1838.314       3.81075       2.777
   28   884   1802.650       3.82152       2.432
   28   885   1816.123       3.80328       2.058
   28   886   1818.277       3.81490       2.687
   28   887   1826.888       3.80568       3.015
   28   888   1884.584       3.81061       2.840
   28   889   1831.457       3.80999       3.050
   28   890   1852.937       3.81653       3.682
   28   891   1808.762       3.82107       4.272
   28   892   1812.748       3.82504       3.574
   28   893   1819.145       3.80985       3.117
   28   894   1831.637       3.81601       2.768
   28   895   1806.017       3.82382       1.767
   28   896   1853.000       3.82008       2.685
   28   897   1804.071       3.81709       3.012
   28   898   1813.184       3.81698       3.375
   28   899   1786.181       3.82857       1.879
   28   900   1782.280       3.82675       3.071
   28   901   1845.520       3.80390       2.790
   28   902   1833.767       3.81878       2.600
   28   903   1819.502       3.81441       3.614
   28   904   1853.504       3.81734       2.818
   28   905   1834.444       3.81670       1.624
   28   906   1845.711       3.81649       1.674
   28   907   1813.412       3.81371       2.288
   28   908   1858.563       3.81826       2.049
   28   909   1866.187       3.81091       1.438
   28   910   1839.620       3.81958       1.719
   28   911   1873.419       3.80550       2.933
   28   912   1851.886       3.81080       4.009
   28   913   1826.084       3.80112       3.607
   28   914   1815.887       3.81433       2.919
   28   915   1818.774       3.80880       1.942
   28   916   1819.127       3.80965       2.517
   28   917   1821.338       3.81057       3.493
   28   918   1843.425       3.82007       2.839
   28   919   1840.408       3.80821       3.660
   28   920   1820.024       3.82312       3.356
   28   921   1821.208       3.81648       3.266
   28   922   1816.726       3.81663       1.604
   28   923   1860.615       3.82196       2.480
   28   924   1833.141       3.81467       2.746
   28   925   1852.705       3.80798       2.916
   28   926   1843.010       3.81021       2.251
   28   927   1834.584       3.80491       2.728
   28   928   1818.900       3.81705       4.245
   28   929   1828.913       3.81725       3.082
   28   930   1855.102       3.82575       2.568
   28   931   1835.659       3.81692       2.781
   28   932   1851.789       3.81632       2.951
   28   933   1833.274       3.80433       3.418
   28   934   1817.608       3.82075       1.490
   28   935   1823.589       3.80986       3.473
   28   936   1811.637       3.81799       3.829
   28   937   1839.687       3.80773       4.022
   28   938   1830.968       3.81274       3.622
   28   939   1837.920       3.81579       3.200
   28   940   1837.568       3.82173       2.602
   28   941   1820.437       3.81206       3.662
   28   942   1835.553       3.82194       2.565
   28   943   1815.936       3.82273       2.861
   28   944   1810.381       3.82696       2.251
   28   945   1855.354       3.80204       4.287
   28   946   1812.892       3.81998       2.624
   28   947   1840.996       3.80966       3.073
   28   948   1827.776       3.82000       2.804
   28   949   1820.964       3.80819       3.927
   28   950   1832.464       3.82502       2.574
   28   951   1784.926       3.81368       3.187
   28   952   1810.118       3.81400       2.145
   28   953   1804.253       3.80790       4.694
   28   954   1819.497       3.82735       2.534
   28   955   1848.320       3.81821       2.050
   28   956   1817.173       3.83017       2.442
   28   957   1841.719       3.80603       3.316
   28   958   1854.119       3.80953       2.268
   28   959   1863.792       3.81451       2.368
   28   960   1830.694       3.81283       2.587
   28   961   1836.545       3.80573       2.605
   28   962   1847.464       3.81776       3.585
   28   963   1854.965       3.81132       3.692
   28   964   1832.034       3.81785       2.429
   28   965   1854.869       3.81687       1.876
   28   966   1831.880       3.82171       1.986
   28   967   1815.564       3.82340       3.140
   28   968   1809.671       3.82794       2.810
   28   969   1806.047       3.82257       3.314
   28   970   1845.751       3.82018       1.810
   28   971   1833.991       3.80661       3.144
   28   972   1796.536       3.80470       4.954
   28   973   1826.764       3.80586       2.694
   28   974   1836.355       3.81203       2.787
   28   975   1817.578       3.80821       2.807
   28   976   1876.461       3.80803       4.086
   28   977   1840.731       3.81176       2.937
   28   978   1809.863       3.82241       4.197
   28   979   1848.633       3.80765       3.757
   28   980   1849.492       3.82112       2.549
   28   981   1874.345       3.80213       3.403
   28   982   1822.707       3.82830       2.678
   28   983   1848.588       3.82588       2.565
   28   984   1857.862       3.82382       2.695
   28   985   1821.972       3.82209       2.912
   28   986   1818.129       3.82693       1.633
   28   987   1802.919       3.82029       2.498
   28   988   1871.627       3.81567       2.851
   28   989   1816.349       3.82426       2.443
   28   990   1868.858       3.80633       3.173
   28   991   1822.867       3.81456       2.863
   28   992   1820.231       3.81841       2.940
   28   993   1789.946       3.81926       2.687
   28   994   1834.497       3.82384       1.712
   28   995   1847.867       3.81183       1.900
   28   996   1864.116       3.81025       3.633
   28   997   1837.525       3.80877       2.195
   28   998   1790.828       3.82034       3.012
   28   999   1818.694       3.81414       2.949
   28  1000   1856.401       3.81703       3.470
   28  1001   1845.665       3.81243       2.129
   28  1002   1807.534       3.82710       1.981
   28  1003   1817.462       3.82376       2.306
   28  1004   1836.794       3.81795       4.006
   28  1005   1811.318       3.82947       1.940
   28  1006   1859.315       3.83485       1.964
   28  1007   1847.863       3.81868       2.763
   28  1008   1829.934       3.82110       1.880
   28  1009   1822.461       3.81776       2.428
   28  1010   1813.503       3.80825       2.302
   28  1011   1830.818       3.80037       2.762
   28  1012   1845.652       3.82253       1.642
   28  1013   1829.056       3.82140       2.158
   28  1014   1860.701       3.81170       2.225
   28  1015   1846.156       3.80759       2.806
   28  1016   1883.552       3.81894       2.752
   28  1017   1817.463       3.79426       1.849
   28  1018   1839.501       3.80897       2.979
   28  1019   1809.448       3.81020       2.781
   28  1020   1808.901       3.83316       3.967
   28  1021   1827.914       3.81320       3.261
   28  1022   1843.678       3.82803       2.979
   28  1023   1839.884       3.82133       3.028
