   27     0   1925.041       3.82976       3.178
   27     1   1847.594       3.83140       3.347
   27     2   1944.676       3.83021       3.189
   27     3   1918.970       3.82341       2.741
   27     4   1936.562       3.82848       3.395
   27     5   1828.247       3.82982       3.614
   27     6   1903.144       3.82962       3.098
   27     7   1878.150       3.82838       3.280
   27     8   1968.940       3.83780       3.795
   27     9   1826.014       3.83942       1.802
   27    10   1899.505       3.84314       2.725
   27    11   1877.478       3.83432       4.307
   27    12   1963.324       3.82802       1.952
   27    13   1857.767       3.81443       3.509
   27    14   1910.877       3.84402       3.115
   27    15   1909.269       3.82195       3.008
   27    16   1894.185       3.83540       2.760
   27    17   1884.781       3.82279       2.752
   27    18   1935.835       3.81463       4.212
   27    19   1893.506       3.82109       3.074
   27    20   1899.064       3.82764       2.912
   27    21   1855.667       3.82118       2.876
   27    22   1925.595       3.82185       3.183
   27    23   1854.710       3.83200       3.066
   27    24   1913.530       3.84268       3.286
   27    25   1913.611       3.82264       2.905
   27    26   1964.996       3.83537       1.864
   27    27   1911.512       3.82709       2.085
   27    28   1942.169       3.83219       2.133
   27    29   1880.885       3.83362       3.508
   27    30   1924.012       3.83410       3.799
   27    31   1890.733       3.82114       2.332
   27    32   1934.388       3.84632       2.530
   27    33   1899.588       3.81955       2.116
   27    34   1925.708       3.83746       3.638
   27    35   1863.765       3.83559       2.269
   27    36   1957.268       3.82872       2.227
   27    37   1910.632       3.82457       3.518
   27    38   1935.175       3.83997       2.844
   27    39   1881.087       3.82934       3.500
   27    40   1951.075       3.83808       2.161
   27    41   1887.027       3.82846       3.101
   27    42   1956.594       3.82774       1.989
   27    43   1840.878       3.83410       2.141
   27    44   1893.168       3.83524       3.200
   27    45   1937.408       3.81669       3.662
   27    46   1919.667       3.83121       3.407
   27    47   1935.899       3.82958       2.467
   27    48   1936.673       3.82713       3.942
   27    49   1840.075       3.82789       2.730
   27    50   1967.107       3.82775       2.636
   27    51   1878.790       3.81258       3.064
   27    52   1948.904       3.82722       4.453
   27    53   1844.072       3.82232       4.745
   27    54   1916.325       3.83590       5.412
   27    55   1890.614       3.83474       2.679
   27    56   1936.317       3.84318       2.958
   27    57   1880.708       3.83062       3.328
   27    58   1943.929       3.83266       2.209
   27    59   1896.563       3.82505       1.080
   27    60   1942.383       3.82334       1.902
   27    61   1868.380       3.81156       2.099
   27    62   1950.816       3.81742       3.014
   27    63   1900.591       3.80135       3.300
   27    64   1954.386       3.83001       3.284
   27    65   1881.844       3.82698       4.205
   27    66   1909.263       3.83632       2.900
   27    67   1847.830       3.83440       3.757
   27    68   1950.969       3.84013       2.848
   27    69   1894.627       3.82971       3.363
   27    70   1951.393       3.83449       2.252
   27    71   1859.567       3.83182       3.597
   27    72   1930.636       3.83286       4.117
   27    73   1889.053       3.82923       1.855
   27    74   1925.415       3.83819       1.481
   27    75   1880.378       3.81716       2.198
   27    76   1940.679       3.83759       2.366
   27    77   1907.412       3.82714       2.560
   27    78   1915.573       3.84270       2.852
   27    79   1877.004       3.81985       3.894
   27    80   1939.551       3.82489       1.910
   27    81   1865.892       3.82006       3.450
   27    82   1926.756       3.81852       2.076
   27    83   1881.835       3.81978       2.864
   27    84   1933.277       3.83051       2.368
   27    85   1855.077       3.82693       2.037
   27    86   1861.050       3.83009       3.915
   27    87   1898.134       3.81700       3.476
   27    88   1948.998       3.82702       3.400
   27    89   1907.032       3.82597       3.684
   27    90   1947.322       3.83910       2.150
   27    91   1854.974       3.82936       3.909
   27    92   1959.093       3.83486       2.098
   27    93   1890.228       3.82465       2.193
   27    94   1936.688       3.82821       2.872
   27    95   1908.027       3.82484       2.925
   27    96   1910.803       3.84629       1.966
   27    97   1899.283       3.81650       3.132
   27    98   1923.393       3.83182       2.281
   27    99   1901.136       3.80415       3.623
   27   100   1956.321       3.81030       1.869
   27   101   1842.189       3.82068       2.220
   27   102   1921.976       3.82906       3.790
   27   103   1914.419       3.81671       2.916
   27   104   1935.849       3.83281       4.615
   27   105   1858.281       3.82786       5.512
   27   106   1931.638       3.83887       3.248
   27   107   1907.263       3.82159       2.356
   27   108   1891.396       3.83891       1.283
   27   109   1866.925       3.82799       4.009
   27   110   1946.756       3.83838       2.060
   27   111   1867.004       3.82612       4.011
   27   112   1925.374       3.83661       3.652
   27   113   1855.156       3.82823       3.427
   27   114   1954.650       3.83087       3.878
   27   115   1879.828       3.83674       1.996
   27   116   1933.290       3.82349       3.005
   27   117   1910.084       3.81615       3.668
   27   118   1930.646       3.81860       3.626
   27   119   1870.691       3.81523       4.632
   27   120   1907.967       3.83032       3.111
   27   121   1889.204       3.81166       2.747
   27   122   1945.190       3.83441       2.816
   27   123   1888.774       3.83101       3.210
   27   124   1889.990       3.83780       2.264
   27   125   1857.110       3.82010       4.627
   27   126   1921.784       3.83366       3.561
   27   127   1888.921       3.82361       1.093
   27   128   1937.929       3.82758       1.849
   27   129   1895.480       3.82349       2.477
   27   130   1927.676       3.82343       3.730
   27   131   1875.183       3.82003       3.344
   27   132   1898.461       3.82565       3.726
   27   133   1873.677       3.82858       1.913
   27   134   1912.158       3.83443       3.726
   27   135   1906.129       3.82791       4.026
   27   136   1920.651       3.84414       2.533
   27   137   1868.069       3.83198       2.032
   27   138   1944.760       3.82603       2.770
   27   139   1861.588       3.82105       2.573
   27   140   1956.088       3.81719       2.301
   27   141   1846.646       3.81851       3.428
   27   142   1909.449       3.83684       2.863
   27   143   1873.997       3.82264       3.068
   27   144   1920.939       3.83541       4.372
   27   145   1878.470       3.82693       2.709
   27   146   1962.735       3.83329       1.845
   27   147   1916.680       3.81410       1.865
   27   148   1946.158       3.82191       2.303
   27   149   1853.603       3.82680       2.608
   27   150   1954.211       3.83458       2.179
   27   151   1879.119       3.82142       2.945
   27   152   1910.167       3.83560       3.296
   27   153   1857.024       3.83179       4.737
   27   154   1953.407       3.84357       1.691
   27   155   1902.449       3.82724       3.461
   27   156   1931.388       3.84329       1.214
   27   157   1875.723       3.83404       3.213
   27   158   1931.335       3.82984       2.268
   27   159   1865.707       3.83221       2.420
   27   160   1945.051       3.84063       1.842
   27   161   1896.575       3.81456       2.670
   27   162   1931.328       3.82332       2.274
   27   163   1918.578       3.81472       2.056
   27   164   1922.426       3.82824       1.923
   27   165   1897.621       3.81454       2.290
   27   166   1943.061       3.81748       2.991
   27   167   1906.836       3.81232       4.306
   27   168   1919.542       3.83376       3.250
   27   169   1844.110       3.82540       3.998
   27   170   1942.381       3.84163       2.135
   27   171   1902.496       3.82672       3.466
   27   172   1912.887       3.84234       3.174
   27   173   1927.585       3.82449       2.822
   27   174   1948.793       3.82094       2.041
   27   175   1885.347       3.81585       1.619
   27   176   1902.472       3.83331       1.324
   27   177   1927.191       3.81451       3.108
   27   178   1940.386       3.83593       3.769
   27   179   1960.739       3.81259       4.259
   27   180   1951.614       3.81972       2.555
   27   181   1879.848       3.81441       3.267
   27   182   1965.986       3.82507       2.946
   27   183   1853.462       3.81935       3.539
   27   184   1897.870       3.82301       2.103
   27   185   1894.227       3.81942       1.928
   27   186   1901.347       3.82521       2.061
   27   187   1897.529       3.81420       3.366
   27   188   1964.739       3.83690       3.247
   27   189   1858.529       3.82746       4.170
   27   190   1910.444       3.82720       2.359
   27   191   1921.606       3.80920       3.975
   27   192   1923.498       3.82996       2.543
   27   193   1872.306       3.81529       3.126
   27   194   1908.640       3.83476       1.934
   27   195   1866.880       3.82539       4.399
   27   196   1919.075       3.83546       3.175
   27   197   1888.135       3.82174       4.435
   27   198   1948.006       3.83319       3.507
   27   199   1886.449       3.82139       3.399
   27   200   1933.604       3.83482       3.943
   27   201   1879.358       3.82941       2.204
   27   202   1940.482       3.81868       2.493
   27   203   1882.775       3.81300       2.791
   27   204   1955.768       3.80877       2.499
   27   205   1867.139       3.81081       2.717
   27   206   1943.736       3.81637       2.804
   27   207   1902.693       3.80903       4.961
   27   208   1915.830       3.82972       2.616
   27   209   1863.106       3.82316       4.573
   27   210   1905.829       3.83348       3.581
   27   211   1876.124       3.81464       3.265
   27   212   1876.603       3.83861       3.003
   27   213   1854.942       3.82821       2.676
   27   214   1914.532       3.83508       2.531
   27   215   1900.743       3.81881       2.774
   27   216   1925.715       3.84194       3.318
   27   217   1898.474       3.81832       2.715
   27   218   1939.774       3.83471       2.148
   27   219   1874.663       3.81158       3.262
   27   220   1899.380       3.82801       1.505
   27   221   1902.673       3.81268       2.171
   27   222   1918.114       3.82480       2.912
   27   223   1883.126       3.81835       3.517
   27   224   1921.137       3.82175       5.658
   27   225   1871.563       3.82169       5.253
   27   226   1943.724       3.82926       3.348
   27   227   1915.698       3.81841       2.783
   27   228   1971.407       3.82379       3.153
   27   229   1908.768       3.81146       2.836
   27   230   1943.308       3.82482       1.571
   27   231   1886.758       3.82128       2.495
   27   232   1895.049       3.83319       3.317
   27   233   1853.240       3.83356       3.390
   27   234   1900.326       3.83208       2.700
   27   235   1884.380       3.82198       3.153
   27   236   1969.016       3.82399       4.143
   27   237   1887.365       3.81757       2.053
   27   238   1935.440       3.82722       2.716
   27   239   1892.885       3.81849       2.055
   27   240   1947.914       3.80874       2.783
   27   241   1923.647       3.81110       4.994
   27   242   1943.121       3.82701       3.877
   27   243   1878.637       3.82912       3.488
   27   244   1943.323       3.83257       3.363
   27   245   1895.001       3.83578       2.140
   27   246   1951.183       3.82836       3.118
   27   247   1894.659       3.81500       2.856
   27   248   1888.656       3.82963       2.231
   27   249   1896.829       3.82247       2.863
   27   250   1935.116       3.82390       2.302
   27   251   1871.073       3.81481       4.327
   27   252   1959.419       3.82725       1.714
   27   253   1891.647       3.81747       4.341
   27   254   1925.361       3.82808       4.003
   27   255   1870.280       3.82185       3.869
   27   256   1931.188       3.82993       3.125
   27   257   1907.171       3.81405       2.200
   27   258   1931.128       3.82477       2.912
   27   259   1906.142       3.82479       3.351
   27   260   1889.810       3.82553       2.544
   27   261   1833.090       3.83668       2.979
   27   262   1923.260       3.83470       3.081
   27   263   1859.594       3.82527       3.242
   27   264   1969.959       3.83663       1.784
   27   265   1862.521       3.82795       3.255
   27   266   1959.894       3.82644       4.386
   27   267   1899.756       3.82195       2.706
   27   268   1939.985       3.82950       2.486
   27   269   1888.080       3.82281       3.176
   27   270   1905.331       3.82172       2.719
   27   271   1878.732       3.81168       2.759
   27   272   1921.815       3.83826       1.282
   27   273   1863.041       3.81865       3.619
   27   274   1945.508       3.83188       4.143
   27   275   1867.281       3.81742       4.709
   27   276   1920.636       3.84153       2.854
   27   277   1900.107       3.82917       3.342
   27   278   1913.537       3.84377       2.141
   27   279   1907.298       3.81449       2.399
   27   280   1957.020       3.82799       3.575
   27   281   1884.142       3.81421       2.792
   27   282   1918.219       3.81873       2.643
   27   283   1860.170       3.81920       2.843
   27   284   1943.176       3.82174       3.051
   27   285   1898.575       3.81360       2.912
   27   286   1930.186       3.82711       2.118
   27   287   1871.603       3.82235       3.594
   27   288   1962.114       3.82731       3.176
   27   289   1859.605       3.83108       3.391
   27   290   1913.293       3.83297       2.690
   27   291   1866.021       3.82467       2.184
   27   292   1940.476       3.82478       2.409
   27   293   1856.068       3.82247       3.479
   27   294   1914.647       3.82414       3.798
   27   295   1904.457       3.81071       3.338
   27   296   1928.148       3.83042       2.798
   27   297   1910.302       3.81678       3.415
   27   298   1918.171       3.83556       3.960
   27   299   1914.014       3.81237       3.046
   27   300   1961.680       3.83300       2.223
   27   301   1868.070       3.81583       3.252
   27   302   1955.480       3.82030       2.402
   27   303   1896.420       3.81637       2.401
   27   304   1956.729       3.83303       1.880
   27   305   1891.602       3.81386       3.403
   27   306   1934.871       3.82224       4.877
   27   307   1892.408       3.82307       2.195
   27   308   1898.180       3.82249       4.419
   27   309   1863.130       3.82724       2.575
   27   310   1923.074       3.83094       2.398
   27   311   1892.004       3.81673       4.149
   27   312   1923.637       3.83143       3.035
   27   313   1872.033       3.82306       3.292
   27   314   1931.646       3.83096       3.439
   27   315   1874.640       3.82266       3.258
   27   316   1935.863       3.83013       2.502
   27   317   1875.564       3.81596       2.890
   27   318   1949.914       3.82470       2.388
   27   319   1884.144       3.81263       2.749
   27   320   1913.465       3.82779       3.669
   27   321   1861.884       3.82342       4.042
   27   322   1921.828       3.84009       3.219
   27   323   1878.006       3.81762       3.897
   27   324   1963.855       3.82522       3.481
   27   325   1879.753       3.81797       3.783
   27   326   1966.849       3.82856       2.726
   27   327   1906.315       3.81872       2.785
   27   328   1908.065       3.82630       2.494
   27   329   1890.433       3.82071       2.453
   27   330   1928.255       3.81762       3.449
   27   331   1892.405       3.81713       2.746
   27   332   1901.340       3.83890       2.638
   27   333   1886.076       3.83148       2.495
   27   334   1947.196       3.82394       3.253
   27   335   1848.693       3.82116       2.733
   27   336   1886.462       3.82771       1.948
   27   337   1891.008       3.81791       2.292
   27   338   1925.601       3.82521       2.775
   27   339   1883.132       3.81310       2.746
   27   340   1937.333       3.83063       2.362
   27   341   1858.652       3.82626       3.089
   27   342   1919.723       3.82860       2.934
   27   343   1897.168       3.82001       2.999
   27   344   1937.674       3.84117       2.292
   27   345   1876.716       3.82544       2.591
   27   346   1943.798       3.82572       2.966
   27   347   1899.896       3.81668       2.225
   27   348   1936.842       3.82678       3.134
   27   349   1860.147       3.82427       3.444
   27   350   1941.932       3.82803       2.641
   27   351   1865.298       3.82162       3.576
   27   352   1930.917       3.82635       2.703
   27   353   1878.557       3.81842       3.847
   27   354   1950.461       3.80745       2.828
   27   355   1889.706       3.81327       2.236
   27   356   1976.568       3.81281       3.739
   27   357   1857.775       3.82014       2.925
   27   358   1902.838       3.82517       3.708
   27   359   1868.463       3.82269       3.218
   27   360   1906.728       3.83526       2.659
   27   361   1919.050       3.81424       3.613
   27   362   1936.158       3.82948       4.057
   27   363   1903.655       3.81926       3.219
   27   364   1902.359       3.83492       2.824
   27   365   1890.518       3.82414       3.317
   27   366   1954.317       3.82560       2.685
   27   367   1886.144       3.82256       4.009
   27   368   1926.689       3.83720       2.582
   27   369   1899.856       3.81886       2.158
   27   370   1929.611       3.83332       2.720
   27   371   1848.944       3.82127       3.071
   27   372   1926.604       3.82956       2.647
   27   373   1815.189       3.82423       2.301
   27   374   1958.252       3.81371       3.668
   27   375   1896.916       3.80882       3.767
   27   376   1975.550       3.81720       2.549
   27   377   1882.331       3.80850       4.643
   27   378   1908.167       3.83518       2.680
   27   379   1883.581       3.81556       2.622
   27   380   1933.897       3.84252       3.610
   27   381   1865.977       3.83640       3.692
   27   382   1896.781       3.83335       3.098
   27   383   1864.776       3.82054       2.671
   27   384   1959.690       3.81204       1.652
   27   385   1836.269       3.81464       2.504
   27   386   1920.207       3.81272       2.655
   27   387   1866.442       3.81334       3.651
   27   388   1926.365       3.82310       4.527
   27   389   1816.069       3.82836       4.897
   27   390   1955.761       3.82271       3.722
   27   391   1868.645       3.81842       3.447
   27   392   1916.352       3.83255       2.096
   27   393   1873.785       3.81737       2.792
   27   394   1971.586       3.82401       3.637
   27   395   1857.916       3.82327       3.718
   27   396   1908.978       3.83970       4.108
   27   397   1896.084       3.82172       3.014
   27   398   1948.410       3.82318       1.995
   27   399   1849.128       3.81559       3.512
   27   400   1946.343       3.81206       2.334
   27   401   1899.582       3.80925       2.929
   27   402   1934.749       3.81742       2.913
   27   403   1870.313       3.81366       4.347
   27   404   1965.198       3.82092       3.497
   27   405   1893.882       3.81474       5.893
   27   406   1949.550       3.82923       2.837
   27   407   1882.708       3.81622       3.628
   27   408   1910.024       3.83593       3.192
   27   409   1929.916       3.81523       2.897
   27   410   1897.128       3.82639       2.700
   27   411   1864.086       3.81124       2.563
   27   412   1967.309       3.82072       1.650
   27   413   1894.318       3.80826       2.710
   27   414   1959.607       3.82187       2.012
   27   415   1869.237       3.80323       4.145
   27   416   1979.754       3.82450       2.395
   27   417   1905.387       3.81538       3.689
   27   418   1931.017       3.82826       4.098
   27   419   1870.250       3.83918       3.401
   27   420   1929.829       3.83962       2.661
   27   421   1909.811       3.81347       3.290
   27   422   1933.921       3.83258       1.917
   27   423   1860.940       3.82465       3.147
   27   424   1945.770       3.82706       2.218
   27   425   1929.511       3.81840       2.344
   27   426   1928.896       3.82514       2.799
   27   427   1915.771       3.81718       2.132
   27   428   1946.851       3.82270       3.275
   27   429   1869.536       3.81841       2.741
   27   430   1963.901       3.82340       2.871
   27   431   1914.650       3.81966       3.657
   27   432   1920.367       3.82993       3.273
   27   433   1915.874       3.82007       1.525
   27   434   1944.271       3.82284       2.718
   27   435   1898.181       3.80809       1.522
   27   436   1942.455       3.83215       2.474
   27   437   1854.499       3.83042       2.843
   27   438   1949.391       3.82582       3.031
   27   439   1858.263       3.82432       3.841
   27   440   1932.089       3.82837       4.603
   27   441   1875.848       3.82170       3.587
   27   442   1990.870       3.81765       2.281
   27   443   1892.607       3.81010       2.238
   27   444   1948.112       3.81536       2.993
   27   445   1905.475       3.81391       2.126
   27   446   1931.916       3.81852       2.768
   27   447   1843.844       3.82265       3.820
   27   448   1955.979       3.82396       3.004
   27   449   1836.156       3.82620       4.020
   27   450   1919.232       3.82613       2.949
   27   451   1882.209       3.79965       4.809
   27   452   1923.561       3.82564       3.608
   27   453   1867.883       3.82271       2.703
   27   454   1921.206       3.83124       3.795
   27   455   1871.487       3.81874       3.412
   27   456   1923.377       3.84184       2.923
   27   457   1887.083       3.81780       2.679
   27   458   1921.126       3.82189       3.224
   27   459   1888.156       3.80822       2.592
   27   460   1908.686       3.82126       2.771
   27   461   1893.333       3.81044       3.770
   27   462   1961.624       3.81216       2.472
   27   463   1879.707       3.80100       3.801
   27   464   1954.316       3.82033       2.889
   27   465   1861.974       3.81379       3.652
   27   466   1921.689       3.82439       2.550
   27   467   1908.446       3.81471       1.828
   27   468   1921.076       3.82807       2.945
   27   469   1877.233       3.82219       3.040
   27   470   1916.945       3.83006       2.635
   27   471   1912.996       3.82226       2.705
   27   472   1939.427       3.82610       2.749
   27   473   1858.500       3.83527       3.858
   27   474   1941.940       3.82740       3.111
   27   475   1858.275       3.81780       3.755
   27   476   1966.950       3.81586       2.256
   27   477   1857.533       3.81607       3.581
   27   478   1940.419       3.81467       0.900
   27   479   1817.260       3.81580       3.740
   27   480   1893.302       3.83209       2.867
   27   481   1816.880       3.82725       2.673
   27   482   1915.928       3.83702       3.140
   27   483   1892.561       3.81452       3.967
   27   484   1922.014       3.82977       2.379
   27   485   1863.715       3.81251       2.955
   27   486   1925.580       3.82036       2.817
   27   487   1892.585       3.82571       1.932
   27   488   1929.462       3.82909       3.022
   27   489   1865.004       3.82682       3.280
   27   490   1907.636       3.84308       2.219
   27   491   1866.105       3.82676       3.778
   27   492   1949.298       3.83689       2.559
   27   493   1885.462       3.82438       2.814
   27   494   1944.257       3.83342       1.856
   27   495   1858.904       3.82468       2.305
   27   496   1930.716       3.82121       2.637
   27   497   1909.084       3.80912       1.833
   27   498   1826.139       3.79695       3.081
   27   499   1787.944       3.78629       2.805
   27   500   1856.033       3.81406       3.138
   27   501   1815.447       3.81153       3.811
   27   502   1861.695       3.82404       1.757
   27   503   1793.864       3.81149       4.121
   27   504   1925.962       3.85605       1.782
   27   505   1888.267       3.82028       3.232
   27   506   1961.680       3.82706       1.710
   27   507   1890.164       3.81895       3.380
   27   508   1957.924       3.82795       3.313
   27   509   1854.575       3.83150       2.173
   27   510   1948.772       3.83592       2.768
   27   511   1907.675       3.82439       2.880
   27   512   1865.922       3.82237       2.515
   27   513   1845.082       3.81943       2.052
   27   514   1859.752       3.82045       2.250
   27   515   1892.547       3.80896       3.549
   27   516   1879.526       3.82305       2.642
   27   517   1865.371       3.81079       2.458
   27   518   1819.291       3.82190       3.318
   27   519   1892.492       3.80857       2.743
   27   520   1849.362       3.82131       2.513
   27   521   1879.986       3.81644       3.796
   27   522   1903.808       3.81661       2.651
   27   523   1842.785       3.81886       3.029
   27   524   1859.390       3.81489       3.217
   27   525   1869.085       3.81210       3.423
   27   526   1851.513       3.81909       3.601
   27   527   1855.652       3.81880       2.597
   27   528   1865.266       3.81683       3.273
   27   529   1877.994       3.81124       3.493
   27   530   1868.873       3.82748       2.402
   27   531   1882.084       3.81267       2.669
   27   532   1891.097       3.81754       2.440
   27   533   1884.764       3.81719       2.172
   27   534   1862.201       3.83127       2.734
   27   535   1871.178       3.81764       4.072
   27   536   1862.116       3.82432       1.540
   27   537   1904.790       3.81233       3.088
   27   538   1895.399       3.81700       1.582
   27   539   1847.768       3.81806       2.506
   27   540   1831.468       3.82300       2.746
   27   541   1862.258       3.81107       3.094
   27   542   1870.651       3.81536       3.448
   27   543   1878.869       3.79553       3.225
   27   544   1846.091       3.81654       4.321
   27   545   1855.177       3.81828       3.110
   27   546   1866.861       3.81636       2.026
   27   547   1869.742       3.81347       2.442
   27   548   1857.767       3.81797       3.264
   27   549   1839.192       3.81657       2.290
   27   550   1829.517       3.82251       3.280
   27   551   1868.265       3.82361       3.210
   27   552   1877.650       3.82635       3.298
   27   553   1862.249       3.81540       2.532
   27   554   1874.493       3.81903       2.720
   27   555   1873.163       3.81638       2.737
   27   556   1905.428       3.81638       2.125
   27   557   1839.276       3.81709       3.373
   27   558   1844.252       3.82878       1.968
   27   559   1900.659       3.80184       3.207
   27   560   1888.445       3.82160       2.319
   27   561   1832.997       3.81534       2.499
   27   562   1823.383       3.81893       2.288
   27   563   1858.083       3.80876       4.231
   27   564   1889.780       3.81610       2.218
   27   565   1891.795       3.81210       1.954
   27   566   1884.752       3.81885       4.436
   27   567   1806.965       3.81690       3.512
   27   568   1883.740       3.80395       2.638
   27   569   1891.514       3.80935       2.962
   27   570   1838.431       3.81664       2.886
   27   571   1865.252       3.80640       3.659
   27   572   1893.722       3.81274       2.926
   27   573   1896.746       3.79877       3.677
   27   574   1893.576       3.81790       2.234
   27   575   1861.532       3.80976       2.185
   27   576   1863.565       3.81367       3.749
   27   577   1868.565       3.80511       4.692
   27   578   1855.681       3.82120       2.423
   27   579   1850.942       3.81007       3.134
   27   580   1882.382       3.81504       2.751
   27   581   1855.558       3.80890       3.257
   27   582   1883.518       3.80828       3.677
   27   583   1853.364       3.81486       2.261
   27   584   1873.185       3.81960       2.745
   27   585   1844.663       3.82468       3.176
   27   586   1907.215       3.82492       3.161
   27   587   1855.416       3.82673       3.784
   27   588   1879.531       3.83024       1.539
   27   589   1884.502       3.81767       2.281
   27   590   1897.261       3.82132       2.235
   27   591   1842.018       3.81320       1.958
   27   592   1894.127       3.81006       1.631
   27   593   1864.180       3.80161       2.532
   27   594   1852.915       3.82030       3.034
   27   595   1836.866       3.80581       3.871
   27   596   1920.082       3.81424       3.371
   27   597   1875.342       3.80983       3.159
   27   598   1863.921       3.81831       2.272
   27   599   1885.077       3.81244       3.824
   27   600   1873.515       3.82244       2.637
   27   601   1881.913       3.82176       2.093
   27   602   1871.590       3.82989       2.196
   27   603   1871.135       3.82485       1.723
   27   604   1837.291       3.82608       4.855
   27   605   1884.100       3.81571       2.763
   27   606   1848.414       3.81752       2.205
   27   607   1886.217       3.80280       2.439
   27   608   1845.366       3.81474       2.049
   27   609   1901.939       3.80039       2.537
   27   610   1886.256       3.81891       3.483
   27   611   1844.090       3.81229       2.532
   27   612   1897.771       3.80857       4.013
   27   613   1871.158       3.80185       4.273
   27   614   1851.062       3.81741       2.662
   27   615   1842.934       3.81887       2.112
   27   616   1840.652       3.81911       2.751
   27   617   1877.447       3.80409       2.708
   27   618   1884.626       3.81020       4.071
   27   619   1892.553       3.81669       3.078
   27   620   1846.341       3.82498       2.201
   27   621   1850.125       3.81407       1.656
   27   622   1859.933       3.81240       3.080
   27   623   1881.092       3.81964       2.022
   27   624   1875.718       3.82048       2.708
   27   625   1867.999       3.81045       2.370
   27   626   1913.664       3.82001       3.012
   27   627   1811.159       3.81453       3.902
   27   628   1889.138       3.82605       2.238
   27   629   1854.127       3.82843       3.345
   27   630   1853.657       3.82852       2.244
   27   631   1860.923       3.82519       2.199
   27   632   1880.090       3.81005       3.085
   27   633   1823.704       3.81639       2.529
   27   634   1890.935       3.81767       1.569
   27   635   1892.812       3.79636       3.282
   27   636   1858.197       3.81379       4.931
   27   637   1848.426       3.81402       2.608
   27   638   1889.091       3.81524       5.181
   27   639   1859.331       3.82129       3.826
   27   640   1880.408       3.82312       3.994
   27   641   1853.154       3.82451       2.215
   27   642   1872.203       3.82225       2.355
   27   643   1883.367       3.81803       2.293
   27   644   1862.202       3.81402       3.020
   27   645   1830.537       3.80721       2.765
   27   646   1901.843       3.81713       2.382
   27   647   1875.983       3.80293       3.858
   27   648   1837.097       3.81800       3.648
   27   649   1900.443       3.81404       2.367
   27   650   1884.827       3.81604       3.472
   27   651   1897.837       3.81488       4.412
   27   652   1872.271       3.81731       3.289
   27   653   1848.128       3.82605       1.536
   27   654   1882.709       3.81783       2.999
   27   655   1887.147       3.81591       2.563
   27   656   1876.520       3.81377       2.208
   27   657   1875.424       3.81016       2.355
   27   658   1891.313       3.81391       1.825
   27   659   1892.299       3.81486       2.247
   27   660   1866.682       3.81055       2.662
   27   661   1852.948       3.81628       2.667
   27   662   1858.548       3.82001       2.830
   27   663   1873.905       3.80031       1.394
   27   664   1916.523       3.81672       3.825
   27   665   1876.881       3.82226       2.501
   27   666   1866.266       3.82275       2.985
   27   667   1890.455       3.82052       2.551
   27   668   1892.853       3.82103       1.973
   27   669   1844.631       3.81737       3.396
   27   670   1846.134       3.82358       2.500
   27   671   1849.979       3.81318       2.164
   27   672   1866.240       3.82125       2.080
   27   673   1847.997       3.81484       2.081
   27   674   1870.862       3.81062       2.650
   27   675   1879.586       3.80231       2.366
   27   676   1881.134       3.80659       3.059
   27   677   1875.171       3.80867       2.544
   27   678   1894.542       3.81578       2.987
   27   679   1858.550       3.82350       4.335
   27   680   1892.350       3.82119       3.386
   27   681   1900.719       3.82514       1.874
   27   682   1875.651       3.81545       3.743
   27   683   1852.621       3.81042       3.218
   27   684   1876.268       3.82482       1.953
   27   685   1885.301       3.80892       1.987
   27   686   1886.393       3.80741       1.987
   27   687   1917.960       3.80466       2.514
   27   688   1865.846       3.81752       3.528
   27   689   1860.960       3.80956       3.575
   27   690   1862.832       3.82420       3.240
   27   691   1857.226       3.81687       3.432
   27   692   1885.779       3.81356       2.984
   27   693   1875.035       3.82025       2.836
   27   694   1895.425       3.82107       2.231
   27   695   1889.878       3.81509       3.077
   27   696   1863.492       3.81268       2.764
   27   697   1877.460       3.80387       2.894
   27   698   1879.631       3.81064       2.955
   27   699   1833.650       3.82183       3.004
   27   700   1905.356       3.80896       3.247
   27   701   1866.400       3.80597       2.911
   27   702   1875.034       3.82869       4.097
   27   703   1822.057       3.82375       2.221
   27   704   1878.382       3.84234       2.065
   27   705   1883.052       3.82686       2.541
   27   706   1902.384       3.81761       2.236
   27   707   1914.265       3.81644       2.507
   27   708   1863.411       3.81323       3.674
   27   709   1887.454       3.80463       2.058
   27   710   1861.549       3.81034       3.573
   27   711   1887.300       3.80119       2.144
   27   712   1922.343       3.80878       3.694
   27   713   1871.169       3.79873       3.996
   27   714   1861.174       3.80745       4.568
   27   715   1840.003       3.80690       3.818
   27   716   1867.160       3.82688       3.880
   27   717   1838.954       3.81274       3.304
   27   718   1865.794       3.82560       3.663
   27   719   1863.368       3.82028       3.114
   27   720   1856.307       3.82255       2.507
   27   721   1892.121       3.81395       2.468
   27   722   1906.394       3.81532       2.468
   27   723   1876.720       3.81447       3.467
   27   724   1852.180       3.83510       2.272
   27   725   1886.689       3.80829       3.070
   27   726   1870.723       3.82410       3.736
   27   727   1878.461       3.82001       2.871
   27   728   1874.508       3.82153       2.546
   27   729   1865.649       3.81200       2.057
   27   730   1889.340       3.82530       3.535
   27   731   1864.649       3.81434       3.062
   27   732   1888.668       3.82387       2.478
   27   733   1867.123       3.81191       4.056
   27   734   1871.320       3.82877       2.244
   27   735   1852.939       3.81917       3.107
   27   736   1859.919       3.82125       2.904
   27   737   1883.144       3.81122       2.178
   27   738   1890.639       3.82112       2.741
   27   739   1882.624       3.81549       2.445
   27   740   1900.790       3.80881       3.315
   27   741   1894.888       3.80616       4.698
   27   742   1857.891       3.82784       2.982
   27   743   1863.028       3.81373       5.498
   27   744   1885.611       3.82787       3.632
   27   745   1881.429       3.81276       2.648
   27   746   1862.860       3.81687       3.985
   27   747   1890.622       3.81902       2.656
   27   748   1886.148       3.81851       2.532
   27   749   1875.206       3.81928       1.820
   27   750   1896.221       3.81214       2.236
   27   751   1888.206       3.81095       3.780
   27   752   1871.182       3.81634       3.717
   27   753   1898.107       3.81607       2.195
   27   754   1835.372       3.82809       4.279
   27   755   1892.187       3.82342       4.467
   27   756   1869.071       3.83204       1.959
   27   757   1898.489       3.81461       2.645
   27   758   1895.618       3.81188       3.047
   27   759   1845.032       3.82086       2.003
   27   760   1879.683       3.81441       1.596
   27   761   1851.790       3.81084       2.299
   27   762   1840.383       3.82338       2.580
   27   763   1854.915       3.81433       2.750
   27   764   1871.460       3.81185       2.995
   27   765   1866.534       3.80406       2.756
   27   766   1878.878       3.82493       2.657
   27   767   1868.992       3.81483       2.814
   27   768   1855.787       3.81672       3.245
   27   769   1884.651       3.82251       2.352
   27   770   1853.838       3.82680       2.426
   27   771   1848.567       3.82824       3.825
   27   772   1893.366       3.81117       2.532
   27   773   1868.560       3.82525       2.904
   27   774   1888.564       3.81168       4.344
   27   775   1872.998       3.82021       2.346
   27   776   1833.164       3.82023       3.068
   27   777   1860.647       3.82506       3.717
   27   778   1868.386       3.81323       3.578
   27   779   1867.494       3.80961       3.630
   27   780   1911.677       3.81011       2.852
   27   781   1858.287       3.82168       1.831
   27   782   1883.230       3.81751       2.523
   27   783   1856.058       3.81493       3.241
   27   784   1881.019       3.82026       2.793
   27   785   1869.806       3.81757       4.746
   27   786   1838.849       3.82766       4.287
   27   787   1850.334       3.82880       2.699
   27   788   1912.626       3.81892       2.728
   27   789   1884.394       3.82377       2.613
   27   790   1906.695       3.81041       2.636
   27   791   1884.895       3.81940       2.009
   27   792   1887.823       3.80686       2.797
   27   793   1880.583       3.79767       2.150
   27   794   1859.580       3.81912       1.777
   27   795   1871.383       3.82070       3.659
   27   796   1887.901       3.82733       3.159
   27   797   1882.477       3.80718       3.336
   27   798   1877.552       3.82267       2.871
   27   799   1889.201       3.80973       3.213
   27   800   1840.723       3.82627       4.388
   27   801   1881.303       3.82046       2.179
   27   802   1894.021       3.82985       1.389
   27   803   1843.148       3.82146       2.544
   27   804   1854.669       3.82158       2.638
   27   805   1898.041       3.79884       1.828
   27   806   1873.227       3.82549       1.875
   27   807   1842.626       3.81140       3.442
   27   808   1864.806       3.82491       3.440
   27   809   1857.191       3.81404       4.223
   27   810   1879.448       3.80699       2.994
   27   811   1910.613       3.81036       2.722
   27   812   1877.734       3.81612       2.571
   27   813   1890.416       3.81322       2.136
   27   814   1923.118       3.82225       3.083
   27   815   1882.453       3.81546       3.542
   27   816   1866.778       3.83204       2.527
   27   817   1880.760       3.81797       2.127
   27   818   1890.620       3.81374       3.151
   27   819   1876.750       3.81601       2.416
   27   820   1868.498       3.81396       2.880
   27   821   1878.665       3.81327       2.414
   27   822   1879.076       3.82050       2.932
   27   823   1827.209       3.82072       3.013
   27   824   1853.995       3.82446       4.439
   27   825   1856.689       3.81258       3.036
   27   826   1855.456       3.82633       1.714
   27   827   1847.382       3.82003       1.621
   27   828   1840.909       3.82312       2.407
   27   829   1867.474       3.80657       2.239
   27   830   1838.895       3.82517       3.723
   27   831   1857.119       3.82691       4.737
   27   832   1864.020       3.81905       3.595
   27   833   1868.959       3.82387       1.658
   27   834   1837.051       3.81905       3.091
   27   835   1859.316       3.81793       3.138
   27   836   1853.672       3.83368       3.361
   27   837   1839.297       3.81468       3.273
   27   838   1863.029       3.82428       2.880
   27   839   1869.314       3.81697       3.290
   27   840   1847.150       3.83741       2.863
   27   841   1861.118       3.80793       3.328
   27   842   1913.173       3.81958       2.668
   27   843   1859.594       3.81759       2.461
   27   844   1877.814       3.81572       3.311
   27   845   1854.586       3.80848       3.527
   27   846   1891.630       3.81116       2.272
   27   847   1887.859       3.80558       2.711
   27   848   1870.053       3.82023       2.529
   27   849   1893.972       3.80434       4.613
   27   850   1868.532       3.82165       2.765
   27   851   1858.504       3.82166       2.953
   27   852   1912.330       3.83107       3.437
   27   853   1900.778       3.81945       2.665
   27   854   1876.167       3.83438       3.242
   27   855   1872.086       3.83247       2.114
   27   856   1865.992       3.82722       2.207
   27   857   1846.359       3.82572       1.580
   27   858   1906.417       3.81490       2.288
   27   859   1880.734       3.80870       2.184
   27   860   1871.776       3.81186       2.680
   27   861   1854.638       3.81210       3.600
   27   862   1901.475       3.81607       3.234
   27   863   1874.345       3.81442       2.941
   27   864   1870.332       3.82062       2.870
   27   865   1877.881       3.81575       3.491
   27   866   1869.204       3.82911       2.232
   27   867   1833.090       3.81829       2.029
   27   868   1890.525       3.82646       1.430
   27   869   1903.195       3.80289       3.270
   27   870   1903.917       3.82167       3.716
   27   871   1881.906       3.81681       3.640
   27   872   1868.835       3.83639       2.017
   27   873   1890.187       3.82536       2.122
   27   874   1893.041       3.82625       1.270
   27   875   1869.230       3.81962       3.677
   27   876   1912.298       3.81707       2.688
   27   877   1849.236       3.81395       2.558
   27   878   1865.534       3.81868       3.359
   27   879   1863.520       3.81101       2.532
   27   880   1871.734       3.82060       3.199
   27   881   1845.892       3.81194       3.110
   27   882   1880.561       3.82681       2.040
   27   883   1876.074       3.81137       2.009
   27   884   1899.613       3.82035       3.261
   27   885   1860.744       3.80607       4.041
   27   886   1888.414       3.81543       2.314
   27   887   1868.709       3.82016       2.449
   27   888   1867.307       3.82997       2.494
   27   889   1881.622       3.80946       1.807
   27   890   1858.527       3.82507       2.971
   27   891   1871.596       3.82774       3.061
   27   892   1873.522       3.83247       1.917
   27   893   1878.970       3.81503       2.046
   27   894   1870.328       3.81823       3.009
   27   895   1873.294       3.81611       2.469
   27   896   1847.833       3.82283       3.035
   27   897   1843.879       3.81866       1.391
   27   898   1857.588       3.82041       3.481
   27   899   1877.998       3.81708       2.732
   27   900   1862.271       3.81559       3.936
   27   901   1889.511       3.81231       2.713
   27   902   1856.582       3.83074       3.239
   27   903   1857.922       3.82038       3.213
   27   904   1832.061       3.83166       2.786
   27   905   1912.173       3.81087       2.499
   27   906   1888.503       3.82724       2.977
   27   907   1870.693       3.81449       2.369
   27   908   1857.264       3.81783       2.585
   27   909   1887.401       3.80525       2.355
   27   910   1896.484       3.81054       3.609
   27   911   1857.786       3.81837       2.582
   27   912   1883.407       3.81745       4.502
   27   913   1888.935       3.80705       3.013
   27   914   1912.306       3.82455       2.303
   27   915   1918.365       3.80907       2.780
   27   916   1889.345       3.82061       2.433
   27   917   1881.444       3.80658       2.570
   27   918   1869.501       3.82719       2.833
   27   919   1893.458       3.81255       2.189
   27   920   1869.913       3.82443       3.568
   27   921   1907.779       3.81737       3.210
   27   922   1891.235       3.81898       2.973
   27   923   1876.469       3.82559       1.496
   27   924   1887.656       3.81351       2.259
   27   925   1835.330       3.81561       2.484
   27   926   1879.353       3.82568       2.637
   27   927   1909.166       3.80088       2.944
   27   928   1869.412       3.82614       3.507
   27   929   1854.166       3.81920       3.227
   27   930   1885.236       3.81790       2.309
   27   931   1848.187       3.81386       2.316
   27   932   1893.070       3.81389       3.144
   27   933   1877.317       3.81219       2.992
   27   934   1877.252       3.82467       1.909
   27   935   1874.612       3.80766       3.479
   27   936   1888.615       3.81954       2.967
   27   937   1857.831       3.81482       2.682
   27   938   1828.925       3.82442       3.878
   27   939   1899.785       3.80833       2.631
   27   940   1897.138       3.82928       2.512
   27   941   1837.066       3.81433       3.914
   27   942   1887.708       3.83098       1.979
   27   943   1893.708       3.82233       2.016
   27   944   1906.842       3.81693       2.746
   27   945   1840.359       3.81906       3.119
   27   946   1872.162       3.81870       2.680
   27   947   1858.091       3.82299       3.346
   27   948   1875.517       3.81457       3.804
   27   949   1822.613       3.82628       1.494
   27   950   1856.592       3.82034       2.613
   27   951   1844.959       3.81794       2.971
   27   952   1903.011       3.82197       2.916
   27   953   1852.210       3.81684       3.259
   27   954   1858.537       3.82619       2.817
   27   955   1866.117       3.82284       2.698
   27   956   1884.080       3.81866       3.104
   27   957   1866.318       3.81429       3.786
   27   958   1871.377       3.82430       3.727
   27   959   1868.619       3.81760       3.667
   27   960   1868.234       3.82210       2.878
   27   961   1855.798       3.81833       3.388
   27   962   1835.034       3.81818       3.501
   27   963   1820.694       3.83203       2.257
   27   964   1864.939       3.83691       1.973
   27   965   1873.595       3.81840       3.120
   27   966   1879.898       3.82767       3.736
   27   967   1919.654       3.81816       3.892
   27   968   1881.308       3.83400       3.325
   27   969   1881.814       3.81889       3.002
   27   970   1826.284       3.82683       2.378
   27   971   1846.474       3.81620       1.979
   27   972   1908.375       3.81138       2.485
   27   973   1868.762       3.81277       2.851
   27   974   1872.934       3.81754       2.119
   27   975   1879.158       3.80620       2.811
   27   976   1862.130       3.82183       3.661
   27   977   1856.441       3.81832       3.870
   27   978   1883.988       3.82180       3.572
   27   979   1904.348       3.81207       3.183
   27   980   1901.734       3.82192       2.922
   27   981   1902.718       3.82081       2.313
   27   982   1907.611       3.82997       2.871
   27   983   1851.900       3.82914       3.033
   27   984   1849.133       3.82735       3.401
   27   985   1856.502       3.82295       2.255
   27   986   1848.619       3.82882       2.993
   27   987   1876.122       3.82213       2.873
   27   988   1905.063       3.81780       2.962
   27   989   1859.002       3.83312       2.283
   27   990   1874.943       3.83214       2.786
   27   991   1895.227       3.81978       2.094
   27   992   1858.851       3.83128       1.649
   27   993   1853.664       3.80959       3.488
   27   994   1899.953       3.82043       3.092
   27   995   1876.426       3.81963       2.906
   27   996   1895.972       3.81343       3.170
   27   997   1872.026       3.82399       1.691
   27   998   1858.673       3.81714       2.478
   27   999   1867.476       3.81283       4.217
   27  1000   1852.839       3.82846       2.531
   27  1001   1881.943       3.83007       1.810
   27  1002   1873.291       3.81685       3.089
   27  1003   1895.436       3.81410       2.352
   27  1004   1877.568       3.82759       2.219
   27  1005   1906.929       3.82866       2.527
   27  1006   1856.339       3.83175       2.232
   27  1007   1894.768       3.82304       1.863
   27  1008   1895.501       3.83526       3.072
   27  1009   1884.191       3.83022       1.864
   27  1010   1850.459       3.81281       1.585
   27  1011   1810.852       3.81866       1.750
   27  1012   1833.784       3.82718       1.957
   27  1013   1888.283       3.82289       1.425
   27  1014   1869.589       3.82011       1.554
   27  1015   1859.883       3.80572       3.875
   27  1016   1888.821       3.83211       2.094
   27  1017   1831.629       3.81219       1.843
   27  1018   1912.573       3.81775       2.159
   27  1019   1833.352       3.82397       2.184
   27  1020   1820.998       3.83967       2.767
   27  1021   1831.682       3.82746       3.960
   27  1022   1843.903       3.84374       1.397
   27  1023   1876.058       3.83415       1.901
