   15     0   1911.144       3.79184       5.134
   15     1   1871.796       3.78488       4.276
   15     2   1930.546       3.76719       3.320
   15     3   1878.801       3.76762       3.710
   15     4   1892.080       3.77367       4.274
   15     5   1847.634       3.76046       3.745
   15     6   1898.247       3.77323       3.918
   15     7   1859.167       3.76114       5.119
   15     8   1886.945       3.78754       2.714
   15     9   1832.305       3.76689       3.688
   15    10   1947.095       3.77215       3.721
   15    11   1861.532       3.77016       4.753
   15    12   1899.568       3.77829       2.606
   15    13   1868.340       3.77060       4.249
   15    14   1951.875       3.75942       4.060
   15    15   1906.221       3.75382       4.406
   15    16   1900.136       3.78091       2.820
   15    17   1868.734       3.75525       6.076
   15    18   1948.891       3.78371       3.624
   15    19   1855.801       3.77663       3.979
   15    20   1902.061       3.78494       2.005
   15    21   1868.427       3.75817       4.795
   15    22   1922.443       3.77247       2.715
   15    23   1830.696       3.77284       2.823
   15    24   1943.234       3.77310       6.060
   15    25   1862.955       3.78049       3.826
   15    26   1955.670       3.76865       4.579
   15    27   1851.836       3.76178       4.752
   15    28   1917.329       3.76383       3.686
   15    29   1836.258       3.76164       4.265
   15    30   1912.662       3.77971       2.935
   15    31   1845.192       3.75271       4.389
   15    32   1906.210       3.77738       2.035
   15    33   1837.882       3.76681       4.943
   15    34   1905.414       3.77063       5.562
   15    35   1876.712       3.76518       6.181
   15    36   1858.242       3.78126       3.851
   15    37   1860.179       3.76771       4.123
   15    38   1952.624       3.77312       3.402
   15    39   1876.454       3.75732       5.284
   15    40   1916.184       3.77535       3.533
   15    41   1874.454       3.77071       3.942
   15    42   1930.879       3.77295       2.981
   15    43   1890.543       3.75866       5.302
   15    44   1949.459       3.76471       4.771
   15    45   1850.801       3.76914       4.040
   15    46   1897.295       3.78284       4.688
   15    47   1857.019       3.77171       6.610
   15    48   1911.800       3.78110       2.396
   15    49   1855.742       3.76802       3.303
   15    50   1922.254       3.77167       3.203
   15    51   1880.529       3.76123       3.773
   15    52   1939.255       3.76476       2.491
   15    53   1901.706       3.75788       4.939
   15    54   1891.647       3.77713       3.529
   15    55   1831.948       3.77143       4.940
   15    56   1889.831       3.77730       5.483
   15    57   1881.970       3.77237       5.524
   15    58   1930.314       3.76683       4.227
   15    59   1852.218       3.76347       4.667
   15    60   1924.624       3.76558       4.929
   15    61   1852.679       3.77642       3.422
   15    62   1920.078       3.76322       3.425
   15    63   1838.347       3.75288       4.072
   15    64   1952.470       3.75767       3.318
   15    65   1861.315       3.75622       6.521
   15    66   1914.044       3.76826       5.589
   15    67   1894.581       3.75106       5.043
   15    68   1907.925       3.78007       3.714
   15    69   1867.187       3.75852       6.476
   15    70   1936.511       3.77816       3.745
   15    71   1881.360       3.75829       5.274
   15    72   1907.453       3.77630       3.848
   15    73   1914.436       3.75519       3.725
   15    74   1916.713       3.77869       2.702
   15    75   1849.097       3.75998       5.935
   15    76   1878.035       3.78123       3.040
   15    77   1883.269       3.78141       2.150
   15    78   1910.772       3.76752       2.998
   15    79   1837.138       3.75957       4.129
   15    80   1919.052       3.76347       3.633
   15    81   1867.786       3.75370       4.327
   15    82   1855.297       3.77191       3.860
   15    83   1868.726       3.76912       4.280
   15    84   1901.724       3.77232       7.101
   15    85   1875.843       3.75419       5.643
   15    86   1928.889       3.78136       4.395
   15    87   1876.172       3.75820       7.146
   15    88   1902.584       3.78176       3.307
   15    89   1872.981       3.76946       2.792
   15    90   1923.017       3.76676       4.276
   15    91   1874.690       3.75767       4.145
   15    92   1945.305       3.75957       2.463
   15    93   1859.695       3.76572       3.210
   15    94   1927.912       3.77163       2.697
   15    95   1885.923       3.74738       5.035
   15    96   1888.128       3.77617       4.270
   15    97   1845.036       3.77766       3.855
   15    98   1885.753       3.78086       2.239
   15    99   1867.712       3.76843       5.267
   15   100   1912.309       3.77189       3.964
   15   101   1862.701       3.78104       4.654
   15   102   1943.391       3.77498       4.539
   15   103   1850.956       3.76925       3.724
   15   104   1955.175       3.76697       3.865
   15   105   1844.499       3.76113       5.580
   15   106   1910.883       3.76188       4.990
   15   107   1841.739       3.76626       2.329
   15   108   1879.138       3.77410       2.276
   15   109   1833.069       3.75576       5.126
   15   110   1909.468       3.76855       1.949
   15   111   1852.606       3.73974       4.454
   15   112   1906.713       3.75694       7.156
   15   113   1868.569       3.75805       8.332
   15   114   1922.091       3.76960       4.176
   15   115   1868.067       3.75319       5.825
   15   116   1951.615       3.76631       3.592
   15   117   1892.497       3.74493       5.991
   15   118   1927.301       3.78163       3.085
   15   119   1818.096       3.77348       4.487
   15   120   1898.825       3.77315       4.401
   15   121   1876.146       3.75600       4.929
   15   122   1885.476       3.77808       3.644
   15   123   1870.174       3.75354       5.505
   15   124   1896.438       3.77932       2.791
   15   125   1866.512       3.77580       3.396
   15   126   1893.410       3.77808       1.736
   15   127   1860.673       3.77549       3.768
   15   128   1940.538       3.76232       3.163
   15   129   1822.130       3.77269       4.269
   15   130   1899.315       3.76948       3.672
   15   131   1817.924       3.76803       4.380
   15   132   1933.172       3.75975       4.326
   15   133   1862.405       3.76332       4.484
   15   134   1942.889       3.76170       3.187
   15   135   1876.987       3.75733       4.402
   15   136   1913.777       3.78179       2.790
   15   137   1882.490       3.75670       6.329
   15   138   1901.588       3.77604       3.522
   15   139   1856.803       3.77610       3.793
   15   140   1912.992       3.78135       3.424
   15   141   1863.359       3.77097       4.770
   15   142   1933.461       3.77523       1.774
   15   143   1849.847       3.75828       4.991
   15   144   1894.321       3.76866       3.297
   15   145   1857.690       3.76839       3.001
   15   146   1939.167       3.77120       2.880
   15   147   1889.564       3.76396       3.477
   15   148   1937.716       3.76914       4.598
   15   149   1884.085       3.76875       2.926
   15   150   1906.668       3.76991       3.281
   15   151   1826.885       3.76310       4.798
   15   152   1923.376       3.76117       4.836
   15   153   1864.453       3.75877       4.681
   15   154   1928.624       3.76472       4.371
   15   155   1904.274       3.74671       7.834
   15   156   1958.965       3.75952       4.641
   15   157   1858.298       3.76269       3.739
   15   158   1968.823       3.76253       3.803
   15   159   1832.882       3.77073       3.098
   15   160   1931.388       3.77055       5.832
   15   161   1874.786       3.76660       4.352
   15   162   1901.753       3.78359       2.081
   15   163   1865.968       3.76146       3.817
   15   164   1917.537       3.77055       3.143
   15   165   1858.190       3.75909       5.202
   15   166   1925.519       3.76433       2.102
   15   167   1869.570       3.74455       6.373
   15   168   1913.893       3.76565       2.888
   15   169   1885.034       3.75912       4.405
   15   170   1928.017       3.76158       5.465
   15   171   1870.162       3.76458       5.709
   15   172   1908.868       3.77162       4.863
   15   173   1889.947       3.75847       7.269
   15   174   1951.855       3.77567       3.132
   15   175   1878.339       3.76818       5.096
   15   176   1931.379       3.78404       2.264
   15   177   1854.006       3.77090       3.670
   15   178   1935.934       3.76877       3.103
   15   179   1834.654       3.76880       3.020
   15   180   1920.548       3.77133       3.230
   15   181   1856.846       3.75109       5.484
   15   182   1925.431       3.77130       4.865
   15   183   1910.664       3.75699       6.876
   15   184   1960.212       3.77727       4.261
   15   185   1861.852       3.77052       5.421
   15   186   1906.242       3.77715       3.772
   15   187   1855.811       3.77154       4.162
   15   188   1944.529       3.77069       2.674
   15   189   1839.685       3.76592       3.524
   15   190   1907.872       3.76443       1.634
   15   191   1872.881       3.74725       4.738
   15   192   1908.633       3.75899       4.835
   15   193   1879.829       3.75228       5.500
   15   194   1914.512       3.77128       4.744
   15   195   1840.566       3.75928       5.950
   15   196   1940.736       3.75970       5.068
   15   197   1835.800       3.76914       3.703
   15   198   1930.946       3.77615       4.644
   15   199   1860.664       3.76414       4.192
   15   200   1892.480       3.76931       3.260
   15   201   1888.810       3.76227       5.400
   15   202   1912.779       3.75704       5.696
   15   203   1857.806       3.75088       5.241
   15   204   1930.639       3.75852       5.643
   15   205   1865.798       3.76474       5.746
   15   206   1931.625       3.77013       4.187
   15   207   1856.818       3.77232       4.026
   15   208   1922.200       3.77142       4.366
   15   209   1883.583       3.76287       5.098
   15   210   1940.286       3.76509       2.918
   15   211   1845.452       3.75765       5.085
   15   212   1908.596       3.76201       4.266
   15   213   1890.327       3.76466       4.441
   15   214   1913.451       3.76678       3.752
   15   215   1867.203       3.75186       6.610
   15   216   1938.116       3.77223       3.449
   15   217   1897.350       3.74252       7.631
   15   218   1904.869       3.76598       3.931
   15   219   1885.194       3.77033       4.142
   15   220   1900.873       3.76884       3.854
   15   221   1860.179       3.77163       3.858
   15   222   1929.249       3.75648       4.148
   15   223   1850.331       3.75757       5.993
   15   224   1920.425       3.76820       2.936
   15   225   1858.116       3.76356       3.328
   15   226   1950.252       3.76335       3.568
   15   227   1878.271       3.75726       5.581
   15   228   1924.081       3.77604       3.767
   15   229   1881.404       3.75999       6.741
   15   230   1921.668       3.77035       2.967
   15   231   1876.148       3.75739       3.674
   15   232   1941.515       3.76690       3.428
   15   233   1865.768       3.77835       3.625
   15   234   1949.403       3.77279       3.796
   15   235   1912.077       3.76047       6.410
   15   236   1884.611       3.78368       2.861
   15   237   1862.401       3.75570       4.161
   15   238   1936.187       3.75834       3.820
   15   239   1860.082       3.75440       4.695
   15   240   1875.810       3.76868       4.744
   15   241   1859.870       3.76190       5.062
   15   242   1892.597       3.77464       2.787
   15   243   1873.432       3.76255       4.904
   15   244   1948.770       3.77463       1.853
   15   245   1886.683       3.76113       2.789
   15   246   1939.687       3.76396       2.942
   15   247   1858.815       3.75685       4.393
   15   248   1902.281       3.76430       4.845
   15   249   1866.398       3.74816       7.000
   15   250   1947.251       3.75866       4.281
   15   251   1860.491       3.75906       4.261
   15   252   1910.934       3.76332       5.165
   15   253   1857.100       3.76734       4.396
   15   254   1890.363       3.76741       3.033
   15   255   1833.810       3.77069       3.710
   15   256   1923.982       3.76028       5.571
   15   257   1903.175       3.75773       5.494
   15   258   1932.711       3.76535       4.198
   15   259   1853.059       3.76394       4.086
   15   260   1882.330       3.76974       3.707
   15   261   1873.456       3.74925       5.218
   15   262   1915.908       3.75952       5.475
   15   263   1860.215       3.75875       4.483
   15   264   1887.317       3.77669       3.772
   15   265   1847.941       3.76170       5.517
   15   266   1914.702       3.77234       3.902
   15   267   1862.814       3.76501       6.230
   15   268   1938.446       3.76816       5.700
   15   269   1868.703       3.77151       5.421
   15   270   1892.548       3.77704       2.732
   15   271   1852.181       3.76526       3.694
   15   272   1911.296       3.75557       4.582
   15   273   1888.560       3.74874       6.137
   15   274   1881.048       3.76706       2.882
   15   275   1885.933       3.74839       4.830
   15   276   1872.034       3.75955       5.217
   15   277   1881.746       3.74740       5.231
   15   278   1901.290       3.76702       3.955
   15   279   1848.748       3.75489       6.866
   15   280   1911.969       3.77597       2.859
   15   281   1866.455       3.76615       4.794
   15   282   1880.148       3.76595       3.429
   15   283   1870.637       3.75047       5.126
   15   284   1909.681       3.77037       3.835
   15   285   1890.131       3.76147       3.484
   15   286   1899.758       3.77273       2.546
   15   287   1848.637       3.76108       3.690
   15   288   1862.828       3.76713       4.992
   15   289   1884.084       3.76069       3.809
   15   290   1917.742       3.75884       4.806
   15   291   1886.285       3.75621       4.257
   15   292   1880.544       3.77524       2.250
   15   293   1862.067       3.76330       5.138
   15   294   1899.783       3.77130       2.975
   15   295   1839.403       3.75494       5.091
   15   296   1915.444       3.76598       4.283
   15   297   1891.966       3.75192       4.076
   15   298   1936.311       3.77167       3.653
   15   299   1863.340       3.75784       5.383
   15   300   1872.652       3.77328       3.513
   15   301   1829.400       3.75981       5.126
   15   302   1949.102       3.75695       3.952
   15   303   1886.056       3.75353       4.745
   15   304   1939.442       3.76070       3.341
   15   305   1849.160       3.76902       3.280
   15   306   1930.058       3.75932       4.022
   15   307   1886.785       3.76874       3.858
   15   308   1930.517       3.77511       3.211
   15   309   1871.855       3.75948       4.608
   15   310   1906.299       3.76747       6.010
   15   311   1853.893       3.76778       5.072
   15   312   1929.763       3.78236       2.439
   15   313   1885.428       3.75693       4.476
   15   314   1940.333       3.77354       1.924
   15   315   1840.772       3.75112       4.108
   15   316   1902.923       3.75670       3.799
   15   317   1888.253       3.75315       3.088
   15   318   1946.715       3.74672       2.863
   15   319   1847.431       3.75714       3.432
   15   320   1887.648       3.75290       3.903
   15   321   1899.154       3.74432       5.177
   15   322   1937.821       3.74900       5.580
   15   323   1866.717       3.75579       6.311
   15   324   1949.931       3.76154       3.919
   15   325   1881.643       3.75791       5.117
   15   326   1951.696       3.75951       4.298
   15   327   1886.103       3.76655       4.082
   15   328   1944.714       3.77054       2.626
   15   329   1879.381       3.75335       5.417
   15   330   1913.924       3.77179       3.306
   15   331   1872.516       3.75843       4.964
   15   332   1927.212       3.76730       2.823
   15   333   1853.335       3.77490       5.057
   15   334   1934.334       3.75347       3.414
   15   335   1887.463       3.74275       4.877
   15   336   1943.846       3.75825       4.055
   15   337   1889.123       3.74596       7.383
   15   338   1917.407       3.77196       4.032
   15   339   1870.515       3.74760       5.363
   15   340   1928.398       3.76436       2.551
   15   341   1876.601       3.74942       3.310
   15   342   1923.804       3.76416       3.843
   15   343   1864.753       3.75516       4.986
   15   344   1918.619       3.76766       4.300
   15   345   1858.640       3.77131       3.506
   15   346   1916.357       3.76538       2.882
   15   347   1870.382       3.75651       4.264
   15   348   1933.888       3.76837       1.988
   15   349   1858.889       3.76005       2.886
   15   350   1917.551       3.76241       4.200
   15   351   1860.654       3.75608       4.903
   15   352   1936.594       3.76156       4.042
   15   353   1872.639       3.75731       6.784
   15   354   1923.738       3.76595       5.035
   15   355   1883.418       3.75713       5.752
   15   356   1900.509       3.76373       4.906
   15   357   1887.035       3.75598       5.801
   15   358   1943.534       3.76678       3.397
   15   359   1897.296       3.75425       4.119
   15   360   1904.087       3.76804       4.933
   15   361   1849.617       3.76363       5.245
   15   362   1935.158       3.76300       5.283
   15   363   1883.581       3.75265       6.005
   15   364   1912.266       3.77715       4.034
   15   365   1850.652       3.76734       4.716
   15   366   1939.198       3.76749       2.660
   15   367   1880.902       3.76220       3.558
   15   368   1875.993       3.76454       2.932
   15   369   1879.492       3.76537       6.390
   15   370   1874.145       3.76107       3.691
   15   371   1866.516       3.75412       4.520
   15   372   1902.949       3.75771       5.339
   15   373   1883.515       3.74883       7.311
   15   374   1927.198       3.76013       4.613
   15   375   1854.331       3.75497       6.492
   15   376   1904.216       3.76081       4.182
   15   377   1842.361       3.75912       6.589
   15   378   1934.825       3.75389       2.514
   15   379   1876.614       3.75261       4.923
   15   380   1943.496       3.75160       3.709
   15   381   1884.455       3.74675       5.474
   15   382   1911.597       3.75861       4.053
   15   383   1801.181       3.76965       6.528
   15   384   1889.166       3.76736       5.109
   15   385   1825.166       3.77445       3.729
   15   386   1913.905       3.76992       4.757
   15   387   1857.842       3.76785       2.888
   15   388   1886.067       3.76590       5.728
   15   389   1806.725       3.76520       3.539
   15   390   1918.327       3.75888       4.424
   15   391   1846.122       3.75338       3.379
   15   392   1972.113       3.74791       3.081
   15   393   1837.867       3.75691       5.536
   15   394   1954.515       3.76245       4.767
   15   395   1875.813       3.75365       6.259
   15   396   1886.943       3.78012       3.382
   15   397   1879.951       3.75222       5.434
   15   398   1947.252       3.77261       3.609
   15   399   1859.791       3.75726       4.139
   15   400   1917.043       3.76915       4.350
   15   401   1896.394       3.76137       5.938
   15   402   1935.560       3.75542       4.380
   15   403   1828.187       3.76295       3.637
   15   404   1917.919       3.76373       3.258
   15   405   1865.339       3.74412       4.332
   15   406   1929.395       3.75502       4.514
   15   407   1853.075       3.77506       6.310
   15   408   1906.877       3.77365       2.611
   15   409   1858.089       3.76061       5.900
   15   410   1905.420       3.77062       2.763
   15   411   1852.303       3.76725       2.945
   15   412   1921.261       3.75896       3.720
   15   413   1909.391       3.75223       6.796
   15   414   1936.002       3.75779       3.364
   15   415   1850.630       3.76835       3.461
   15   416   1913.126       3.76647       5.558
   15   417   1850.417       3.76695       4.333
   15   418   1925.088       3.76661       2.481
   15   419   1874.629       3.75717       6.017
   15   420   1876.321       3.76927       3.266
   15   421   1827.595       3.76518       4.911
   15   422   1907.838       3.77249       3.104
   15   423   1867.827       3.76905       6.148
   15   424   1899.358       3.76511       3.671
   15   425   1894.486       3.75329       5.707
   15   426   1906.223       3.76572       3.472
   15   427   1845.721       3.75684       3.526
   15   428   1959.244       3.75986       2.820
   15   429   1876.367       3.74957       5.392
   15   430   1949.669       3.77057       4.477
   15   431   1832.182       3.76775       4.776
   15   432   1950.682       3.76041       3.021
   15   433   1882.933       3.75269       5.662
   15   434   1924.462       3.76553       3.059
   15   435   1903.856       3.74990       6.708
   15   436   1907.392       3.76972       5.681
   15   437   1846.975       3.76928       4.302
   15   438   1938.001       3.76571       5.023
   15   439   1896.151       3.75300       5.180
   15   440   1890.557       3.76585       3.218
   15   441   1892.894       3.75313       4.641
   15   442   1924.686       3.76482       5.391
   15   443   1833.787       3.76319       3.678
   15   444   1887.579       3.76403       3.431
   15   445   1866.859       3.75734       5.708
   15   446   1916.913       3.77594       4.312
   15   447   1891.191       3.75561       4.256
   15   448   1916.547       3.75772       4.017
   15   449   1848.953       3.75627       5.028
   15   450   1935.941       3.76111       3.083
   15   451   1858.417       3.74835       6.061
   15   452   1926.611       3.74894       4.551
   15   453   1878.843       3.74038       5.161
   15   454   1922.724       3.75836       4.871
   15   455   1876.113       3.75493       4.749
   15   456   1909.133       3.76316       4.648
   15   457   1850.800       3.76416       5.127
   15   458   1918.712       3.76886       4.229
   15   459   1841.235       3.76936       6.161
   15   460   1965.137       3.76109       4.156
   15   461   1884.495       3.75305       4.608
   15   462   1887.383       3.76322       5.306
   15   463   1890.220       3.75079       4.126
   15   464   1913.125       3.76252       4.924
   15   465   1876.357       3.75695       4.329
   15   466   1878.688       3.78170       3.961
   15   467   1872.263       3.76256       4.715
   15   468   1931.287       3.76715       4.941
   15   469   1888.472       3.75878       5.850
   15   470   1932.322       3.76985       2.185
   15   471   1831.314       3.75596       4.988
   15   472   1911.955       3.76714       3.981
   15   473   1877.462       3.75405       4.083
   15   474   1949.348       3.75953       3.799
   15   475   1867.445       3.74664       3.991
   15   476   1924.845       3.77332       2.968
   15   477   1840.354       3.74649       5.405
   15   478   1892.748       3.76224       3.580
   15   479   1848.162       3.76036       3.995
   15   480   1944.881       3.75687       5.762
   15   481   1886.187       3.74748       5.939
   15   482   1900.422       3.77221       3.771
   15   483   1867.949       3.75408       7.063
   15   484   1901.611       3.76181       3.386
   15   485   1843.016       3.75718       5.330
   15   486   1940.198       3.76010       3.012
   15   487   1893.968       3.75160       4.853
   15   488   1948.733       3.75621       3.280
   15   489   1874.195       3.76101       3.313
   15   490   1944.442       3.75879       4.370
   15   491   1902.028       3.73910       6.930
   15   492   1920.283       3.77647       3.956
   15   493   1869.769       3.75996       5.572
   15   494   1915.190       3.76477       4.706
   15   495   1850.782       3.77487       4.096
   15   496   1897.748       3.76089       3.295
   15   497   1854.945       3.75318       4.390
   15   498   1882.220       3.72448       4.638
   15   499   1777.738       3.71970       4.448
   15   500   1883.835       3.75850       5.366
   15   501   1790.317       3.75949       4.823
   15   502   1856.894       3.74979       5.666
   15   503   1830.752       3.74517       9.767
   15   504   1905.417       3.78432       4.557
   15   505   1898.042       3.74973       5.009
   15   506   1920.223       3.78063       3.019
   15   507   1862.955       3.76528       5.600
   15   508   1907.811       3.78389       5.300
   15   509   1862.816       3.75511       6.726
   15   510   1889.785       3.77033       3.739
   15   511   1859.116       3.76665       4.387
   15   512   1820.889       3.77158       6.762
   15   513   1892.380       3.76223       3.752
   15   514   1834.737       3.74858       4.773
   15   515   1876.286       3.73273       6.234
   15   516   1833.982       3.75157       3.722
   15   517   1845.258       3.73399       5.381
   15   518   1849.983       3.76089       4.189
   15   519   1850.945       3.75219       5.355
   15   520   1843.308       3.74931       7.327
   15   521   1892.310       3.73350      10.935
   15   522   1828.357       3.77356       3.180
   15   523   1811.680       3.76140       4.355
   15   524   1882.416       3.75749       4.377
   15   525   1849.914       3.73852       4.822
   15   526   1855.333       3.74758       5.634
   15   527   1856.496       3.74109       4.470
   15   528   1893.198       3.75174       3.587
   15   529   1857.926       3.73053       3.997
   15   530   1870.401       3.74545       5.890
   15   531   1829.912       3.74883       4.356
   15   532   1864.316       3.76083       5.263
   15   533   1889.043       3.74424       5.440
   15   534   1868.270       3.76796       6.148
   15   535   1865.827       3.75251       4.708
   15   536   1861.654       3.76695       2.999
   15   537   1866.028       3.74402       5.115
   15   538   1833.229       3.75430       4.381
   15   539   1921.102       3.73119       5.030
   15   540   1856.158       3.75681       4.378
   15   541   1866.832       3.73369       6.179
   15   542   1880.714       3.74383       6.055
   15   543   1881.356       3.73476       7.060
   15   544   1830.067       3.76364       2.942
   15   545   1862.193       3.75893       5.256
   15   546   1861.384       3.76178       4.265
   15   547   1882.842       3.75237       4.850
   15   548   1873.965       3.76076       4.095
   15   549   1822.634       3.75872       2.573
   15   550   1854.765       3.75787       3.977
   15   551   1869.304       3.75528       3.629
   15   552   1865.314       3.75309       4.155
   15   553   1857.285       3.74755       4.422
   15   554   1843.109       3.75595       7.528
   15   555   1863.409       3.75408       6.422
   15   556   1859.388       3.76402       4.127
   15   557   1893.627       3.75211       4.276
   15   558   1874.550       3.76808       3.953
   15   559   1788.428       3.76107       2.568
   15   560   1871.136       3.76159       3.429
   15   561   1855.898       3.75020       5.450
   15   562   1874.844       3.75469       4.697
   15   563   1883.442       3.74638       4.356
   15   564   1822.341       3.75998       3.150
   15   565   1864.206       3.75321       5.107
   15   566   1865.655       3.76217       4.685
   15   567   1867.914       3.76182       3.702
   15   568   1856.170       3.75628       4.237
   15   569   1799.194       3.75570       4.651
   15   570   1855.359       3.75237       3.720
   15   571   1814.792       3.74938       4.399
   15   572   1861.329       3.74796       3.344
   15   573   1839.437       3.73241       5.410
   15   574   1864.026       3.74735       4.676
   15   575   1874.980       3.73438       6.231
   15   576   1876.448       3.75368       4.948
   15   577   1815.089       3.75805       4.797
   15   578   1808.431       3.76807       5.845
   15   579   1841.774       3.74928       5.693
   15   580   1857.130       3.76014       3.561
   15   581   1843.688       3.75037       4.803
   15   582   1887.139       3.75953       4.244
   15   583   1854.647       3.75966       4.170
   15   584   1872.688       3.75914       3.608
   15   585   1872.947       3.74575       5.109
   15   586   1840.681       3.76078       3.284
   15   587   1889.078       3.73971       4.453
   15   588   1843.502       3.76293       3.686
   15   589   1887.261       3.72510       4.801
   15   590   1871.083       3.75629       3.653
   15   591   1873.112       3.74731       4.288
   15   592   1860.151       3.75861       6.695
   15   593   1862.721       3.75925       7.203
   15   594   1830.972       3.75708       5.572
   15   595   1816.904       3.74918       5.020
   15   596   1868.854       3.75897       3.200
   15   597   1860.400       3.74829       3.942
   15   598   1898.910       3.74806       4.509
   15   599   1865.852       3.74705       6.013
   15   600   1890.289       3.75255       3.956
   15   601   1865.176       3.74280       6.687
   15   602   1873.320       3.75731       3.231
   15   603   1840.447       3.75157       5.199
   15   604   1865.429       3.76428       3.164
   15   605   1906.564       3.75209       4.962
   15   606   1838.224       3.77040       3.204
   15   607   1877.102       3.75493       4.186
   15   608   1875.607       3.74944       2.578
   15   609   1847.945       3.75203       4.174
   15   610   1838.988       3.75530       3.732
   15   611   1873.693       3.73761       5.466
   15   612   1872.441       3.75981       4.476
   15   613   1845.612       3.75734       4.801
   15   614   1865.091       3.76605       6.643
   15   615   1863.071       3.76642       4.589
   15   616   1872.579       3.76544       3.789
   15   617   1883.741       3.75236       4.612
   15   618   1858.426       3.75818       4.734
   15   619   1858.617       3.75436       5.064
   15   620   1839.596       3.76033       3.327
   15   621   1857.778       3.74217       4.104
   15   622   1850.156       3.74211       4.808
   15   623   1845.050       3.73442       5.886
   15   624   1888.626       3.75346       4.291
   15   625   1902.027       3.74416       6.010
   15   626   1866.303       3.76313       4.444
   15   627   1834.667       3.75204       6.021
   15   628   1901.752       3.74778       4.028
   15   629   1857.024       3.74974       2.991
   15   630   1851.114       3.76173       3.035
   15   631   1845.971       3.74989       3.758
   15   632   1885.277       3.75190       3.363
   15   633   1876.176       3.73761       4.434
   15   634   1854.969       3.74867       5.085
   15   635   1841.804       3.74578       4.123
   15   636   1885.594       3.74792       5.159
   15   637   1841.833       3.75054       4.706
   15   638   1823.795       3.76485       3.831
   15   639   1809.903       3.75926       2.887
   15   640   1856.571       3.75578       4.575
   15   641   1852.390       3.75457       3.774
   15   642   1866.295       3.75399       5.163
   15   643   1821.436       3.75116       4.365
   15   644   1834.610       3.75959       2.955
   15   645   1874.325       3.74562       4.178
   15   646   1847.252       3.76375       3.291
   15   647   1894.534       3.74675       5.768
   15   648   1847.316       3.76316       2.415
   15   649   1813.689       3.76145       4.534
   15   650   1861.927       3.75188       4.921
   15   651   1882.049       3.74807       4.475
   15   652   1863.507       3.75671       4.320
   15   653   1848.899       3.75365       4.749
   15   654   1838.498       3.75498       4.843
   15   655   1851.417       3.74916       3.372
   15   656   1876.618       3.76844       5.595
   15   657   1862.728       3.75667       4.199
   15   658   1877.252       3.77054       2.491
   15   659   1868.401       3.75277       4.911
   15   660   1883.468       3.75129       3.588
   15   661   1856.973       3.74608       2.594
   15   662   1863.369       3.75410       6.263
   15   663   1876.321       3.74339       4.633
   15   664   1847.689       3.75572       5.727
   15   665   1834.658       3.74059       6.658
   15   666   1856.332       3.76393       5.317
   15   667   1864.324       3.76305       5.210
   15   668   1878.056       3.76316       2.240
   15   669   1840.108       3.75552       4.376
   15   670   1823.032       3.76441       4.114
   15   671   1876.126       3.74888       3.534
   15   672   1827.724       3.75476       3.191
   15   673   1829.345       3.74735       4.514
   15   674   1847.324       3.75608       3.146
   15   675   1875.455       3.73854       5.825
   15   676   1814.097       3.75219       6.813
   15   677   1835.239       3.74319       3.240
   15   678   1860.131       3.75660       3.994
   15   679   1901.088       3.74940       4.987
   15   680   1838.960       3.76513       5.120
   15   681   1857.750       3.75785       5.839
   15   682   1871.667       3.76269       2.823
   15   683   1836.274       3.75435       4.220
   15   684   1855.379       3.75157       3.550
   15   685   1881.896       3.73480       5.046
   15   686   1835.642       3.75648       4.572
   15   687   1852.168       3.75619       4.758
   15   688   1909.215       3.76143       1.981
   15   689   1888.587       3.74622       4.490
   15   690   1867.090       3.75497       4.059
   15   691   1844.620       3.75706       2.895
   15   692   1861.535       3.75613       3.446
   15   693   1871.454       3.74324       4.578
   15   694   1859.197       3.74697       5.677
   15   695   1854.505       3.74268       5.675
   15   696   1849.079       3.75461       4.686
   15   697   1845.803       3.74508       4.843
   15   698   1860.391       3.75545       6.772
   15   699   1882.088       3.74725       5.656
   15   700   1860.325       3.76099       4.762
   15   701   1843.636       3.75803       4.507
   15   702   1852.153       3.76395       4.526
   15   703   1830.954       3.76010       1.820
   15   704   1844.034       3.75836       3.396
   15   705   1866.332       3.74944       4.057
   15   706   1856.196       3.76074       3.139
   15   707   1829.304       3.75573       2.160
   15   708   1826.824       3.75272       5.358
   15   709   1860.994       3.74359       4.441
   15   710   1860.186       3.76179       5.020
   15   711   1875.243       3.74997       4.334
   15   712   1862.606       3.76754       4.651
   15   713   1854.673       3.76101       4.439
   15   714   1882.280       3.76453       4.632
   15   715   1844.422       3.75835       3.658
   15   716   1897.866       3.75332       4.250
   15   717   1830.919       3.75068       4.162
   15   718   1858.121       3.74971       5.914
   15   719   1863.530       3.74880       3.948
   15   720   1839.529       3.75430       3.156
   15   721   1915.905       3.73753       4.901
   15   722   1901.690       3.74367       6.728
   15   723   1858.737       3.74494       4.593
   15   724   1820.833       3.76620       3.321
   15   725   1891.587       3.74631       5.948
   15   726   1832.307       3.76573       4.925
   15   727   1864.181       3.74779       4.915
   15   728   1862.273       3.75973       4.770
   15   729   1875.080       3.75210       2.355
   15   730   1889.250       3.75057       4.363
   15   731   1850.567       3.75529       2.141
   15   732   1864.953       3.75474       5.036
   15   733   1889.760       3.75523       5.000
   15   734   1834.419       3.76208       4.296
   15   735   1869.438       3.74150       4.191
   15   736   1867.070       3.75738       3.924
   15   737   1840.906       3.75842       4.211
   15   738   1864.398       3.76116       5.953
   15   739   1862.319       3.74690       3.483
   15   740   1885.370       3.74634       4.638
   15   741   1872.848       3.74992       3.975
   15   742   1859.226       3.76262       6.088
   15   743   1851.316       3.74827       3.938
   15   744   1830.875       3.76925       2.140
   15   745   1836.322       3.75843       4.241
   15   746   1848.526       3.74859       5.800
   15   747   1849.538       3.76537       2.517
   15   748   1858.656       3.77329       3.211
   15   749   1850.215       3.74720       4.657
   15   750   1908.963       3.75800       4.070
   15   751   1838.094       3.75508       3.714
   15   752   1843.031       3.75420       5.147
   15   753   1867.735       3.74751       3.315
   15   754   1826.060       3.75583       4.944
   15   755   1831.423       3.75954       3.385
   15   756   1874.411       3.75822       3.513
   15   757   1858.483       3.76087       4.663
   15   758   1888.647       3.75622       3.662
   15   759   1868.866       3.75186       5.816
   15   760   1827.082       3.77078       2.625
   15   761   1867.864       3.76017       4.070
   15   762   1848.374       3.75908       3.197
   15   763   1852.707       3.75478       4.737
   15   764   1857.307       3.76598       3.589
   15   765   1861.146       3.75650       4.608
   15   766   1876.575       3.75874       4.210
   15   767   1824.572       3.75753       3.817
   15   768   1853.415       3.76579       3.550
   15   769   1851.874       3.73905       4.501
   15   770   1859.105       3.75950       5.201
   15   771   1863.854       3.75117       5.311
   15   772   1884.032       3.75338       4.539
   15   773   1871.069       3.75066       3.797
   15   774   1824.555       3.76252       3.882
   15   775   1885.975       3.75022       4.721
   15   776   1866.910       3.76130       4.288
   15   777   1830.543       3.75514       5.130
   15   778   1847.885       3.75745       3.471
   15   779   1843.382       3.75981       3.690
   15   780   1857.630       3.76223       3.284
   15   781   1866.362       3.75273       3.733
   15   782   1840.320       3.75955       3.852
   15   783   1854.544       3.74459       3.259
   15   784   1860.037       3.75588       4.043
   15   785   1808.613       3.75132       4.961
   15   786   1858.664       3.75690       5.008
   15   787   1861.083       3.75236       5.127
   15   788   1862.602       3.77179       2.622
   15   789   1868.803       3.76043       2.467
   15   790   1897.214       3.75959       5.072
   15   791   1840.668       3.76242       2.652
   15   792   1879.288       3.76799       1.819
   15   793   1873.920       3.75093       4.194
   15   794   1853.958       3.76788       3.795
   15   795   1877.904       3.74280       5.684
   15   796   1873.571       3.76131       3.330
   15   797   1859.311       3.74537       4.166
   15   798   1861.053       3.75516       5.480
   15   799   1857.494       3.75181       2.664
   15   800   1880.991       3.74259       4.223
   15   801   1844.587       3.75824       3.991
   15   802   1823.443       3.75734       5.469
   15   803   1864.475       3.74605       5.709
   15   804   1863.805       3.75752       4.375
   15   805   1862.466       3.75566       4.495
   15   806   1828.588       3.76276       4.942
   15   807   1879.834       3.74830       4.426
   15   808   1883.602       3.75767       3.530
   15   809   1925.748       3.74792       4.054
   15   810   1849.433       3.76638       4.873
   15   811   1862.012       3.75470       3.426
   15   812   1847.775       3.76088       4.916
   15   813   1879.937       3.75096       4.307
   15   814   1845.948       3.76652       4.089
   15   815   1846.377       3.75613       3.341
   15   816   1856.110       3.75203       4.821
   15   817   1848.370       3.75532       3.836
   15   818   1844.081       3.77248       3.760
   15   819   1877.429       3.75495       4.503
   15   820   1849.573       3.76652       2.640
   15   821   1858.678       3.74270       4.121
   15   822   1871.859       3.75888       2.451
   15   823   1880.345       3.75001       5.073
   15   824   1873.986       3.75555       4.713
   15   825   1857.903       3.75338       5.051
   15   826   1855.948       3.75843       5.316
   15   827   1835.247       3.76285       2.559
   15   828   1911.361       3.75542       3.649
   15   829   1838.281       3.75146       3.596
   15   830   1883.712       3.76855       1.845
   15   831   1879.093       3.75288       2.466
   15   832   1839.976       3.76412       2.862
   15   833   1854.834       3.75033       3.840
   15   834   1840.602       3.76367       5.528
   15   835   1877.387       3.74608       3.428
   15   836   1844.157       3.76973       3.011
   15   837   1867.847       3.73878       6.980
   15   838   1860.658       3.75085       4.832
   15   839   1823.869       3.75051       3.866
   15   840   1881.984       3.76079       4.737
   15   841   1849.329       3.75603       4.378
   15   842   1848.455       3.76831       3.121
   15   843   1838.471       3.76109       3.473
   15   844   1841.496       3.76409       3.813
   15   845   1869.444       3.75233       2.896
   15   846   1830.398       3.76721       2.801
   15   847   1871.693       3.75091       2.589
   15   848   1851.365       3.76230       3.486
   15   849   1858.076       3.75840       4.201
   15   850   1865.768       3.77257       2.902
   15   851   1844.181       3.76119       3.086
   15   852   1850.794       3.76298       3.445
   15   853   1836.271       3.75417       3.667
   15   854   1842.345       3.75977       2.767
   15   855   1869.280       3.75910       2.901
   15   856   1897.140       3.75448       3.433
   15   857   1871.644       3.75153       3.245
   15   858   1868.789       3.76082       3.689
   15   859   1842.709       3.76548       2.959
   15   860   1837.777       3.76793       4.655
   15   861   1847.674       3.76221       2.762
   15   862   1842.342       3.76457       3.376
   15   863   1840.255       3.76565       2.441
   15   864   1821.803       3.75607       3.483
   15   865   1877.185       3.74506       4.332
   15   866   1844.258       3.76090       4.625
   15   867   1858.416       3.75597       3.419
   15   868   1875.414       3.75648       4.620
   15   869   1857.732       3.74529       4.735
   15   870   1815.687       3.77381       3.298
   15   871   1851.337       3.75566       4.791
   15   872   1914.133       3.75084       3.915
   15   873   1858.098       3.76305       4.079
   15   874   1847.791       3.76757       4.171
   15   875   1849.573       3.75994       4.129
   15   876   1870.186       3.75963       4.239
   15   877   1879.173       3.75215       4.281
   15   878   1875.260       3.74758       3.618
   15   879   1853.085       3.74992       2.337
   15   880   1854.217       3.74909       4.371
   15   881   1824.738       3.76361       4.238
   15   882   1894.011       3.76817       2.697
   15   883   1836.313       3.74978       4.608
   15   884   1929.836       3.74969       3.214
   15   885   1878.600       3.74435       5.110
   15   886   1894.300       3.75097       5.830
   15   887   1814.551       3.76090       4.319
   15   888   1876.810       3.75749       4.397
   15   889   1873.435       3.75525       3.586
   15   890   1859.214       3.75702       3.698
   15   891   1901.381       3.73775       5.974
   15   892   1852.400       3.75884       5.668
   15   893   1839.884       3.74599       4.581
   15   894   1877.393       3.76586       5.179
   15   895   1819.094       3.76069       4.277
   15   896   1900.468       3.76052       4.301
   15   897   1842.334       3.75765       4.657
   15   898   1857.601       3.77005       3.213
   15   899   1864.356       3.76337       2.491
   15   900   1809.693       3.77099       1.902
   15   901   1835.862       3.75999       3.942
   15   902   1839.644       3.76085       4.793
   15   903   1896.270       3.74478       4.542
   15   904   1852.369       3.75661       4.814
   15   905   1823.901       3.74698       5.834
   15   906   1842.258       3.76618       4.904
   15   907   1879.777       3.75246       3.428
   15   908   1850.617       3.76023       3.293
   15   909   1884.574       3.74426       6.766
   15   910   1881.988       3.76885       3.763
   15   911   1865.756       3.76602       5.500
   15   912   1897.179       3.76923       3.396
   15   913   1831.348       3.77237       2.951
   15   914   1862.734       3.75083       4.040
   15   915   1842.877       3.74576       3.653
   15   916   1864.261       3.75944       3.491
   15   917   1858.096       3.74409       5.054
   15   918   1880.762       3.76090       4.053
   15   919   1853.708       3.75584       4.365
   15   920   1866.768       3.77246       3.494
   15   921   1845.706       3.76465       3.727
   15   922   1841.051       3.76455       4.391
   15   923   1848.876       3.75239       4.028
   15   924   1890.324       3.75602       3.469
   15   925   1843.762       3.75880       3.285
   15   926   1841.991       3.76014       4.281
   15   927   1844.246       3.74838       3.972
   15   928   1865.353       3.76507       5.001
   15   929   1881.332       3.74920       3.713
   15   930   1857.385       3.76439       5.347
   15   931   1841.367       3.76385       3.732
   15   932   1850.933       3.77357       3.717
   15   933   1839.199       3.75705       4.206
   15   934   1846.316       3.76216       3.965
   15   935   1862.505       3.76071       2.873
   15   936   1877.826       3.75982       3.881
   15   937   1904.852       3.74395       3.556
   15   938   1875.813       3.75745       6.472
   15   939   1842.747       3.75524       4.186
   15   940   1843.296       3.76647       3.214
   15   941   1861.213       3.75641       3.191
   15   942   1824.995       3.77011       3.848
   15   943   1871.320       3.76317       2.427
   15   944   1858.804       3.75886       3.709
   15   945   1856.225       3.76315       3.662
   15   946   1847.423       3.76845       2.441
   15   947   1884.055       3.75402       3.442
   15   948   1841.493       3.76497       4.639
   15   949   1861.606       3.75086       6.427
   15   950   1833.560       3.76332       4.281
   15   951   1869.272       3.76468       2.833
   15   952   1872.104       3.76681       3.901
   15   953   1846.716       3.76109       2.584
   15   954   1861.037       3.77161       2.845
   15   955   1891.485       3.75468       4.219
   15   956   1824.424       3.76352       3.856
   15   957   1854.048       3.75365       3.989
   15   958   1876.631       3.76221       3.737
   15   959   1870.583       3.75577       4.644
   15   960   1863.417       3.75932       5.008
   15   961   1865.458       3.75427       5.149
   15   962   1866.053       3.76351       3.095
   15   963   1835.541       3.75957       3.066
   15   964   1872.337       3.75715       4.333
   15   965   1840.371       3.75498       3.559
   15   966   1878.976       3.76349       2.706
   15   967   1869.167       3.75938       3.537
   15   968   1861.049       3.75307       5.663
   15   969   1867.960       3.74820       3.342
   15   970   1871.336       3.76303       4.351
   15   971   1860.344       3.75119       4.523
   15   972   1896.530       3.76511       4.320
   15   973   1794.002       3.76485       4.706
   15   974   1852.790       3.76300       3.277
   15   975   1894.293       3.75490       3.931
   15   976   1918.720       3.76119       5.356
   15   977   1843.834       3.76912       3.824
   15   978   1864.358       3.76419       5.063
   15   979   1840.138       3.76348       4.205
   15   980   1846.602       3.76801       2.749
   15   981   1863.257       3.76128       5.390
   15   982   1899.844       3.75282       3.726
   15   983   1867.501       3.75719       3.725
   15   984   1902.196       3.76209       4.051
   15   985   1845.226       3.76647       2.667
   15   986   1855.250       3.77031       3.959
   15   987   1881.202       3.75203       3.743
   15   988   1879.926       3.76676       2.180
   15   989   1852.505       3.75364       3.801
   15   990   1896.029       3.75283       3.078
   15   991   1802.611       3.75908       4.242
   15   992   1851.097       3.76739       2.843
   15   993   1846.103       3.74653       4.758
   15   994   1833.044       3.75412       6.939
   15   995   1871.698       3.75735       5.001
   15   996   1874.826       3.76296       5.025
   15   997   1849.135       3.76594       3.705
   15   998   1853.536       3.76586       3.629
   15   999   1847.152       3.77331       2.485
   15  1000   1838.708       3.77557       3.735
   15  1001   1839.986       3.76121       4.470
   15  1002   1867.517       3.75410       1.713
   15  1003   1854.993       3.75816       3.036
   15  1004   1813.293       3.76636       5.554
   15  1005   1868.321       3.75657       3.256
   15  1006   1838.322       3.76979       3.972
   15  1007   1874.467       3.76406       2.015
   15  1008   1930.408       3.75643       5.066
   15  1009   1855.666       3.76513       4.241
   15  1010   1832.491       3.76332       1.291
   15  1011   1837.044       3.76001       1.867
   15  1012   1839.773       3.77058       2.070
   15  1013   1819.030       3.75884       2.971
   15  1014   1855.615       3.75270       1.745
   15  1015   1828.966       3.74443       2.797
   15  1016   1880.286       3.74550       4.288
   15  1017   1841.315       3.73147       3.463
   15  1018   1852.183       3.76588       5.889
   15  1019   1861.367       3.75611       3.286
   15  1020   1822.406       3.77798       4.458
   15  1021   1850.703       3.76887       4.465
   15  1022   1875.951       3.77728       4.327
   15  1023   1832.147       3.78804       3.679
