   14     0   1911.303       3.82456       3.286
   14     1   1816.122       3.83456       2.218
   14     2   1907.825       3.81346       2.730
   14     3   1827.185       3.81559       2.507
   14     4   1898.748       3.81657       4.137
   14     5   1850.237       3.79732       4.855
   14     6   1899.487       3.81640       4.333
   14     7   1841.356       3.80093       4.915
   14     8   1912.479       3.81960       2.141
   14     9   1855.572       3.80219       5.160
   14    10   1918.068       3.82495       2.639
   14    11   1831.392       3.81745       3.710
   14    12   1878.617       3.82119       2.502
   14    13   1819.483       3.80397       3.818
   14    14   1906.944       3.81300       3.549
   14    15   1836.239       3.80885       3.709
   14    16   1888.139       3.81178       5.274
   14    17   1818.763       3.80058       6.701
   14    18   1895.999       3.82524       4.454
   14    19   1847.132       3.82159       3.369
   14    20   1885.550       3.82272       4.582
   14    21   1811.668       3.81343       3.178
   14    22   1899.447       3.81350       3.324
   14    23   1812.203       3.81126       3.995
   14    24   1899.931       3.81595       6.056
   14    25   1882.441       3.79634       7.519
   14    26   1895.964       3.81827       3.245
   14    27   1844.635       3.80161       4.212
   14    28   1879.890       3.80984       2.154
   14    29   1834.876       3.79756       4.844
   14    30   1904.441       3.80641       3.542
   14    31   1848.087       3.80580       4.519
   14    32   1882.865       3.81801       4.677
   14    33   1842.681       3.80634       3.988
   14    34   1888.078       3.82158       3.238
   14    35   1830.352       3.81153       5.159
   14    36   1876.534       3.82799       3.093
   14    37   1850.435       3.81016       4.443
   14    38   1907.501       3.82070       2.912
   14    39   1849.697       3.81093       3.194
   14    40   1885.379       3.81834       2.938
   14    41   1839.056       3.80912       4.620
   14    42   1855.033       3.83103       2.857
   14    43   1831.460       3.80743       3.901
   14    44   1908.871       3.82157       2.928
   14    45   1850.147       3.80572       4.374
   14    46   1891.667       3.81951       4.042
   14    47   1853.034       3.81164       3.353
   14    48   1907.634       3.81792       4.130
   14    49   1857.219       3.81439       3.082
   14    50   1853.206       3.81985       4.431
   14    51   1835.424       3.80616       3.573
   14    52   1875.061       3.81237       4.334
   14    53   1835.267       3.81448       2.803
   14    54   1872.003       3.81739       3.884
   14    55   1867.881       3.81114       4.678
   14    56   1907.157       3.82196       4.877
   14    57   1826.524       3.81343       7.593
   14    58   1904.478       3.82869       3.305
   14    59   1834.814       3.80775       4.602
   14    60   1874.712       3.82383       3.140
   14    61   1867.029       3.81492       3.194
   14    62   1903.235       3.81205       2.232
   14    63   1855.325       3.79248       6.102
   14    64   1885.253       3.80702       4.201
   14    65   1815.684       3.79496       7.029
   14    66   1902.335       3.81078       4.446
   14    67   1839.263       3.80649       4.563
   14    68   1914.265       3.81010       2.830
   14    69   1800.747       3.80888       5.880
   14    70   1911.067       3.80995       3.733
   14    71   1854.880       3.80130       4.950
   14    72   1903.397       3.81311       3.407
   14    73   1839.928       3.81156       3.067
   14    74   1859.677       3.80798       5.312
   14    75   1808.031       3.79704       7.992
   14    76   1913.265       3.81812       3.730
   14    77   1857.348       3.80542       5.294
   14    78   1902.157       3.81765       4.479
   14    79   1842.599       3.81264       4.505
   14    80   1860.052       3.82558       3.046
   14    81   1823.284       3.80193       5.177
   14    82   1890.658       3.81291       2.264
   14    83   1845.523       3.79658       6.083
   14    84   1895.884       3.81644       3.580
   14    85   1840.442       3.80758       4.889
   14    86   1933.158       3.81605       3.574
   14    87   1854.798       3.80335       7.593
   14    88   1917.168       3.82333       4.183
   14    89   1850.847       3.81771       2.169
   14    90   1916.721       3.81839       2.352
   14    91   1823.317       3.80818       3.494
   14    92   1925.233       3.81351       1.950
   14    93   1851.619       3.79790       4.479
   14    94   1865.846       3.81498       4.099
   14    95   1831.190       3.79883       5.390
   14    96   1872.019       3.80532       5.713
   14    97   1832.872       3.81927       3.791
   14    98   1884.769       3.81992       4.524
   14    99   1826.160       3.80780       5.256
   14   100   1895.326       3.81332       4.914
   14   101   1853.204       3.79992       7.009
   14   102   1898.198       3.82234       3.997
   14   103   1827.777       3.82045       5.652
   14   104   1886.630       3.81906       3.811
   14   105   1869.278       3.80937       3.713
   14   106   1908.869       3.81143       4.817
   14   107   1824.198       3.80291       3.894
   14   108   1935.472       3.81143       2.474
   14   109   1859.517       3.79331       3.689
   14   110   1874.754       3.81395       3.535
   14   111   1806.248       3.79746       4.191
   14   112   1897.349       3.80051       5.889
   14   113   1883.788       3.79437       9.345
   14   114   1908.880       3.80597       5.909
   14   115   1897.025       3.79885       4.044
   14   116   1929.597       3.80858       5.776
   14   117   1851.681       3.79480       8.635
   14   118   1923.588       3.82091       4.100
   14   119   1846.869       3.81223       3.430
   14   120   1898.910       3.81060       3.074
   14   121   1852.116       3.80105       7.462
   14   122   1851.769       3.81216       4.179
   14   123   1811.100       3.81067       6.550
   14   124   1919.468       3.81940       4.106
   14   125   1860.906       3.80370       7.124
   14   126   1889.457       3.80938       3.845
   14   127   1841.979       3.80081       4.914
   14   128   1925.970       3.81993       2.536
   14   129   1829.328       3.79656       5.405
   14   130   1893.039       3.81812       3.546
   14   131   1850.646       3.81085       2.393
   14   132   1933.342       3.81467       2.320
   14   133   1869.727       3.79579       4.427
   14   134   1902.703       3.80218       5.162
   14   135   1840.862       3.81341       3.099
   14   136   1905.680       3.81626       4.016
   14   137   1835.216       3.80467       4.202
   14   138   1862.446       3.81861       3.638
   14   139   1875.618       3.80603       6.366
   14   140   1888.081       3.81642       3.173
   14   141   1881.171       3.79283       6.266
   14   142   1894.417       3.81291       3.473
   14   143   1846.191       3.80730       3.966
   14   144   1891.230       3.80665       3.901
   14   145   1817.949       3.80098       3.955
   14   146   1864.427       3.81324       4.249
   14   147   1853.446       3.80448       5.037
   14   148   1930.306       3.81182       3.516
   14   149   1848.785       3.81781       2.877
   14   150   1877.984       3.82617       3.791
   14   151   1833.790       3.80390       6.175
   14   152   1884.566       3.81259       4.488
   14   153   1834.535       3.80039       3.409
   14   154   1935.502       3.80647       3.694
   14   155   1870.222       3.79688       5.526
   14   156   1890.093       3.82211       3.758
   14   157   1857.738       3.79523       7.433
   14   158   1871.429       3.80977       5.360
   14   159   1839.747       3.80401       3.529
   14   160   1853.615       3.82345       3.781
   14   161   1860.930       3.80889       5.798
   14   162   1918.624       3.82716       5.202
   14   163   1811.944       3.81731       3.836
   14   164   1891.176       3.82003       2.414
   14   165   1857.882       3.80066       5.054
   14   166   1897.206       3.80216       2.144
   14   167   1790.310       3.80289       3.651
   14   168   1915.474       3.80175       3.239
   14   169   1853.243       3.78553       6.188
   14   170   1877.895       3.80430       4.418
   14   171   1861.723       3.80527       5.229
   14   172   1883.340       3.80959       5.281
   14   173   1847.599       3.80349       5.557
   14   174   1855.691       3.83020       2.506
   14   175   1866.629       3.80556       5.451
   14   176   1884.531       3.82128       4.285
   14   177   1861.492       3.80380       5.892
   14   178   1903.175       3.81141       2.343
   14   179   1841.415       3.80293       3.396
   14   180   1871.593       3.80562       4.690
   14   181   1833.912       3.80934       3.312
   14   182   1873.281       3.81679       3.524
   14   183   1844.778       3.81420       4.533
   14   184   1906.396       3.82567       4.944
   14   185   1836.291       3.81167       5.743
   14   186   1877.242       3.82575       2.165
   14   187   1820.545       3.81559       5.411
   14   188   1893.611       3.81231       2.388
   14   189   1852.402       3.80105       3.113
   14   190   1907.802       3.80154       2.694
   14   191   1839.888       3.79443       3.096
   14   192   1890.990       3.79594       5.584
   14   193   1823.340       3.80098       3.253
   14   194   1884.417       3.80709       5.249
   14   195   1866.093       3.80802       4.890
   14   196   1894.241       3.81678       2.894
   14   197   1823.936       3.80719       4.637
   14   198   1904.111       3.80425       3.122
   14   199   1788.808       3.80174       4.903
   14   200   1869.070       3.81265       3.156
   14   201   1859.825       3.80234       4.199
   14   202   1920.430       3.80389       4.742
   14   203   1851.977       3.79952       4.378
   14   204   1901.130       3.81468       3.090
   14   205   1854.528       3.79653       4.298
   14   206   1879.366       3.81898       3.246
   14   207   1866.019       3.79750       5.995
   14   208   1898.892       3.82587       3.021
   14   209   1886.994       3.80111       4.646
   14   210   1886.651       3.81449       2.600
   14   211   1844.224       3.80139       3.492
   14   212   1919.133       3.79408       4.881
   14   213   1827.637       3.79929       3.773
   14   214   1873.665       3.81306       3.693
   14   215   1827.456       3.80651       4.055
   14   216   1870.443       3.80366       6.524
   14   217   1850.194       3.80337       4.097
   14   218   1914.543       3.82272       3.410
   14   219   1843.388       3.81540       3.911
   14   220   1872.007       3.81447       3.947
   14   221   1829.633       3.81305       3.397
   14   222   1896.598       3.81044       2.305
   14   223   1860.592       3.79722       5.339
   14   224   1875.076       3.82248       2.333
   14   225   1807.436       3.80030       5.817
   14   226   1865.758       3.81849       2.804
   14   227   1848.581       3.80327       6.106
   14   228   1855.641       3.81798       4.235
   14   229   1840.472       3.80541       5.029
   14   230   1825.016       3.82382       3.125
   14   231   1820.955       3.81495       2.863
   14   232   1925.380       3.81801       3.619
   14   233   1879.774       3.80613       4.721
   14   234   1888.711       3.82491       3.628
   14   235   1852.871       3.81078       5.248
   14   236   1856.897       3.82036       3.995
   14   237   1868.875       3.79985       4.284
   14   238   1894.634       3.81486       2.516
   14   239   1862.496       3.79714       5.132
   14   240   1876.776       3.82072       4.386
   14   241   1810.497       3.81814       3.481
   14   242   1932.303       3.80445       4.541
   14   243   1832.934       3.79679       5.928
   14   244   1919.547       3.80380       4.529
   14   245   1813.853       3.80220       4.750
   14   246   1921.055       3.79679       4.813
   14   247   1865.059       3.79664       4.224
   14   248   1885.551       3.80540       3.010
   14   249   1840.341       3.80074       3.248
   14   250   1938.118       3.80129       4.261
   14   251   1821.196       3.79326       6.571
   14   252   1874.692       3.81521       4.617
   14   253   1873.430       3.79108       5.970
   14   254   1914.491       3.81289       2.089
   14   255   1807.111       3.80914       5.206
   14   256   1865.122       3.81784       3.875
   14   257   1849.837       3.81101       3.198
   14   258   1885.390       3.81324       4.066
   14   259   1841.318       3.80315       5.044
   14   260   1887.395       3.80741       3.964
   14   261   1820.512       3.79678       4.648
   14   262   1918.365       3.80528       2.929
   14   263   1848.788       3.79073       5.611
   14   264   1901.313       3.80316       4.171
   14   265   1812.920       3.79786       4.523
   14   266   1876.246       3.81261       4.417
   14   267   1833.279       3.80953       7.088
   14   268   1866.549       3.81807       5.361
   14   269   1830.110       3.80864       6.613
   14   270   1910.605       3.81276       4.003
   14   271   1838.186       3.80751       4.775
   14   272   1913.923       3.80414       4.771
   14   273   1851.966       3.79804       5.673
   14   274   1895.864       3.80101       4.084
   14   275   1818.899       3.79799       4.503
   14   276   1910.483       3.80116       4.144
   14   277   1850.938       3.79367       3.843
   14   278   1929.894       3.79701       3.932
   14   279   1850.372       3.79473       7.784
   14   280   1890.133       3.81103       4.001
   14   281   1859.575       3.80010       5.894
   14   282   1878.252       3.81414       4.066
   14   283   1875.473       3.79355       5.298
   14   284   1884.674       3.81013       4.983
   14   285   1881.485       3.79670       3.749
   14   286   1852.966       3.81374       3.518
   14   287   1846.980       3.80984       3.813
   14   288   1889.535       3.80360       3.315
   14   289   1839.548       3.80535       3.092
   14   290   1867.449       3.80888       4.300
   14   291   1899.166       3.80087       3.011
   14   292   1881.943       3.82865       2.996
   14   293   1818.902       3.79975       7.317
   14   294   1898.824       3.81509       2.450
   14   295   1807.565       3.79475       6.662
   14   296   1892.242       3.81441       2.770
   14   297   1876.806       3.80052       5.257
   14   298   1909.195       3.80668       3.324
   14   299   1838.969       3.80178       3.281
   14   300   1894.081       3.81126       3.937
   14   301   1868.293       3.78891       5.539
   14   302   1894.510       3.80649       5.443
   14   303   1820.243       3.80207       4.548
   14   304   1868.166       3.81738       3.367
   14   305   1842.602       3.80326       4.390
   14   306   1940.645       3.80488       2.193
   14   307   1845.131       3.79412       5.641
   14   308   1878.575       3.81142       5.113
   14   309   1871.378       3.80041       5.192
   14   310   1888.767       3.81166       3.665
   14   311   1847.614       3.81388       5.182
   14   312   1862.857       3.82483       3.953
   14   313   1834.499       3.81317       4.809
   14   314   1932.065       3.80270       3.269
   14   315   1869.749       3.79654       4.384
   14   316   1930.111       3.79450       2.591
   14   317   1825.867       3.80242       3.090
   14   318   1893.019       3.80216       4.133
   14   319   1841.444       3.79032       3.924
   14   320   1913.263       3.80223       3.900
   14   321   1831.283       3.79240       6.978
   14   322   1910.579       3.80136       4.665
   14   323   1846.167       3.80753       5.012
   14   324   1873.624       3.81341       4.788
   14   325   1836.636       3.79999       7.468
   14   326   1869.001       3.81396       4.219
   14   327   1857.490       3.81012       4.068
   14   328   1883.166       3.80784       4.764
   14   329   1834.278       3.79904       6.024
   14   330   1891.237       3.81317       3.305
   14   331   1833.535       3.79812       5.252
   14   332   1880.086       3.80650       4.975
   14   333   1862.721       3.80030       4.484
   14   334   1885.644       3.80726       4.635
   14   335   1828.406       3.79639       3.484
   14   336   1908.666       3.80134       4.610
   14   337   1853.643       3.78912       5.854
   14   338   1921.493       3.80925       4.462
   14   339   1811.354       3.79858       5.128
   14   340   1911.251       3.80388       4.011
   14   341   1840.668       3.79998       4.296
   14   342   1856.430       3.81908       3.681
   14   343   1828.109       3.80081       4.813
   14   344   1902.858       3.81449       3.657
   14   345   1859.333       3.79947       4.426
   14   346   1884.517       3.80360       5.243
   14   347   1832.125       3.80804       3.114
   14   348   1936.248       3.79896       4.392
   14   349   1827.568       3.80667       3.085
   14   350   1873.704       3.80378       5.605
   14   351   1863.150       3.79568       5.958
   14   352   1961.009       3.80479       4.264
   14   353   1856.425       3.80188       4.885
   14   354   1875.065       3.80558       5.272
   14   355   1870.077       3.79618       6.740
   14   356   1899.073       3.81456       5.875
   14   357   1829.839       3.80736       4.064
   14   358   1883.497       3.79844       6.065
   14   359   1827.412       3.81132       3.236
   14   360   1882.539       3.82079       1.992
   14   361   1834.645       3.79719       7.019
   14   362   1880.622       3.80711       4.496
   14   363   1861.470       3.79496       7.041
   14   364   1879.383       3.81388       4.758
   14   365   1858.169       3.79971       6.088
   14   366   1917.481       3.81159       4.569
   14   367   1835.795       3.79764       6.521
   14   368   1926.595       3.79705       3.827
   14   369   1849.889       3.78952       5.909
   14   370   1914.010       3.80130       3.514
   14   371   1846.563       3.79985       4.303
   14   372   1901.132       3.80869       4.509
   14   373   1833.309       3.78651       5.679
   14   374   1919.329       3.80073       5.667
   14   375   1837.489       3.80194       7.113
   14   376   1877.932       3.82027       3.162
   14   377   1835.693       3.79595       5.042
   14   378   1872.481       3.81085       3.673
   14   379   1854.202       3.78749       5.838
   14   380   1900.121       3.80322       3.163
   14   381   1814.430       3.79309       4.579
   14   382   1876.272       3.79876       6.033
   14   383   1798.119       3.79971       5.736
   14   384   1897.437       3.81829       4.725
   14   385   1803.316       3.79719       6.210
   14   386   1867.578       3.81486       3.775
   14   387   1886.270       3.80436       3.283
   14   388   1862.988       3.80889       3.873
   14   389   1832.077       3.80328       4.267
   14   390   1934.914       3.80549       2.236
   14   391   1839.754       3.78991       4.541
   14   392   1927.606       3.81048       3.507
   14   393   1855.302       3.78483       7.299
   14   394   1921.666       3.80687       4.361
   14   395   1848.292       3.80673       4.622
   14   396   1877.261       3.82119       4.166
   14   397   1854.165       3.80155       5.802
   14   398   1876.771       3.80786       4.391
   14   399   1837.885       3.81238       3.552
   14   400   1898.717       3.81235       3.311
   14   401   1836.150       3.80054       1.599
   14   402   1910.419       3.80580       2.630
   14   403   1832.275       3.79858       5.134
   14   404   1900.733       3.80897       3.494
   14   405   1823.495       3.78913       6.590
   14   406   1904.735       3.80674       3.994
   14   407   1850.025       3.80403       6.690
   14   408   1891.529       3.81174       5.036
   14   409   1819.853       3.82002       2.858
   14   410   1876.882       3.80985       2.905
   14   411   1848.428       3.79327       4.603
   14   412   1892.657       3.80445       3.377
   14   413   1815.220       3.79923       3.667
   14   414   1912.645       3.80610       4.177
   14   415   1844.934       3.80165       6.237
   14   416   1891.295       3.80428       3.909
   14   417   1849.791       3.80406       4.841
   14   418   1931.123       3.80564       3.940
   14   419   1852.148       3.79226       7.407
   14   420   1908.871       3.80804       4.397
   14   421   1880.726       3.79799       4.544
   14   422   1933.531       3.80579       3.448
   14   423   1831.801       3.81130       3.913
   14   424   1888.767       3.80845       5.065
   14   425   1836.039       3.80690       4.978
   14   426   1873.104       3.81801       2.359
   14   427   1843.928       3.79604       4.397
   14   428   1901.692       3.79092       4.986
   14   429   1856.947       3.79919       4.254
   14   430   1913.115       3.80647       3.599
   14   431   1861.735       3.80677       7.055
   14   432   1869.485       3.81047       4.111
   14   433   1809.014       3.79878       4.378
   14   434   1881.811       3.81874       3.191
   14   435   1845.855       3.79983       4.435
   14   436   1876.855       3.80984       4.058
   14   437   1849.821       3.80218       5.398
   14   438   1880.607       3.80528       4.971
   14   439   1825.111       3.78804       7.988
   14   440   1873.609       3.79517       6.263
   14   441   1856.403       3.79686       6.342
   14   442   1908.315       3.80094       3.374
   14   443   1873.295       3.78628       6.869
   14   444   1870.707       3.81522       3.859
   14   445   1864.326       3.79717       6.055
   14   446   1884.467       3.80670       4.553
   14   447   1819.652       3.79833       4.913
   14   448   1857.868       3.80608       5.700
   14   449   1884.257       3.78511       5.007
   14   450   1870.129       3.80590       3.541
   14   451   1829.937       3.79600       5.850
   14   452   1880.279       3.81106       4.672
   14   453   1867.630       3.78304       7.720
   14   454   1889.741       3.80630       5.867
   14   455   1850.325       3.79661       8.418
   14   456   1897.197       3.81683       4.176
   14   457   1867.517       3.80208       7.557
   14   458   1851.854       3.81402       5.563
   14   459   1844.304       3.79207       7.279
   14   460   1869.632       3.81557       3.155
   14   461   1859.434       3.80088       5.279
   14   462   1942.277       3.80707       3.402
   14   463   1851.370       3.79545       5.689
   14   464   1920.377       3.81243       3.681
   14   465   1822.494       3.80246       4.661
   14   466   1877.204       3.80572       4.359
   14   467   1831.637       3.79543       6.395
   14   468   1851.603       3.81508       6.287
   14   469   1805.952       3.81760       3.665
   14   470   1874.968       3.81478       3.045
   14   471   1827.856       3.80623       2.983
   14   472   1891.594       3.79397       3.835
   14   473   1835.163       3.80759       3.230
   14   474   1870.133       3.81308       4.225
   14   475   1849.926       3.80770       3.048
   14   476   1853.340       3.81635       2.951
   14   477   1810.909       3.79067       6.708
   14   478   1915.084       3.78216       5.468
   14   479   1829.798       3.79285       4.547
   14   480   1899.639       3.80168       5.150
   14   481   1870.700       3.79686       6.982
   14   482   1916.292       3.80781       6.127
   14   483   1892.735       3.78788       6.871
   14   484   1877.346       3.80642       5.552
   14   485   1846.621       3.79332       6.643
   14   486   1898.123       3.80670       3.303
   14   487   1849.012       3.79474       5.687
   14   488   1893.861       3.81070       3.226
   14   489   1855.679       3.80070       5.746
   14   490   1889.228       3.79787       4.027
   14   491   1845.852       3.79271       6.450
   14   492   1864.737       3.81544       4.364
   14   493   1795.522       3.81317       5.267
   14   494   1893.696       3.81677       4.438
   14   495   1868.206       3.81594       3.667
   14   496   1899.526       3.80247       3.611
   14   497   1817.901       3.79097       4.985
   14   498   1848.796       3.76377       2.980
   14   499   1773.072       3.75272       5.952
   14   500   1835.138       3.79115       5.144
   14   501   1826.388       3.78198       7.413
   14   502   1852.840       3.78303       6.642
   14   503   1789.367       3.79039      10.017
   14   504   1951.250       3.81964       4.900
   14   505   1830.730       3.80434       4.539
   14   506   1871.365       3.81627       4.705
   14   507   1843.694       3.79907       4.079
   14   508   1894.819       3.82597       4.323
   14   509   1910.750       3.79012       7.692
   14   510   1873.683       3.81597       4.389
   14   511   1841.043       3.80909       5.578
   14   512   1867.658       3.80738       3.992
   14   513   1852.953       3.80738       3.734
   14   514   1791.583       3.79038       6.192
   14   515   1868.278       3.78050       4.868
   14   516   1812.540       3.78831       4.471
   14   517   1849.537       3.77106       6.055
   14   518   1818.851       3.79632       5.593
   14   519   1852.228       3.77680       7.102
   14   520   1833.383       3.80416       5.575
   14   521   1825.846       3.79074       7.606
   14   522   1860.947       3.80800       5.278
   14   523   1760.575       3.80149       5.127
   14   524   1832.557       3.80328       3.719
   14   525   1807.907       3.78820       5.962
   14   526   1822.081       3.79260       5.145
   14   527   1852.595       3.78693       2.810
   14   528   1859.075       3.79802       3.486
   14   529   1863.087       3.78439       5.940
   14   530   1873.837       3.79442       5.609
   14   531   1804.527       3.78194       6.014
   14   532   1841.306       3.79782       5.746
   14   533   1871.847       3.78794       7.411
   14   534   1827.130       3.80663       4.691
   14   535   1813.362       3.81495       4.144
   14   536   1847.821       3.81378       2.039
   14   537   1834.160       3.78045       6.179
   14   538   1864.213       3.79073       4.211
   14   539   1837.920       3.78065       3.464
   14   540   1810.908       3.79371       4.506
   14   541   1831.227       3.79282       4.574
   14   542   1827.969       3.79458       6.812
   14   543   1857.923       3.78526       6.866
   14   544   1821.149       3.79603       3.164
   14   545   1855.843       3.79084       6.286
   14   546   1817.551       3.81189       4.639
   14   547   1859.154       3.79709       4.265
   14   548   1874.134       3.79902       4.286
   14   549   1839.134       3.79291       4.133
   14   550   1835.019       3.79996       3.834
   14   551   1808.750       3.79445       4.256
   14   552   1821.717       3.79394       4.740
   14   553   1812.814       3.79342       6.128
   14   554   1878.032       3.79533       6.110
   14   555   1833.513       3.79594       5.436
   14   556   1827.571       3.80626       4.110
   14   557   1827.684       3.80376       3.976
   14   558   1817.017       3.81012       5.447
   14   559   1848.588       3.79518       4.075
   14   560   1863.437       3.80477       2.396
   14   561   1837.212       3.78540       3.577
   14   562   1834.214       3.79612       3.132
   14   563   1824.434       3.78845       4.184
   14   564   1844.298       3.79174       4.904
   14   565   1817.196       3.79441       5.120
   14   566   1825.334       3.80338       6.230
   14   567   1830.620       3.81120       1.939
   14   568   1831.614       3.79961       4.715
   14   569   1847.949       3.79349       4.676
   14   570   1845.178       3.79334       4.924
   14   571   1830.965       3.78701       5.111
   14   572   1812.414       3.79213       3.879
   14   573   1842.091       3.78969       3.466
   14   574   1830.375       3.79810       3.405
   14   575   1846.546       3.77628       4.461
   14   576   1822.416       3.79952       4.338
   14   577   1835.377       3.79353       4.436
   14   578   1841.058       3.79863       5.667
   14   579   1844.889       3.78954       5.864
   14   580   1811.213       3.80903       5.309
   14   581   1825.399       3.80701       3.906
   14   582   1802.873       3.81169       3.972
   14   583   1842.707       3.79476       4.079
   14   584   1862.958       3.79704       4.871
   14   585   1814.854       3.81010       3.980
   14   586   1826.547       3.79233       4.248
   14   587   1857.860       3.78143       4.783
   14   588   1805.248       3.79632       3.878
   14   589   1836.776       3.76989       6.476
   14   590   1807.292       3.80066       3.442
   14   591   1837.779       3.79772       4.542
   14   592   1844.706       3.80447       5.100
   14   593   1856.566       3.79737       6.969
   14   594   1794.001       3.81592       2.912
   14   595   1828.588       3.79231       4.269
   14   596   1832.197       3.80057       2.977
   14   597   1857.729       3.78850       4.075
   14   598   1834.298       3.79668       2.895
   14   599   1839.531       3.78681       3.283
   14   600   1839.694       3.78840       4.482
   14   601   1833.528       3.78771       5.553
   14   602   1815.302       3.80371       4.390
   14   603   1843.513       3.79138       3.690
   14   604   1845.503       3.80496       5.053
   14   605   1797.800       3.80598       5.319
   14   606   1837.565       3.80294       5.322
   14   607   1857.455       3.80597       3.922
   14   608   1790.670       3.80700       3.542
   14   609   1827.329       3.78673       3.732
   14   610   1838.457       3.78786       2.717
   14   611   1839.371       3.78840       2.230
   14   612   1838.443       3.79093       4.840
   14   613   1815.065       3.78767       6.805
   14   614   1811.886       3.80801       5.568
   14   615   1833.978       3.80052       6.390
   14   616   1841.219       3.81715       4.082
   14   617   1784.554       3.80486       5.287
   14   618   1824.114       3.80724       4.767
   14   619   1829.058       3.79709       4.524
   14   620   1820.337       3.79800       3.311
   14   621   1853.337       3.79111       4.411
   14   622   1865.740       3.79275       3.912
   14   623   1829.136       3.77266       5.954
   14   624   1789.280       3.79438       6.251
   14   625   1821.826       3.78979       4.657
   14   626   1812.197       3.82010       4.095
   14   627   1844.892       3.80312       4.604
   14   628   1857.353       3.79272       3.772
   14   629   1818.465       3.78591       6.602
   14   630   1818.890       3.80240       4.250
   14   631   1833.240       3.79404       4.413
   14   632   1860.696       3.80417       3.467
   14   633   1852.299       3.79433       5.462
   14   634   1856.796       3.79178       4.014
   14   635   1817.217       3.77951       5.702
   14   636   1871.327       3.78815       6.263
   14   637   1849.356       3.79324       3.185
   14   638   1836.433       3.81270       5.441
   14   639   1858.833       3.79078       5.840
   14   640   1842.434       3.80469       4.892
   14   641   1825.108       3.79070       5.897
   14   642   1815.408       3.80308       5.433
   14   643   1808.068       3.79474       5.049
   14   644   1828.595       3.80656       3.311
   14   645   1836.804       3.78826       4.579
   14   646   1855.316       3.79881       3.736
   14   647   1835.746       3.78553       4.990
   14   648   1826.277       3.79890       5.667
   14   649   1821.729       3.78950       4.988
   14   650   1799.863       3.80781       4.907
   14   651   1838.259       3.79667       4.294
   14   652   1834.190       3.79878       4.151
   14   653   1826.621       3.78436       5.269
   14   654   1848.870       3.79589       5.576
   14   655   1812.414       3.79350       4.702
   14   656   1835.324       3.80381       4.163
   14   657   1815.954       3.79372       6.466
   14   658   1789.956       3.81592       3.943
   14   659   1835.626       3.79399       3.301
   14   660   1839.472       3.79526       2.982
   14   661   1807.927       3.77710       5.005
   14   662   1797.052       3.79034       5.391
   14   663   1826.357       3.78184       5.971
   14   664   1860.415       3.79903       4.381
   14   665   1831.579       3.79112       6.571
   14   666   1828.074       3.81303       5.941
   14   667   1864.727       3.79430       4.475
   14   668   1802.842       3.80302       2.915
   14   669   1805.908       3.79620       3.828
   14   670   1868.891       3.79530       2.559
   14   671   1837.996       3.78706       3.797
   14   672   1854.535       3.78752       4.226
   14   673   1814.896       3.79244       5.362
   14   674   1856.570       3.79347       5.002
   14   675   1838.514       3.78288       4.703
   14   676   1853.240       3.78763       5.065
   14   677   1858.846       3.78600       4.557
   14   678   1803.640       3.80336       4.591
   14   679   1840.833       3.78649       6.232
   14   680   1854.043       3.80796       5.586
   14   681   1821.363       3.80380       4.157
   14   682   1842.865       3.80441       3.683
   14   683   1811.176       3.80033       2.713
   14   684   1847.654       3.79662       3.389
   14   685   1818.062       3.79050       5.805
   14   686   1848.194       3.80831       4.119
   14   687   1852.296       3.81262       3.334
   14   688   1844.379       3.80519       3.293
   14   689   1835.489       3.79236       3.160
   14   690   1824.245       3.80132       3.452
   14   691   1847.182       3.79215       2.256
   14   692   1868.821       3.79886       1.647
   14   693   1845.784       3.77760       5.243
   14   694   1854.179       3.80084       3.347
   14   695   1861.084       3.78447       3.773
   14   696   1803.338       3.80068       4.095
   14   697   1834.196       3.78353       6.928
   14   698   1824.777       3.81107       7.577
   14   699   1854.594       3.79416       6.793
   14   700   1869.592       3.80396       2.950
   14   701   1792.282       3.79664       4.317
   14   702   1788.549       3.80584       4.626
   14   703   1834.594       3.79896       4.037
   14   704   1828.696       3.79961       4.468
   14   705   1842.648       3.79674       3.208
   14   706   1898.680       3.78883       5.811
   14   707   1814.169       3.80134       3.333
   14   708   1854.641       3.78539       5.558
   14   709   1890.309       3.78150       5.189
   14   710   1863.987       3.80795       2.663
   14   711   1822.740       3.79714       5.075
   14   712   1824.136       3.81115       5.539
   14   713   1805.190       3.80665       3.225
   14   714   1840.066       3.80718       5.193
   14   715   1846.710       3.78971       3.626
   14   716   1823.079       3.80535       3.833
   14   717   1795.324       3.79644       3.653
   14   718   1896.384       3.79234       2.959
   14   719   1844.104       3.79278       4.499
   14   720   1839.235       3.79078       4.105
   14   721   1799.897       3.78911       4.802
   14   722   1853.090       3.79290       4.490
   14   723   1882.814       3.78748       4.612
   14   724   1845.818       3.80216       4.552
   14   725   1839.961       3.78675       5.920
   14   726   1803.202       3.80364       4.874
   14   727   1841.270       3.79706       3.394
   14   728   1823.556       3.80708       3.866
   14   729   1776.039       3.79527       3.758
   14   730   1866.554       3.79864       5.052
   14   731   1833.040       3.78242       4.626
   14   732   1807.308       3.81248       3.263
   14   733   1839.385       3.79632       5.348
   14   734   1857.956       3.79861       4.063
   14   735   1846.705       3.79208       4.231
   14   736   1822.802       3.79466       6.278
   14   737   1807.370       3.80311       4.367
   14   738   1809.606       3.80177       4.824
   14   739   1834.243       3.79636       3.815
   14   740   1825.505       3.79484       2.762
   14   741   1841.379       3.78803       5.361
   14   742   1853.906       3.79931       3.582
   14   743   1848.391       3.78644       5.515
   14   744   1862.430       3.80746       2.398
   14   745   1831.349       3.78903       4.258
   14   746   1822.255       3.80004       6.523
   14   747   1882.800       3.79919       3.439
   14   748   1802.072       3.81060       3.447
   14   749   1863.590       3.79623       4.200
   14   750   1866.773       3.80530       5.642
   14   751   1825.218       3.79503       3.749
   14   752   1834.724       3.80047       3.245
   14   753   1813.318       3.78954       4.405
   14   754   1815.385       3.80594       2.650
   14   755   1827.126       3.79638       4.095
   14   756   1820.161       3.80905       4.327
   14   757   1840.152       3.78941       5.593
   14   758   1851.923       3.80390       3.893
   14   759   1848.409       3.79058       5.350
   14   760   1865.030       3.80565       3.836
   14   761   1840.787       3.80312       2.410
   14   762   1867.676       3.79478       4.350
   14   763   1814.023       3.79831       3.365
   14   764   1828.553       3.79208       4.690
   14   765   1875.309       3.78688       6.938
   14   766   1872.864       3.79421       6.276
   14   767   1823.325       3.79203       6.420
   14   768   1843.093       3.80851       1.614
   14   769   1817.922       3.79505       4.424
   14   770   1850.710       3.79522       7.588
   14   771   1818.212       3.79061       5.077
   14   772   1826.531       3.80769       3.773
   14   773   1877.150       3.79112       4.577
   14   774   1876.937       3.79600       5.749
   14   775   1873.548       3.79580       6.169
   14   776   1824.281       3.80860       6.029
   14   777   1829.363       3.80366       3.820
   14   778   1853.362       3.80761       3.989
   14   779   1827.013       3.79784       4.614
   14   780   1866.826       3.79290       6.864
   14   781   1865.989       3.78166       5.115
   14   782   1830.592       3.79653       4.371
   14   783   1853.519       3.78372       6.833
   14   784   1853.258       3.79527       4.717
   14   785   1838.384       3.77574       8.914
   14   786   1851.030       3.79767       4.518
   14   787   1849.875       3.80485       4.439
   14   788   1873.238       3.80045       3.138
   14   789   1860.310       3.79583       4.391
   14   790   1871.994       3.79862       4.277
   14   791   1870.762       3.79521       4.730
   14   792   1851.168       3.80050       3.086
   14   793   1834.929       3.79377       5.526
   14   794   1847.680       3.81547       2.631
   14   795   1818.254       3.80105       3.699
   14   796   1811.828       3.80289       2.992
   14   797   1885.615       3.77601       6.258
   14   798   1864.408       3.79963       4.965
   14   799   1822.346       3.79914       3.697
   14   800   1866.822       3.79539       5.080
   14   801   1846.362       3.79502       3.435
   14   802   1846.221       3.78757       5.169
   14   803   1820.055       3.80060       3.327
   14   804   1852.736       3.81817       2.884
   14   805   1798.598       3.79322       5.944
   14   806   1828.606       3.81024       4.013
   14   807   1843.344       3.80206       2.706
   14   808   1843.110       3.80908       2.302
   14   809   1817.862       3.80056       3.996
   14   810   1808.915       3.79687       4.759
   14   811   1829.265       3.79965       4.464
   14   812   1822.842       3.79928       3.921
   14   813   1854.306       3.80227       5.287
   14   814   1816.623       3.79711       3.905
   14   815   1831.124       3.79612       3.412
   14   816   1815.169       3.80590       2.616
   14   817   1814.837       3.79189       4.611
   14   818   1846.894       3.80470       4.132
   14   819   1824.671       3.80627       4.846
   14   820   1855.228       3.80457       4.769
   14   821   1818.001       3.79243       6.104
   14   822   1816.369       3.80068       3.374
   14   823   1815.416       3.79818       3.581
   14   824   1775.055       3.81890       4.411
   14   825   1820.495       3.79861       5.586
   14   826   1840.731       3.80310       5.359
   14   827   1829.964       3.79298       4.981
   14   828   1820.637       3.80179       3.867
   14   829   1824.604       3.79738       4.083
   14   830   1848.658       3.80625       2.543
   14   831   1848.113       3.78816       3.817
   14   832   1814.516       3.80385       3.126
   14   833   1824.743       3.79532       4.578
   14   834   1824.196       3.80760       5.862
   14   835   1820.679       3.78442       6.247
   14   836   1838.904       3.81271       2.893
   14   837   1863.899       3.79438       4.035
   14   838   1795.161       3.81173       3.116
   14   839   1810.883       3.79523       4.861
   14   840   1840.481       3.80786       3.877
   14   841   1824.575       3.80677       3.186
   14   842   1839.505       3.79714       3.872
   14   843   1834.870       3.78974       4.587
   14   844   1806.211       3.80310       4.254
   14   845   1826.257       3.79852       4.265
   14   846   1860.809       3.79333       4.716
   14   847   1805.680       3.79246       5.527
   14   848   1817.046       3.81949       3.307
   14   849   1813.314       3.79297       6.692
   14   850   1837.863       3.80401       3.913
   14   851   1837.274       3.80018       2.059
   14   852   1859.404       3.80808       3.149
   14   853   1810.158       3.80258       4.562
   14   854   1871.830       3.79203       4.730
   14   855   1785.920       3.80167       3.383
   14   856   1856.281       3.80740       3.416
   14   857   1860.172       3.79534       5.410
   14   858   1849.486       3.80803       4.727
   14   859   1836.660       3.80793       5.366
   14   860   1869.606       3.81384       4.798
   14   861   1812.937       3.80548       4.322
   14   862   1815.279       3.80879       3.599
   14   863   1849.536       3.79974       2.989
   14   864   1852.044       3.79890       3.642
   14   865   1851.418       3.78414       3.400
   14   866   1819.697       3.80451       4.268
   14   867   1827.929       3.80683       2.545
   14   868   1867.428       3.79796       5.562
   14   869   1824.950       3.78766       5.659
   14   870   1836.826       3.80119       5.571
   14   871   1832.735       3.79637       3.903
   14   872   1835.312       3.80309       4.687
   14   873   1843.504       3.79471       7.151
   14   874   1832.483       3.82476       3.018
   14   875   1818.267       3.80978       3.987
   14   876   1844.235       3.81420       3.955
   14   877   1837.786       3.79755       5.098
   14   878   1864.063       3.79499       3.824
   14   879   1850.189       3.79171       4.466
   14   880   1850.601       3.79934       3.351
   14   881   1827.679       3.79423       5.299
   14   882   1877.994       3.78849       8.730
   14   883   1834.786       3.80324       4.535
   14   884   1831.274       3.79987       4.980
   14   885   1828.652       3.79579       4.705
   14   886   1835.750       3.79521       5.599
   14   887   1846.743       3.78957       4.793
   14   888   1808.620       3.81308       4.095
   14   889   1851.382       3.79631       4.548
   14   890   1840.998       3.79693       3.640
   14   891   1818.513       3.78750       5.318
   14   892   1855.293       3.80646       3.231
   14   893   1860.135       3.78906       6.770
   14   894   1839.490       3.80911       4.428
   14   895   1833.466       3.79265       6.489
   14   896   1872.991       3.80630       2.695
   14   897   1814.942       3.79737       5.760
   14   898   1811.302       3.81357       3.056
   14   899   1827.342       3.80541       3.895
   14   900   1905.482       3.79218       3.204
   14   901   1804.588       3.81177       3.654
   14   902   1827.033       3.81066       3.624
   14   903   1889.134       3.77431       5.254
   14   904   1870.355       3.79012       5.891
   14   905   1822.941       3.79802       5.145
   14   906   1844.869       3.79896       4.004
   14   907   1813.000       3.80418       5.051
   14   908   1825.550       3.80854       5.655
   14   909   1851.924       3.79666       5.266
   14   910   1841.156       3.81406       4.351
   14   911   1787.136       3.80921       4.716
   14   912   1828.784       3.81272       2.966
   14   913   1847.332       3.79421       4.531
   14   914   1837.872       3.80403       2.923
   14   915   1809.236       3.80439       2.833
   14   916   1894.952       3.79254       4.256
   14   917   1852.087       3.79284       4.164
   14   918   1844.148       3.80155       5.278
   14   919   1881.852       3.78962       5.461
   14   920   1819.332       3.81272       4.107
   14   921   1848.948       3.80086       5.150
   14   922   1886.236       3.80554       5.825
   14   923   1824.547       3.80063       3.899
   14   924   1850.685       3.79359       3.985
   14   925   1839.938       3.79277       1.967
   14   926   1853.116       3.80152       2.606
   14   927   1837.847       3.79527       4.142
   14   928   1833.968       3.81329       3.132
   14   929   1832.905       3.79232       4.233
   14   930   1834.564       3.80990       4.033
   14   931   1812.743       3.80446       4.391
   14   932   1803.054       3.83004       2.522
   14   933   1818.136       3.81088       3.493
   14   934   1839.027       3.81559       2.449
   14   935   1863.001       3.80685       3.288
   14   936   1863.238       3.80065       3.941
   14   937   1876.864       3.78645       2.693
   14   938   1812.128       3.79687       5.103
   14   939   1830.150       3.78466       3.265
   14   940   1836.276       3.79392       3.846
   14   941   1832.016       3.79179       6.011
   14   942   1831.874       3.80304       4.894
   14   943   1844.379       3.79900       3.550
   14   944   1832.149       3.80164       2.688
   14   945   1845.535       3.78796       5.004
   14   946   1813.673       3.81003       3.929
   14   947   1811.131       3.80752       2.423
   14   948   1792.312       3.80710       5.319
   14   949   1831.141       3.80754       3.603
   14   950   1828.743       3.81399       4.414
   14   951   1852.651       3.80045       5.259
   14   952   1795.308       3.81368       3.065
   14   953   1824.478       3.79604       5.220
   14   954   1799.222       3.80492       3.516
   14   955   1843.102       3.80198       3.704
   14   956   1834.134       3.80563       3.442
   14   957   1835.503       3.79462       3.736
   14   958   1847.561       3.81136       4.613
   14   959   1817.081       3.79393       6.605
   14   960   1821.280       3.81888       2.428
   14   961   1839.114       3.80089       3.673
   14   962   1831.545       3.80238       2.683
   14   963   1850.363       3.79496       3.190
   14   964   1857.856       3.78956       5.479
   14   965   1824.187       3.80755       2.812
   14   966   1811.538       3.80565       5.685
   14   967   1854.739       3.79095       4.626
   14   968   1877.923       3.79591       5.210
   14   969   1852.205       3.79317       4.851
   14   970   1857.222       3.79695       5.232
   14   971   1818.385       3.80383       3.137
   14   972   1816.690       3.81028       4.225
   14   973   1828.296       3.79888       4.180
   14   974   1847.330       3.80409       4.867
   14   975   1822.292       3.80090       3.212
   14   976   1832.942       3.81630       3.475
   14   977   1845.828       3.80050       3.255
   14   978   1849.753       3.80645       6.464
   14   979   1821.153       3.80200       3.204
   14   980   1836.530       3.81175       4.623
   14   981   1832.459       3.79557       3.131
   14   982   1838.190       3.80859       4.597
   14   983   1821.056       3.80211       4.003
   14   984   1839.249       3.80628       2.165
   14   985   1850.583       3.80479       4.697
   14   986   1833.012       3.80764       4.862
   14   987   1808.157       3.80961       2.856
   14   988   1853.219       3.80422       3.592
   14   989   1817.619       3.80217       4.540
   14   990   1833.958       3.80905       3.114
   14   991   1794.598       3.79805       3.469
   14   992   1788.578       3.81645       2.344
   14   993   1814.557       3.79342       3.109
   14   994   1820.886       3.81262       4.179
   14   995   1821.658       3.79645       4.672
   14   996   1814.433       3.81488       4.137
   14   997   1822.266       3.79576       5.545
   14   998   1868.604       3.81106       4.372
   14   999   1824.676       3.80958       5.127
   14  1000   1798.379       3.80911       3.725
   14  1001   1833.853       3.81008       1.644
   14  1002   1829.957       3.79940       2.609
   14  1003   1818.683       3.79782       2.817
   14  1004   1857.961       3.79835       5.141
   14  1005   1866.028       3.80532       5.243
   14  1006   1865.515       3.81304       5.684
   14  1007   1821.803       3.81408       4.291
   14  1008   1853.914       3.81218       3.834
   14  1009   1851.635       3.80773       4.706
   14  1010   1781.053       3.80722       2.877
   14  1011   1824.557       3.79808       2.296
   14  1012   1792.168       3.81172       2.660
   14  1013   1806.273       3.79101       2.929
   14  1014   1857.104       3.79041       3.612
   14  1015   1844.643       3.77890       4.476
   14  1016   1841.124       3.78339       5.133
   14  1017   1869.014       3.77320       3.196
   14  1018   1793.343       3.80758       5.073
   14  1019   1826.863       3.79999       4.470
   14  1020   1813.050       3.81869       6.329
   14  1021   1810.903       3.81830       4.773
   14  1022   1814.980       3.84211       3.029
   14  1023   1877.948       3.81656       6.013
