   29     0   1921.375       3.79219       3.449
   29     1   1880.257       3.79575       2.652
   29     2   1924.623       3.78771       2.882
   29     3   1848.520       3.79748       2.526
   29     4   1903.769       3.79880       1.960
   29     5   1830.830       3.79723       3.632
   29     6   1929.887       3.81072       2.494
   29     7   1862.611       3.78894       4.733
   29     8   1909.932       3.81214       2.357
   29     9   1903.125       3.80146       3.756
   29    10   1972.785       3.80421       2.208
   29    11   1864.350       3.79072       3.564
   29    12   1929.073       3.79665       2.531
   29    13   1837.874       3.78825       2.914
   29    14   1901.718       3.80536       2.716
   29    15   1899.169       3.79385       3.395
   29    16   1952.425       3.80868       3.367
   29    17   1847.847       3.79377       2.789
   29    18   1901.695       3.80082       3.424
   29    19   1862.731       3.79119       3.033
   29    20   1946.284       3.79316       2.316
   29    21   1841.946       3.79675       3.166
   29    22   1883.689       3.80056       2.710
   29    23   1881.519       3.79654       2.247
   29    24   1889.843       3.80042       2.723
   29    25   1843.880       3.80220       2.786
   29    26   1953.259       3.79671       2.009
   29    27   1888.807       3.79194       3.272
   29    28   1927.890       3.79685       3.045
   29    29   1886.381       3.78648       3.182
   29    30   1898.964       3.80215       1.978
   29    31   1884.581       3.78129       3.471
   29    32   1923.333       3.80836       2.703
   29    33   1868.551       3.79562       2.038
   29    34   1896.862       3.79907       3.205
   29    35   1865.397       3.79896       2.017
   29    36   1929.197       3.79552       2.042
   29    37   1887.289       3.78390       2.597
   29    38   1963.496       3.80093       1.925
   29    39   1873.379       3.79132       3.403
   29    40   1913.339       3.80560       2.438
   29    41   1892.215       3.79017       3.355
   29    42   1945.473       3.80221       2.232
   29    43   1860.082       3.79825       2.428
   29    44   1942.355       3.80602       1.010
   29    45   1896.763       3.79560       3.535
   29    46   1912.476       3.80539       3.008
   29    47   1884.148       3.79126       1.622
   29    48   1933.656       3.79672       3.130
   29    49   1869.953       3.79886       3.078
   29    50   1908.323       3.80176       2.424
   29    51   1833.809       3.78554       3.536
   29    52   1926.588       3.81251       2.787
   29    53   1903.889       3.79171       3.609
   29    54   1908.979       3.81028       3.750
   29    55   1856.787       3.80065       2.772
   29    56   1909.342       3.80604       1.896
   29    57   1847.637       3.80917       1.879
   29    58   1917.390       3.80029       2.674
   29    59   1837.346       3.79756       1.203
   29    60   1940.300       3.79334       1.593
   29    61   1888.092       3.78301       2.382
   29    62   1897.031       3.79400       2.381
   29    63   1885.205       3.77080       4.806
   29    64   1940.079       3.78678       3.454
   29    65   1900.524       3.78847       4.560
   29    66   1936.637       3.80164       2.461
   29    67   1860.213       3.79969       3.191
   29    68   1918.553       3.80899       3.423
   29    69   1837.207       3.80503       2.235
   29    70   1922.061       3.81322       2.436
   29    71   1878.697       3.79898       3.312
   29    72   1909.797       3.81022       1.808
   29    73   1895.835       3.79234       3.430
   29    74   1943.194       3.80174       2.627
   29    75   1855.211       3.79157       2.083
   29    76   1925.325       3.79588       3.612
   29    77   1879.323       3.79772       2.786
   29    78   1908.281       3.81222       1.740
   29    79   1823.012       3.78664       3.468
   29    80   1951.800       3.79506       1.894
   29    81   1908.426       3.78425       3.037
   29    82   1928.625       3.79977       2.542
   29    83   1866.239       3.79621       2.891
   29    84   1920.398       3.79966       1.855
   29    85   1870.957       3.79254       0.889
   29    86   1956.108       3.78187       2.814
   29    87   1843.924       3.79670       2.078
   29    88   1897.949       3.80360       3.721
   29    89   1857.803       3.79730       3.541
   29    90   1956.520       3.80590       1.919
   29    91   1858.930       3.79566       2.623
   29    92   1911.666       3.80116       3.243
   29    93   1854.330       3.79260       3.619
   29    94   1908.598       3.80801       3.286
   29    95   1863.388       3.79760       2.018
   29    96   1902.242       3.79695       2.823
   29    97   1859.767       3.78563       3.990
   29    98   1944.782       3.79673       2.722
   29    99   1854.193       3.78190       3.342
   29   100   1880.495       3.78768       3.326
   29   101   1862.302       3.78527       3.293
   29   102   1939.069       3.78962       2.307
   29   103   1901.668       3.78122       4.659
   29   104   1902.836       3.80584       3.186
   29   105   1845.674       3.80695       2.102
   29   106   1942.774       3.80047       2.245
   29   107   1864.257       3.79835       2.225
   29   108   1931.472       3.79841       1.734
   29   109   1882.131       3.78432       2.904
   29   110   1947.507       3.80188       2.406
   29   111   1840.933       3.78817       2.820
   29   112   1920.164       3.79125       3.220
   29   113   1832.504       3.79300       3.698
   29   114   1871.229       3.81328       2.999
   29   115   1853.865       3.80262       2.012
   29   116   1910.398       3.79910       1.445
   29   117   1904.191       3.79089       1.664
   29   118   1879.895       3.80131       1.988
   29   119   1867.046       3.78797       1.856
   29   120   1948.710       3.80050       2.495
   29   121   1905.091       3.77764       3.247
   29   122   1913.352       3.80464       2.742
   29   123   1880.388       3.77862       3.669
   29   124   1932.207       3.80003       3.895
   29   125   1897.245       3.78363       2.234
   29   126   1943.007       3.79931       2.751
   29   127   1867.518       3.78866       2.572
   29   128   1915.336       3.79872       2.214
   29   129   1885.469       3.77942       4.590
   29   130   1895.879       3.78646       3.209
   29   131   1870.237       3.78325       3.157
   29   132   1905.877       3.79720       4.595
   29   133   1890.299       3.78988       2.980
   29   134   1943.039       3.79882       3.754
   29   135   1871.876       3.79191       5.639
   29   136   1960.883       3.80072       2.967
   29   137   1875.090       3.79416       3.548
   29   138   1923.146       3.79133       3.605
   29   139   1884.250       3.79545       2.686
   29   140   1923.063       3.79016       1.895
   29   141   1889.282       3.77783       4.216
   29   142   1937.048       3.80470       1.969
   29   143   1850.810       3.79577       2.779
   29   144   1914.472       3.78835       3.854
   29   145   1893.763       3.78424       3.758
   29   146   1912.729       3.80925       1.882
   29   147   1870.517       3.78362       3.445
   29   148   1942.475       3.78758       2.684
   29   149   1866.435       3.78652       4.317
   29   150   1911.662       3.80430       2.552
   29   151   1832.259       3.78893       3.103
   29   152   1892.339       3.79953       2.976
   29   153   1879.512       3.78388       3.653
   29   154   1936.933       3.80007       2.287
   29   155   1832.531       3.79453       2.642
   29   156   1930.695       3.80814       2.310
   29   157   1893.762       3.79941       2.915
   29   158   1927.018       3.80316       2.153
   29   159   1851.618       3.79240       1.816
   29   160   1918.913       3.79119       2.203
   29   161   1852.825       3.78581       2.208
   29   162   1928.399       3.79128       2.057
   29   163   1863.233       3.77987       3.554
   29   164   1930.021       3.79965       1.271
   29   165   1904.407       3.78129       3.274
   29   166   1944.087       3.79692       2.187
   29   167   1856.704       3.78801       2.936
   29   168   1923.685       3.80299       2.901
   29   169   1902.323       3.78780       3.218
   29   170   1901.661       3.79945       2.500
   29   171   1847.501       3.80080       2.768
   29   172   1936.883       3.80263       2.742
   29   173   1844.386       3.79994       3.372
   29   174   1929.308       3.79429       2.508
   29   175   1876.408       3.78574       3.547
   29   176   1906.117       3.80285       2.276
   29   177   1871.272       3.79042       2.947
   29   178   1941.888       3.80102       2.569
   29   179   1898.037       3.79987       2.454
   29   180   1927.173       3.78840       2.238
   29   181   1893.558       3.78383       2.777
   29   182   1923.057       3.79125       3.354
   29   183   1891.369       3.78070       3.952
   29   184   1878.338       3.79984       2.162
   29   185   1887.973       3.78823       3.099
   29   186   1942.383       3.79531       2.725
   29   187   1847.968       3.78504       3.284
   29   188   1929.292       3.80147       1.963
   29   189   1869.604       3.79727       2.888
   29   190   1945.672       3.79709       2.330
   29   191   1843.809       3.78634       2.761
   29   192   1949.330       3.79201       2.787
   29   193   1848.171       3.78497       2.784
   29   194   1960.540       3.79264       2.560
   29   195   1838.620       3.79775       1.873
   29   196   1917.135       3.81765       2.257
   29   197   1919.271       3.79160       3.074
   29   198   1939.169       3.80168       4.706
   29   199   1866.390       3.79356       2.400
   29   200   1917.867       3.79889       3.538
   29   201   1885.812       3.79547       2.559
   29   202   1918.913       3.78902       2.300
   29   203   1891.692       3.77449       2.488
   29   204   1908.291       3.78801       3.089
   29   205   1918.431       3.77093       4.081
   29   206   1940.150       3.78302       3.544
   29   207   1868.870       3.77823       4.130
   29   208   1954.885       3.80092       2.567
   29   209   1885.042       3.78894       4.251
   29   210   1943.948       3.80249       2.607
   29   211   1907.747       3.78569       2.452
   29   212   1926.106       3.80499       3.050
   29   213   1871.830       3.78358       2.369
   29   214   1915.645       3.79614       2.207
   29   215   1849.954       3.79707       3.759
   29   216   1921.297       3.80642       2.537
   29   217   1852.763       3.78830       3.362
   29   218   1933.680       3.78866       2.088
   29   219   1872.470       3.78121       3.277
   29   220   1935.549       3.79323       2.493
   29   221   1851.292       3.79474       2.099
   29   222   1929.897       3.79083       2.627
   29   223   1892.214       3.78288       3.004
   29   224   1928.582       3.80442       3.204
   29   225   1881.189       3.78306       3.667
   29   226   1967.323       3.79599       1.911
   29   227   1892.209       3.78680       2.807
   29   228   1967.823       3.78491       2.354
   29   229   1893.644       3.79360       1.985
   29   230   1953.899       3.79003       1.852
   29   231   1907.545       3.77650       3.029
   29   232   1924.103       3.80633       2.305
   29   233   1858.928       3.79446       3.461
   29   234   1932.359       3.80377       2.676
   29   235   1885.679       3.78033       4.167
   29   236   1939.193       3.79976       1.924
   29   237   1910.812       3.78464       2.851
   29   238   1927.056       3.78190       1.958
   29   239   1861.559       3.78954       2.507
   29   240   1918.480       3.79525       3.054
   29   241   1890.474       3.79029       3.374
   29   242   1949.062       3.79035       3.348
   29   243   1879.505       3.80482       2.448
   29   244   1971.125       3.79595       2.271
   29   245   1853.039       3.79053       3.392
   29   246   1945.141       3.79169       2.347
   29   247   1883.004       3.78940       1.932
   29   248   1944.658       3.78972       1.646
   29   249   1836.788       3.79145       2.890
   29   250   1873.446       3.79723       2.799
   29   251   1877.224       3.79795       3.364
   29   252   1914.008       3.79741       3.893
   29   253   1893.444       3.77276       4.069
   29   254   1928.876       3.79588       2.735
   29   255   1902.501       3.78074       2.963
   29   256   1928.838       3.79851       3.349
   29   257   1873.489       3.79017       3.472
   29   258   1944.279       3.80480       3.229
   29   259   1904.160       3.78162       2.960
   29   260   1925.864       3.79672       2.955
   29   261   1824.058       3.80482       2.882
   29   262   1931.723       3.79635       2.368
   29   263   1846.418       3.79343       2.992
   29   264   1939.104       3.80227       3.389
   29   265   1914.419       3.78832       3.606
   29   266   1887.426       3.80070       2.593
   29   267   1874.637       3.78784       3.620
   29   268   1894.779       3.80084       2.361
   29   269   1890.626       3.77936       4.145
   29   270   1932.523       3.79499       2.925
   29   271   1844.823       3.79078       2.638
   29   272   1938.736       3.79672       2.220
   29   273   1858.002       3.79186       3.219
   29   274   1926.525       3.80743       3.779
   29   275   1865.271       3.79262       3.962
   29   276   1897.152       3.80990       2.594
   29   277   1882.608       3.80002       2.342
   29   278   1898.718       3.79903       2.650
   29   279   1835.282       3.79557       3.027
   29   280   1912.983       3.79875       2.372
   29   281   1867.955       3.79833       2.075
   29   282   1943.906       3.78938       1.631
   29   283   1855.719       3.78813       2.625
   29   284   1946.880       3.79219       2.869
   29   285   1915.554       3.77788       4.117
   29   286   1963.667       3.79577       1.845
   29   287   1860.976       3.78812       3.636
   29   288   1935.685       3.79444       3.192
   29   289   1866.448       3.79812       2.632
   29   290   1911.390       3.79920       2.582
   29   291   1876.604       3.79091       2.873
   29   292   1902.749       3.79675       2.077
   29   293   1848.772       3.79543       3.105
   29   294   1910.404       3.79154       2.471
   29   295   1876.844       3.79017       3.367
   29   296   1926.719       3.79401       1.850
   29   297   1878.145       3.78432       2.799
   29   298   1947.441       3.79287       1.858
   29   299   1860.022       3.78266       3.283
   29   300   1944.521       3.80098       2.542
   29   301   1875.844       3.79023       2.756
   29   302   1885.981       3.79431       2.528
   29   303   1849.698       3.78791       3.568
   29   304   1928.109       3.79204       2.433
   29   305   1910.413       3.77751       3.788
   29   306   1954.143       3.80020       1.497
   29   307   1850.662       3.79574       2.451
   29   308   1903.089       3.79748       4.353
   29   309   1905.117       3.79187       3.810
   29   310   1900.863       3.80971       2.330
   29   311   1871.141       3.79307       2.321
   29   312   1926.019       3.79513       2.194
   29   313   1865.915       3.78838       3.159
   29   314   1897.251       3.80580       1.390
   29   315   1849.890       3.79679       2.388
   29   316   1970.070       3.79365       1.983
   29   317   1859.320       3.78717       3.086
   29   318   1894.574       3.79772       2.328
   29   319   1886.692       3.78453       2.225
   29   320   1930.085       3.79478       2.369
   29   321   1880.416       3.79378       3.239
   29   322   1892.676       3.80635       2.758
   29   323   1879.287       3.78493       3.317
   29   324   1960.689       3.79560       2.897
   29   325   1867.801       3.78626       3.252
   29   326   1943.595       3.79859       2.898
   29   327   1860.620       3.79536       1.674
   29   328   1910.144       3.79291       2.741
   29   329   1908.203       3.78482       2.999
   29   330   1901.253       3.79547       2.331
   29   331   1843.008       3.78226       4.278
   29   332   1912.783       3.80142       4.024
   29   333   1871.203       3.79746       3.588
   29   334   1905.750       3.81049       3.127
   29   335   1836.571       3.79246       2.226
   29   336   1935.901       3.78986       2.051
   29   337   1857.018       3.78033       2.887
   29   338   1933.888       3.79167       2.535
   29   339   1915.209       3.77315       3.423
   29   340   1915.209       3.78757       4.404
   29   341   1866.818       3.79007       3.937
   29   342   1932.835       3.79440       3.187
   29   343   1871.500       3.77775       3.769
   29   344   1911.665       3.80825       2.330
   29   345   1854.472       3.79784       2.014
   29   346   1921.151       3.81085       1.804
   29   347   1876.389       3.78675       3.062
   29   348   1909.541       3.80012       1.738
   29   349   1848.733       3.79511       2.231
   29   350   1934.235       3.80446       2.423
   29   351   1877.428       3.79227       2.332
   29   352   1874.501       3.80613       2.092
   29   353   1905.973       3.77684       3.521
   29   354   1922.857       3.78223       2.279
   29   355   1896.225       3.77641       3.250
   29   356   1894.064       3.78493       3.254
   29   357   1868.320       3.77657       2.767
   29   358   1894.881       3.79215       3.521
   29   359   1905.471       3.78130       4.510
   29   360   1914.630       3.80706       2.086
   29   361   1918.584       3.78321       4.525
   29   362   1949.024       3.80081       2.095
   29   363   1857.041       3.79207       3.098
   29   364   1927.933       3.79788       2.339
   29   365   1823.173       3.79875       1.905
   29   366   1948.278       3.80030       2.902
   29   367   1888.228       3.79351       2.359
   29   368   1951.377       3.79042       2.406
   29   369   1854.694       3.79325       3.264
   29   370   1864.686       3.79508       2.790
   29   371   1839.910       3.78591       1.464
   29   372   1926.336       3.78725       3.252
   29   373   1854.892       3.78690       3.580
   29   374   1937.159       3.78722       4.879
   29   375   1864.136       3.78245       2.818
   29   376   1906.248       3.79940       2.885
   29   377   1886.663       3.78625       3.341
   29   378   1938.384       3.80905       2.594
   29   379   1864.738       3.80218       1.776
   29   380   1939.961       3.81282       3.405
   29   381   1852.511       3.80103       1.977
   29   382   1944.944       3.80669       2.654
   29   383   1880.514       3.78604       2.555
   29   384   1894.127       3.79214       3.433
   29   385   1856.395       3.78059       2.920
   29   386   1889.062       3.78317       2.485
   29   387   1883.541       3.77076       4.504
   29   388   1892.383       3.78803       3.345
   29   389   1893.817       3.78914       4.145
   29   390   1954.083       3.79242       3.606
   29   391   1859.994       3.78194       4.003
   29   392   1887.055       3.80363       2.034
   29   393   1891.590       3.78893       3.199
   29   394   1904.855       3.80035       3.354
   29   395   1843.165       3.78794       3.683
   29   396   1934.237       3.79629       3.615
   29   397   1883.862       3.78588       4.187
   29   398   1911.284       3.77867       3.655
   29   399   1856.793       3.76690       4.160
   29   400   1917.657       3.79384       1.734
   29   401   1885.568       3.77970       4.031
   29   402   1907.310       3.78968       2.635
   29   403   1862.111       3.78271       3.846
   29   404   1942.473       3.78575       4.219
   29   405   1856.422       3.78950       5.221
   29   406   1928.675       3.79577       3.257
   29   407   1903.965       3.78723       4.134
   29   408   1955.927       3.79098       2.327
   29   409   1885.106       3.77962       2.719
   29   410   1942.574       3.78236       3.022
   29   411   1872.075       3.78631       2.759
   29   412   1920.094       3.79021       3.478
   29   413   1876.175       3.77971       2.800
   29   414   1925.445       3.79249       2.365
   29   415   1839.972       3.77682       3.654
   29   416   1916.624       3.78984       3.340
   29   417   1865.893       3.77784       4.435
   29   418   1905.323       3.79289       3.324
   29   419   1852.420       3.78357       5.361
   29   420   1930.645       3.80397       2.930
   29   421   1915.107       3.78951       5.853
   29   422   1932.883       3.80493       3.422
   29   423   1879.511       3.78665       2.641
   29   424   1935.704       3.80137       2.471
   29   425   1908.062       3.78844       3.053
   29   426   1899.010       3.79581       2.221
   29   427   1909.758       3.77484       2.192
   29   428   1950.787       3.78190       2.585
   29   429   1898.906       3.77538       4.173
   29   430   1930.536       3.80282       2.336
   29   431   1893.613       3.78481       3.661
   29   432   1969.176       3.78461       2.123
   29   433   1899.863       3.78225       3.279
   29   434   1956.524       3.77948       2.667
   29   435   1861.424       3.79076       2.728
   29   436   1901.604       3.79661       1.682
   29   437   1864.081       3.78932       3.201
   29   438   1879.260       3.80210       1.508
   29   439   1866.514       3.78327       3.792
   29   440   1969.547       3.79323       3.936
   29   441   1845.997       3.79954       2.846
   29   442   1898.783       3.79928       1.702
   29   443   1830.398       3.79127       2.451
   29   444   1921.587       3.79091       2.418
   29   445   1854.677       3.78538       1.834
   29   446   1905.710       3.79431       2.024
   29   447   1844.126       3.77289       4.622
   29   448   1932.697       3.79619       1.565
   29   449   1860.547       3.78465       3.532
   29   450   1918.973       3.77908       3.351
   29   451   1850.895       3.77943       3.224
   29   452   1894.009       3.80838       2.346
   29   453   1847.855       3.79492       3.524
   29   454   1926.840       3.80138       3.101
   29   455   1848.419       3.78538       3.001
   29   456   1914.632       3.79684       2.082
   29   457   1887.751       3.79531       2.871
   29   458   1883.538       3.80544       2.602
   29   459   1891.151       3.77943       2.961
   29   460   1917.576       3.80335       1.853
   29   461   1882.108       3.78338       2.527
   29   462   1914.629       3.78570       3.875
   29   463   1872.815       3.77913       2.671
   29   464   1934.512       3.78833       2.777
   29   465   1877.166       3.78488       4.692
   29   466   1915.838       3.78766       3.651
   29   467   1863.147       3.79526       2.941
   29   468   1954.607       3.79351       1.780
   29   469   1885.858       3.78247       4.578
   29   470   1885.534       3.79721       2.675
   29   471   1912.066       3.78768       4.073
   29   472   1901.408       3.80525       2.065
   29   473   1868.642       3.79251       3.623
   29   474   1956.050       3.78679       1.863
   29   475   1874.357       3.78148       1.994
   29   476   1940.974       3.78327       2.685
   29   477   1892.182       3.77344       3.617
   29   478   1923.810       3.78456       2.887
   29   479   1912.894       3.78730       3.823
   29   480   1917.188       3.80016       3.160
   29   481   1864.306       3.79045       4.064
   29   482   1934.284       3.78621       2.464
   29   483   1894.072       3.78330       2.886
   29   484   1910.127       3.79880       1.938
   29   485   1861.792       3.78739       1.947
   29   486   1936.030       3.80511       2.610
   29   487   1825.770       3.78874       2.759
   29   488   1925.535       3.79847       3.712
   29   489   1855.303       3.79735       2.773
   29   490   1929.155       3.79903       2.772
   29   491   1866.063       3.78691       3.655
   29   492   1922.095       3.80272       3.133
   29   493   1882.558       3.79308       2.867
   29   494   1916.340       3.79418       3.008
   29   495   1895.258       3.79027       2.960
   29   496   1929.612       3.79080       1.441
   29   497   1913.715       3.77900       2.033
   29   498   1867.027       3.75522       2.384
   29   499   1841.732       3.74258       3.582
   29   500   1866.331       3.78545       3.070
   29   501   1785.426       3.77802       2.809
   29   502   1851.887       3.78230       2.420
   29   503   1804.302       3.77948       5.559
   29   504   1943.756       3.80673       2.216
   29   505   1860.487       3.79410       2.588
   29   506   1914.817       3.81386       2.625
   29   507   1853.101       3.79923       2.569
   29   508   1920.903       3.79835       3.066
   29   509   1874.602       3.79751       3.041
   29   510   1927.346       3.81168       2.372
   29   511   1864.636       3.79402       2.864
   29   512   1850.896       3.79515       2.304
   29   513   1877.824       3.78033       2.773
   29   514   1840.666       3.78907       1.830
   29   515   1878.871       3.78523       2.354
   29   516   1833.833       3.78964       2.411
   29   517   1886.478       3.77064       2.988
   29   518   1860.892       3.77757       2.969
   29   519   1846.878       3.77481       3.685
   29   520   1868.947       3.78722       3.217
   29   521   1890.609       3.77057       2.588
   29   522   1874.011       3.78495       2.676
   29   523   1850.673       3.78894       2.207
   29   524   1864.854       3.79142       3.037
   29   525   1828.283       3.77773       1.936
   29   526   1871.929       3.79844       2.004
   29   527   1882.631       3.78072       2.504
   29   528   1834.770       3.78663       2.625
   29   529   1868.027       3.78241       2.117
   29   530   1845.744       3.78629       2.065
   29   531   1870.560       3.77729       1.893
   29   532   1865.006       3.77523       2.578
   29   533   1853.345       3.79112       1.775
   29   534   1872.189       3.79761       2.571
   29   535   1845.999       3.79549       3.118
   29   536   1851.486       3.78993       2.444
   29   537   1839.528       3.77720       2.931
   29   538   1895.580       3.78295       2.410
   29   539   1853.820       3.77459       3.030
   29   540   1842.696       3.78376       2.630
   29   541   1883.454       3.76659       2.123
   29   542   1869.880       3.77331       3.202
   29   543   1884.918       3.76824       3.572
   29   544   1828.990       3.78932       2.981
   29   545   1861.666       3.77308       3.185
   29   546   1881.525       3.79287       1.350
   29   547   1861.875       3.77943       2.298
   29   548   1846.593       3.77593       2.178
   29   549   1854.431       3.77457       2.253
   29   550   1883.281       3.77734       2.820
   29   551   1885.218       3.77819       2.462
   29   552   1855.285       3.79244       3.564
   29   553   1849.169       3.78073       2.850
   29   554   1846.074       3.78347       2.735
   29   555   1839.510       3.78466       2.356
   29   556   1830.985       3.79441       2.021
   29   557   1847.051       3.78402       2.335
   29   558   1870.338       3.78161       2.708
   29   559   1909.229       3.77312       3.643
   29   560   1857.153       3.79133       2.811
   29   561   1801.768       3.78424       1.965
   29   562   1842.413       3.79193       1.907
   29   563   1845.482       3.78047       3.461
   29   564   1851.178       3.79380       2.314
   29   565   1855.017       3.77778       1.958
   29   566   1847.175       3.79535       2.891
   29   567   1862.333       3.77950       2.638
   29   568   1872.794       3.79739       1.366
   29   569   1890.684       3.77598       2.285
   29   570   1854.792       3.78675       1.751
   29   571   1885.679       3.76790       3.531
   29   572   1874.908       3.77382       3.590
   29   573   1830.439       3.78411       2.669
   29   574   1852.621       3.78073       1.878
   29   575   1858.309       3.77230       2.819
   29   576   1843.887       3.77478       3.728
   29   577   1838.626       3.77306       2.514
   29   578   1855.990       3.78500       2.531
   29   579   1872.630       3.77798       3.818
   29   580   1844.447       3.78457       3.842
   29   581   1845.197       3.78757       1.984
   29   582   1864.144       3.77160       2.876
   29   583   1825.543       3.77984       2.965
   29   584   1856.427       3.78936       2.840
   29   585   1841.002       3.77883       4.319
   29   586   1855.445       3.79597       2.970
   29   587   1862.976       3.78962       3.722
   29   588   1877.256       3.79385       1.378
   29   589   1866.690       3.78432       1.306
   29   590   1836.458       3.78420       2.041
   29   591   1876.248       3.77200       3.262
   29   592   1864.678       3.78217       2.408
   29   593   1850.929       3.76842       3.313
   29   594   1910.909       3.77176       3.544
   29   595   1851.828       3.77352       5.320
   29   596   1874.184       3.78804       3.711
   29   597   1880.841       3.77299       4.058
   29   598   1851.401       3.79075       2.829
   29   599   1876.542       3.78116       2.531
   29   600   1876.170       3.79313       2.714
   29   601   1870.852       3.78538       1.738
   29   602   1874.976       3.78387       2.258
   29   603   1884.813       3.77946       3.073
   29   604   1847.028       3.79317       2.661
   29   605   1860.937       3.79003       2.088
   29   606   1911.091       3.77282       3.871
   29   607   1851.868       3.77810       2.559
   29   608   1821.776       3.77917       1.913
   29   609   1882.692       3.77488       2.578
   29   610   1893.799       3.78492       2.472
   29   611   1810.324       3.77939       2.942
   29   612   1848.236       3.78831       3.725
   29   613   1867.084       3.77699       2.453
   29   614   1858.862       3.77966       2.706
   29   615   1839.751       3.78339       2.347
   29   616   1857.293       3.79184       2.591
   29   617   1884.624       3.78099       3.736
   29   618   1878.311       3.78023       3.068
   29   619   1844.837       3.78297       2.648
   29   620   1896.680       3.78408       3.305
   29   621   1847.323       3.77147       2.423
   29   622   1859.512       3.79337       2.143
   29   623   1894.160       3.77513       2.977
   29   624   1880.789       3.78592       2.052
   29   625   1855.799       3.78424       3.036
   29   626   1884.224       3.78899       1.936
   29   627   1869.559       3.77596       3.201
   29   628   1876.760       3.78812       1.999
   29   629   1873.770       3.78146       3.535
   29   630   1850.948       3.79653       1.571
   29   631   1823.376       3.79472       1.442
   29   632   1838.357       3.78200       2.096
   29   633   1875.194       3.77451       2.468
   29   634   1874.762       3.78340       1.575
   29   635   1862.234       3.76314       2.909
   29   636   1874.795       3.77506       1.958
   29   637   1854.413       3.77788       3.067
   29   638   1863.836       3.77705       4.310
   29   639   1862.502       3.77642       4.187
   29   640   1848.741       3.79446       2.884
   29   641   1874.201       3.78336       2.221
   29   642   1823.716       3.79910       2.540
   29   643   1836.205       3.78623       1.637
   29   644   1847.911       3.78709       1.970
   29   645   1875.610       3.77208       1.955
   29   646   1864.385       3.78831       1.992
   29   647   1847.668       3.76665       2.978
   29   648   1907.905       3.77715       3.192
   29   649   1831.847       3.78928       1.948
   29   650   1873.185       3.78948       2.617
   29   651   1862.928       3.77689       3.803
   29   652   1901.885       3.79146       3.715
   29   653   1862.359       3.78882       2.527
   29   654   1835.137       3.79584       1.965
   29   655   1840.993       3.78598       2.236
   29   656   1848.691       3.78468       2.478
   29   657   1849.526       3.77149       2.307
   29   658   1882.795       3.77691       2.287
   29   659   1834.814       3.77188       2.040
   29   660   1895.157       3.78246       3.550
   29   661   1904.258       3.77458       2.789
   29   662   1873.241       3.78590       2.942
   29   663   1915.170       3.77066       2.933
   29   664   1911.579       3.78168       3.352
   29   665   1837.598       3.77760       3.594
   29   666   1848.410       3.79717       2.032
   29   667   1910.184       3.79241       2.353
   29   668   1838.243       3.79232       2.309
   29   669   1832.717       3.79631       2.016
   29   670   1882.064       3.78290       1.937
   29   671   1880.088       3.77239       2.984
   29   672   1863.148       3.79047       1.918
   29   673   1872.700       3.77935       2.784
   29   674   1870.770       3.78765       2.075
   29   675   1832.545       3.77649       2.577
   29   676   1883.168       3.78890       3.932
   29   677   1896.117       3.77536       2.583
   29   678   1900.749       3.79286       2.767
   29   679   1856.829       3.78189       4.233
   29   680   1909.091       3.79001       2.958
   29   681   1873.669       3.77627       3.478
   29   682   1850.625       3.78896       3.285
   29   683   1892.576       3.77568       2.981
   29   684   1869.873       3.78586       2.612
   29   685   1839.646       3.78592       1.588
   29   686   1873.508       3.79123       2.226
   29   687   1912.733       3.77576       2.531
   29   688   1890.785       3.77977       2.386
   29   689   1892.442       3.77095       2.369
   29   690   1872.504       3.78760       2.166
   29   691   1845.417       3.79041       1.800
   29   692   1892.176       3.77848       2.606
   29   693   1861.284       3.79520       2.959
   29   694   1868.525       3.79124       2.559
   29   695   1853.655       3.78610       3.103
   29   696   1886.790       3.78901       2.009
   29   697   1888.206       3.76423       1.921
   29   698   1910.565       3.78236       2.212
   29   699   1888.892       3.77947       3.535
   29   700   1809.561       3.78443       4.144
   29   701   1863.516       3.78008       2.092
   29   702   1902.435       3.78142       3.768
   29   703   1835.262       3.78409       3.480
   29   704   1863.735       3.79133       2.504
   29   705   1841.250       3.78461       2.466
   29   706   1894.958       3.78738       3.005
   29   707   1887.830       3.78383       2.434
   29   708   1876.488       3.77882       2.755
   29   709   1873.982       3.77753       3.223
   29   710   1862.630       3.78846       1.747
   29   711   1863.351       3.76911       3.475
   29   712   1866.696       3.77584       3.145
   29   713   1853.518       3.77233       3.012
   29   714   1856.987       3.78772       2.615
   29   715   1919.300       3.77946       4.064
   29   716   1878.240       3.79877       3.636
   29   717   1843.084       3.79127       2.843
   29   718   1898.199       3.78155       3.271
   29   719   1871.512       3.78426       1.833
   29   720   1887.855       3.77537       2.019
   29   721   1851.854       3.77973       1.583
   29   722   1880.104       3.78552       2.313
   29   723   1867.656       3.77814       2.497
   29   724   1899.779       3.78341       1.923
   29   725   1892.617       3.78282       1.841
   29   726   1834.967       3.79182       2.387
   29   727   1881.828       3.77671       4.328
   29   728   1832.513       3.79068       2.717
   29   729   1849.951       3.78048       2.819
   29   730   1859.266       3.79096       4.008
   29   731   1843.737       3.78266       3.286
   29   732   1854.820       3.79351       2.163
   29   733   1864.916       3.78227       2.448
   29   734   1893.351       3.78259       2.459
   29   735   1873.973       3.77826       3.223
   29   736   1854.717       3.78805       1.606
   29   737   1830.827       3.77832       2.108
   29   738   1895.045       3.78401       3.172
   29   739   1889.753       3.77291       3.422
   29   740   1861.081       3.79035       3.544
   29   741   1872.876       3.77814       3.072
   29   742   1889.810       3.78516       2.326
   29   743   1895.337       3.77951       2.802
   29   744   1871.832       3.79275       2.315
   29   745   1866.835       3.79577       2.157
   29   746   1840.244       3.79591       2.817
   29   747   1888.552       3.78128       2.730
   29   748   1839.201       3.78769       2.100
   29   749   1849.343       3.78004       2.624
   29   750   1846.851       3.78483       1.886
   29   751   1882.143       3.76607       2.227
   29   752   1884.681       3.78366       3.154
   29   753   1893.401       3.77458       4.024
   29   754   1874.039       3.78804       2.258
   29   755   1857.112       3.79129       2.051
   29   756   1881.843       3.79055       2.927
   29   757   1869.447       3.77836       2.455
   29   758   1848.133       3.79181       2.824
   29   759   1867.523       3.78528       2.037
   29   760   1883.158       3.78190       2.321
   29   761   1875.469       3.77068       2.907
   29   762   1904.411       3.77917       2.893
   29   763   1858.407       3.78696       4.063
   29   764   1898.790       3.78487       3.036
   29   765   1856.609       3.77462       3.549
   29   766   1868.559       3.77937       2.964
   29   767   1887.080       3.77965       2.344
   29   768   1835.334       3.78714       3.688
   29   769   1855.117       3.78114       2.714
   29   770   1856.494       3.79300       1.251
   29   771   1848.601       3.78617       2.432
   29   772   1875.628       3.79009       2.812
   29   773   1831.962       3.78641       2.629
   29   774   1881.654       3.79369       2.812
   29   775   1874.983       3.78390       2.850
   29   776   1900.528       3.78720       2.442
   29   777   1910.167       3.76829       3.030
   29   778   1896.063       3.78463       2.393
   29   779   1822.595       3.77983       3.545
   29   780   1887.753       3.78269       2.557
   29   781   1863.327       3.78541       2.712
   29   782   1848.287       3.79114       2.584
   29   783   1859.034       3.77815       3.459
   29   784   1872.985       3.78121       2.929
   29   785   1878.789       3.78787       1.505
   29   786   1867.824       3.78893       3.114
   29   787   1827.025       3.79260       3.226
   29   788   1875.747       3.79403       3.010
   29   789   1853.717       3.78881       2.035
   29   790   1842.138       3.80221       1.489
   29   791   1848.311       3.78739       1.392
   29   792   1875.330       3.78255       2.010
   29   793   1862.115       3.77884       2.085
   29   794   1851.064       3.78814       3.111
   29   795   1855.673       3.78624       3.390
   29   796   1851.447       3.79018       2.554
   29   797   1870.753       3.77874       3.394
   29   798   1831.136       3.79243       2.507
   29   799   1826.125       3.78414       2.564
   29   800   1887.368       3.80325       2.847
   29   801   1892.639       3.79043       2.289
   29   802   1891.486       3.78671       1.745
   29   803   1866.638       3.78636       2.249
   29   804   1880.491       3.78443       2.117
   29   805   1891.117       3.77770       2.747
   29   806   1862.754       3.78925       1.939
   29   807   1859.393       3.77987       2.513
   29   808   1895.166       3.78362       2.855
   29   809   1869.372       3.77658       2.582
   29   810   1914.567       3.78310       2.647
   29   811   1828.046       3.78787       2.846
   29   812   1878.502       3.79588       2.136
   29   813   1875.096       3.77074       3.071
   29   814   1852.008       3.78959       3.371
   29   815   1832.479       3.78461       2.865
   29   816   1861.947       3.79973       2.735
   29   817   1887.827       3.79170       1.578
   29   818   1844.371       3.78761       2.322
   29   819   1812.158       3.78697       2.617
   29   820   1868.889       3.79468       2.424
   29   821   1856.962       3.79265       2.156
   29   822   1869.111       3.79133       2.616
   29   823   1839.220       3.78291       1.821
   29   824   1876.246       3.79015       2.619
   29   825   1885.489       3.77742       3.783
   29   826   1898.651       3.78993       1.889
   29   827   1873.885       3.78398       2.531
   29   828   1879.201       3.78275       2.495
   29   829   1857.769       3.77096       2.527
   29   830   1851.592       3.79178       1.979
   29   831   1833.124       3.78958       3.178
   29   832   1890.328       3.78695       2.391
   29   833   1823.694       3.78383       2.111
   29   834   1864.552       3.78295       3.134
   29   835   1840.354       3.78711       2.840
   29   836   1894.415       3.78630       2.895
   29   837   1861.317       3.79353       2.384
   29   838   1859.454       3.78167       2.853
   29   839   1846.275       3.78585       3.122
   29   840   1915.078       3.79266       2.296
   29   841   1870.744       3.78821       3.212
   29   842   1882.005       3.79810       1.509
   29   843   1851.139       3.77612       1.823
   29   844   1906.298       3.77964       2.607
   29   845   1856.940       3.77374       2.585
   29   846   1869.710       3.77092       2.532
   29   847   1861.879       3.78053       2.059
   29   848   1891.975       3.77648       3.012
   29   849   1865.177       3.76880       3.290
   29   850   1862.355       3.79035       3.618
   29   851   1857.565       3.78976       3.385
   29   852   1863.210       3.79651       2.931
   29   853   1885.739       3.79236       2.312
   29   854   1825.200       3.81031       1.927
   29   855   1853.818       3.79462       2.092
   29   856   1900.215       3.78529       1.452
   29   857   1897.264       3.78162       1.823
   29   858   1874.281       3.77994       2.507
   29   859   1849.063       3.78943       1.715
   29   860   1834.873       3.79268       2.107
   29   861   1894.544       3.78246       2.923
   29   862   1845.322       3.79419       1.895
   29   863   1915.767       3.78252       3.697
   29   864   1859.546       3.79041       2.204
   29   865   1851.932       3.79035       1.888
   29   866   1866.729       3.79756       1.993
   29   867   1879.049       3.77876       2.617
   29   868   1867.658       3.77688       3.369
   29   869   1843.908       3.77686       2.406
   29   870   1854.287       3.79094       2.322
   29   871   1880.658       3.78381       3.521
   29   872   1845.659       3.80449       1.814
   29   873   1873.814       3.79007       3.087
   29   874   1859.729       3.79393       2.456
   29   875   1875.504       3.79472       2.183
   29   876   1841.861       3.79633       1.992
   29   877   1889.085       3.78423       3.051
   29   878   1850.870       3.78923       1.957
   29   879   1897.991       3.77467       2.278
   29   880   1855.597       3.78388       2.938
   29   881   1884.677       3.76739       3.115
   29   882   1860.341       3.79489       2.748
   29   883   1889.570       3.78216       2.637
   29   884   1854.480       3.79365       1.649
   29   885   1844.029       3.77752       4.119
   29   886   1887.528       3.78642       2.259
   29   887   1861.506       3.77748       2.538
   29   888   1854.163       3.78889       2.365
   29   889   1844.300       3.78302       2.406
   29   890   1875.563       3.78553       2.758
   29   891   1869.814       3.79141       3.345
   29   892   1887.077       3.79231       3.443
   29   893   1887.407       3.77898       2.440
   29   894   1859.270       3.78954       3.548
   29   895   1882.258       3.78440       1.942
   29   896   1877.170       3.79110       2.544
   29   897   1859.886       3.78478       2.617
   29   898   1882.323       3.78607       3.704
   29   899   1843.593       3.79099       2.178
   29   900   1858.556       3.78853       2.963
   29   901   1842.353       3.78923       1.795
   29   902   1860.774       3.80392       3.121
   29   903   1874.885       3.78458       2.763
   29   904   1843.131       3.79058       2.959
   29   905   1866.515       3.78630       2.673
   29   906   1813.842       3.79627       1.114
   29   907   1891.601       3.77547       4.409
   29   908   1864.032       3.78969       2.221
   29   909   1858.957       3.77807       3.712
   29   910   1849.082       3.78526       3.460
   29   911   1873.769       3.77872       3.452
   29   912   1884.087       3.79120       2.283
   29   913   1848.332       3.78601       4.531
   29   914   1881.523       3.79473       1.738
   29   915   1839.198       3.78029       2.125
   29   916   1838.451       3.79231       3.025
   29   917   1874.158       3.77622       2.458
   29   918   1880.934       3.79095       2.076
   29   919   1931.090       3.78274       2.540
   29   920   1857.542       3.79945       2.552
   29   921   1869.728       3.78275       3.435
   29   922   1871.016       3.79470       1.460
   29   923   1836.788       3.78542       1.977
   29   924   1895.631       3.77876       2.199
   29   925   1861.500       3.77547       2.047
   29   926   1845.845       3.79025       2.607
   29   927   1878.654       3.78042       3.210
   29   928   1860.847       3.79387       2.544
   29   929   1873.029       3.79562       2.476
   29   930   1879.138       3.79396       2.995
   29   931   1826.999       3.79588       2.060
   29   932   1862.893       3.79830       2.834
   29   933   1896.754       3.77523       1.952
   29   934   1874.983       3.78219       2.530
   29   935   1891.210       3.77573       3.987
   29   936   1895.682       3.78754       3.536
   29   937   1838.583       3.79079       3.339
   29   938   1857.617       3.78903       3.706
   29   939   1865.187       3.78412       1.582
   29   940   1845.845       3.80459       2.008
   29   941   1891.643       3.78047       2.451
   29   942   1865.357       3.79413       1.637
   29   943   1838.005       3.79261       1.755
   29   944   1868.282       3.78623       2.441
   29   945   1865.253       3.77579       2.770
   29   946   1896.600       3.79166       2.654
   29   947   1885.062       3.77457       3.315
   29   948   1863.813       3.78435       2.882
   29   949   1850.264       3.78299       2.401
   29   950   1854.576       3.79679       2.536
   29   951   1853.069       3.78741       3.150
   29   952   1862.671       3.79577       2.377
   29   953   1855.389       3.78674       3.075
   29   954   1895.660       3.78938       2.810
   29   955   1866.865       3.78636       1.899
   29   956   1869.622       3.79097       3.258
   29   957   1826.771       3.78424       2.286
   29   958   1873.658       3.78886       2.284
   29   959   1878.175       3.77692       3.722
   29   960   1835.617       3.79330       2.175
   29   961   1847.250       3.78527       2.191
   29   962   1855.791       3.79102       3.005
   29   963   1828.044       3.78734       4.440
   29   964   1878.056       3.78381       2.542
   29   965   1837.379       3.78973       1.949
   29   966   1833.240       3.79785       3.205
   29   967   1884.533       3.78283       5.385
   29   968   1871.589       3.79946       2.624
   29   969   1859.334       3.79001       3.258
   29   970   1880.113       3.78207       1.922
   29   971   1893.242       3.77193       3.264
   29   972   1869.381       3.78241       1.760
   29   973   1838.745       3.77697       2.196
   29   974   1876.762       3.78037       3.346
   29   975   1871.376       3.77724       4.306
   29   976   1888.054       3.79065       4.044
   29   977   1892.796       3.78359       3.693
   29   978   1882.320       3.79541       2.043
   29   979   1851.756       3.78172       3.992
   29   980   1878.351       3.78971       3.102
   29   981   1859.211       3.77225       4.536
   29   982   1844.546       3.79745       1.143
   29   983   1912.597       3.78425       2.858
   29   984   1853.790       3.79619       2.624
   29   985   1907.906       3.77833       2.154
   29   986   1832.385       3.79780       2.365
   29   987   1894.363       3.78663       2.957
   29   988   1871.156       3.79144       3.827
   29   989   1845.076       3.78519       3.262
   29   990   1843.668       3.80249       2.615
   29   991   1886.784       3.78438       2.507
   29   992   1861.962       3.78500       2.194
   29   993   1845.257       3.77865       2.802
   29   994   1878.431       3.78491       2.530
   29   995   1885.605       3.78382       2.640
   29   996   1877.113       3.78548       3.895
   29   997   1899.750       3.77537       3.252
   29   998   1843.225       3.78779       3.278
   29   999   1881.808       3.77876       5.338
   29  1000   1868.209       3.79893       2.868
   29  1001   1840.600       3.78675       1.871
   29  1002   1831.826       3.80055       2.333
   29  1003   1831.757       3.78743       1.850
   29  1004   1885.903       3.79856       2.909
   29  1005   1861.918       3.79804       2.176
   29  1006   1849.249       3.80651       1.955
   29  1007   1839.241       3.79470       1.705
   29  1008   1856.021       3.80575       2.462
   29  1009   1907.754       3.78511       1.543
   29  1010   1870.157       3.77931       0.847
   29  1011   1892.279       3.77139       1.788
   29  1012   1889.106       3.78444       2.763
   29  1013   1897.377       3.78491       2.623
   29  1014   1828.342       3.79234       1.513
   29  1015   1858.028       3.77713       3.011
   29  1016   1830.964       3.79912       3.164
   29  1017   1805.892       3.77820       1.548
   29  1018   1823.447       3.78648       2.778
   29  1019   1834.557       3.79116       1.406
   29  1020   1835.709       3.80974       2.403
   29  1021   1868.604       3.78122       2.713
   29  1022   1851.688       3.80799       2.146
   29  1023   1861.041       3.80188       1.790
