   19     0   1947.661       3.81633       4.422
   19     1   1870.133       3.80649       3.186
   19     2   1938.878       3.79743       3.712
   19     3   1888.211       3.79328       3.155
   19     4   1918.742       3.81466       2.794
   19     5   1880.756       3.80974       4.912
   19     6   1931.599       3.81989       3.008
   19     7   1896.692       3.79416       5.333
   19     8   1947.250       3.80495       4.035
   19     9   1888.614       3.79554       6.728
   19    10   1954.573       3.80000       5.913
   19    11   1884.828       3.80641       4.799
   19    12   1934.360       3.80549       5.862
   19    13   1895.560       3.79535       5.039
   19    14   1925.372       3.79893       4.012
   19    15   1871.760       3.80095       4.896
   19    16   1929.288       3.80880       4.481
   19    17   1899.429       3.79162       6.343
   19    18   1925.362       3.80463       3.280
   19    19   1878.602       3.79620       6.526
   19    20   1926.228       3.81014       6.208
   19    21   1898.969       3.80824       5.111
   19    22   1958.798       3.81687       4.590
   19    23   1887.711       3.81480       7.506
   19    24   1946.188       3.81991       4.046
   19    25   1875.860       3.81317       3.566
   19    26   1949.194       3.81737       4.206
   19    27   1891.103       3.81022       1.356
   19    28   1979.150       3.81239       2.394
   19    29   1896.366       3.79987       5.318
   19    30   1951.502       3.80363       3.657
   19    31   1882.201       3.79079       5.679
   19    32   1962.584       3.81282       3.598
   19    33   1881.893       3.80401       6.955
   19    34   1967.538       3.81234       3.351
   19    35   1868.193       3.80347       4.847
   19    36   1960.369       3.80086       4.807
   19    37   1923.039       3.79048       5.764
   19    38   1928.129       3.82439       2.809
   19    39   1879.273       3.80741       5.042
   19    40   1917.001       3.82710       4.107
   19    41   1907.054       3.81551       3.032
   19    42   1948.727       3.79754       4.280
   19    43   1925.849       3.79686       4.645
   19    44   1915.288       3.80328       4.194
   19    45   1937.538       3.78874       1.948
   19    46   1914.109       3.81731       2.128
   19    47   1880.300       3.80899       3.927
   19    48   1920.056       3.80771       4.091
   19    49   1929.341       3.78868       5.189
   19    50   1962.405       3.81192       5.536
   19    51   1901.026       3.80619       5.968
   19    52   1926.720       3.83158       2.905
   19    53   1860.379       3.81345       4.558
   19    54   1918.083       3.81858       3.515
   19    55   1906.110       3.80920       3.441
   19    56   1946.863       3.81628       3.856
   19    57   1841.774       3.81600       2.812
   19    58   1942.914       3.80416       3.051
   19    59   1891.269       3.78815       5.235
   19    60   1954.405       3.80106       3.475
   19    61   1903.877       3.79995       4.190
   19    62   1937.515       3.81674       3.296
   19    63   1901.332       3.79409       3.909
   19    64   1929.294       3.80234       6.125
   19    65   1842.891       3.79730       3.530
   19    66   1943.561       3.80698       4.531
   19    67   1876.327       3.79580       6.249
   19    68   1949.875       3.81230       5.758
   19    69   1876.271       3.81508       7.417
   19    70   1948.738       3.82423       5.110
   19    71   1894.978       3.81720       3.940
   19    72   1963.357       3.81114       4.151
   19    73   1927.483       3.80458       3.113
   19    74   1953.390       3.79192       3.569
   19    75   1859.718       3.80302       4.847
   19    76   1950.638       3.81471       5.178
   19    77   1910.429       3.80163       2.749
   19    78   1909.302       3.80526       5.991
   19    79   1881.540       3.80857       4.725
   19    80   1928.808       3.81555       2.921
   19    81   1883.698       3.80396       4.358
   19    82   1958.271       3.81475       3.966
   19    83   1871.558       3.80783       5.303
   19    84   1954.805       3.81441       5.023
   19    85   1873.664       3.81979       5.052
   19    86   1973.023       3.80360       4.472
   19    87   1881.037       3.80044       4.952
   19    88   1973.470       3.80735       3.731
   19    89   1852.853       3.80876       4.952
   19    90   1937.856       3.81595       4.621
   19    91   1877.440       3.79792       4.446
   19    92   1914.722       3.81920       2.868
   19    93   1866.549       3.80739       4.563
   19    94   1961.766       3.79721       4.481
   19    95   1883.935       3.79440       5.888
   19    96   1907.246       3.81799       3.071
   19    97   1937.296       3.79440       4.341
   19    98   1984.169       3.81008       3.423
   19    99   1868.323       3.79827       5.068
   19   100   1951.603       3.80164       4.419
   19   101   1893.064       3.80733       2.468
   19   102   1921.902       3.81023       3.945
   19   103   1866.315       3.80972       4.306
   19   104   1983.534       3.79909       6.086
   19   105   1921.672       3.78473       5.007
   19   106   1923.890       3.81105       4.615
   19   107   1890.423       3.80382       7.613
   19   108   1973.430       3.81093       6.477
   19   109   1883.494       3.81394       4.347
   19   110   1917.479       3.81566       4.943
   19   111   1891.255       3.81154       3.363
   19   112   1946.442       3.80840       4.615
   19   113   1923.936       3.78836       5.625
   19   114   1924.778       3.81046       4.191
   19   115   1871.330       3.80556       5.522
   19   116   1950.976       3.81095       5.425
   19   117   1869.257       3.80816       5.864
   19   118   1929.918       3.80988       4.981
   19   119   1900.718       3.81140       4.653
   19   120   1939.776       3.82242       4.098
   19   121   1905.830       3.80508       4.096
   19   122   1886.699       3.82030       4.554
   19   123   1923.146       3.79850       4.545
   19   124   1955.858       3.80484       4.463
   19   125   1891.153       3.80942       4.868
   19   126   1910.930       3.80770       2.792
   19   127   1834.195       3.80934       3.368
   19   128   1949.039       3.80219       7.287
   19   129   1878.182       3.80089       4.608
   19   130   1977.673       3.80139       4.822
   19   131   1898.846       3.79445       5.262
   19   132   1953.842       3.81134       7.708
   19   133   1929.104       3.80425       6.323
   19   134   1913.403       3.81689       3.828
   19   135   1898.649       3.80940       4.613
   19   136   1958.417       3.81559       4.161
   19   137   1898.614       3.81950       3.950
   19   138   1961.453       3.81849       5.081
   19   139   1888.388       3.80200       3.032
   19   140   1982.609       3.79753       4.905
   19   141   1903.784       3.79872       3.719
   19   142   1925.931       3.80658       3.488
   19   143   1950.176       3.79296       4.507
   19   144   1976.237       3.79343       5.374
   19   145   1891.836       3.79811       7.071
   19   146   1923.983       3.81876       4.154
   19   147   1912.460       3.79675       5.432
   19   148   1951.211       3.80322       4.059
   19   149   1891.992       3.80143       4.459
   19   150   1974.062       3.81260       3.233
   19   151   1886.669       3.80221       6.010
   19   152   1952.255       3.81481       3.906
   19   153   1950.193       3.79707       3.953
   19   154   1942.518       3.80350       5.473
   19   155   1916.268       3.79123       6.645
   19   156   1948.009       3.80759       4.085
   19   157   1897.709       3.80741       3.699
   19   158   1949.485       3.79762       5.185
   19   159   1863.132       3.80021       5.897
   19   160   1954.500       3.80735       4.247
   19   161   1882.181       3.80180       6.964
   19   162   1959.543       3.80444       4.315
   19   163   1914.681       3.80487       5.490
   19   164   1972.888       3.80280       6.568
   19   165   1886.171       3.80157       5.219
   19   166   1983.429       3.80241       5.095
   19   167   1888.665       3.80580       6.803
   19   168   1928.959       3.81258       4.350
   19   169   1911.176       3.79870       4.611
   19   170   1973.353       3.80220       2.974
   19   171   1872.684       3.80562       5.718
   19   172   1949.334       3.80581       3.843
   19   173   1898.740       3.80070       4.676
   19   174   1913.770       3.81362       4.711
   19   175   1895.843       3.81209       5.259
   19   176   1950.689       3.80676       6.202
   19   177   1892.394       3.80777       4.303
   19   178   1960.520       3.81153       4.040
   19   179   1904.024       3.79579       4.953
   19   180   1938.293       3.80218       4.345
   19   181   1905.621       3.80173       2.946
   19   182   1914.465       3.81264       4.748
   19   183   1858.989       3.80838       6.966
   19   184   1893.365       3.81075       5.722
   19   185   1916.333       3.79239       6.090
   19   186   1964.335       3.81585       2.510
   19   187   1908.352       3.79184       5.173
   19   188   1942.296       3.80835       4.941
   19   189   1877.503       3.80139       4.272
   19   190   1949.711       3.79885       5.470
   19   191   1879.949       3.80141       4.568
   19   192   1937.478       3.80082       5.217
   19   193   1904.240       3.79428       4.711
   19   194   1940.350       3.81164       4.376
   19   195   1927.753       3.79789       5.790
   19   196   1928.780       3.81212       3.500
   19   197   1895.909       3.80122       4.559
   19   198   1944.748       3.81043       3.731
   19   199   1885.211       3.81267       4.679
   19   200   1955.242       3.81364       4.039
   19   201   1931.380       3.80204       3.314
   19   202   1936.927       3.81773       5.638
   19   203   1900.251       3.79622       4.999
   19   204   1942.126       3.80529       5.870
   19   205   1928.591       3.80724       4.106
   19   206   1976.958       3.79905       3.179
   19   207   1907.526       3.80600       6.066
   19   208   1944.160       3.81111       6.552
   19   209   1910.405       3.80572       2.984
   19   210   1967.441       3.80475       3.311
   19   211   1875.752       3.80669       3.954
   19   212   1945.313       3.80451       5.242
   19   213   1901.272       3.79534       4.515
   19   214   1943.109       3.79251       5.251
   19   215   1899.974       3.78092       7.187
   19   216   1957.084       3.81498       3.672
   19   217   1919.960       3.78829       5.765
   19   218   1881.040       3.81200       4.875
   19   219   1867.572       3.80364       4.932
   19   220   1948.759       3.80328       4.509
   19   221   1906.125       3.80362       5.213
   19   222   1981.032       3.80909       4.505
   19   223   1892.206       3.80599       2.818
   19   224   1963.338       3.81049       2.995
   19   225   1883.601       3.80357       5.283
   19   226   1911.449       3.81212       4.930
   19   227   1901.892       3.79875       3.377
   19   228   1942.325       3.81168       4.288
   19   229   1883.322       3.78624       7.669
   19   230   1926.959       3.81924       5.132
   19   231   1939.176       3.80224       5.839
   19   232   1948.270       3.81635       5.472
   19   233   1876.397       3.81574       4.357
   19   234   1923.874       3.81182       2.663
   19   235   1907.403       3.79496       2.986
   19   236   1935.482       3.79758       4.248
   19   237   1913.467       3.78699       4.340
   19   238   1949.131       3.80848       3.669
   19   239   1864.326       3.80634       7.059
   19   240   1909.299       3.80913       6.372
   19   241   1881.882       3.79308       6.678
   19   242   1941.634       3.80819       4.502
   19   243   1871.352       3.80459       6.864
   19   244   1965.701       3.81015       3.605
   19   245   1889.339       3.79733       4.076
   19   246   1979.578       3.80954       3.589
   19   247   1899.792       3.79882       3.499
   19   248   1948.462       3.81535       4.430
   19   249   1920.598       3.79556       3.881
   19   250   1939.240       3.80320       3.188
   19   251   1882.892       3.80906       4.880
   19   252   1930.804       3.80793       5.478
   19   253   1885.941       3.79623       4.479
   19   254   1968.262       3.80698       2.740
   19   255   1905.786       3.79645       5.710
   19   256   1939.549       3.80594       4.431
   19   257   1890.632       3.79628       4.695
   19   258   1922.923       3.81415       4.457
   19   259   1914.570       3.80295       5.932
   19   260   1938.591       3.80756       5.737
   19   261   1874.110       3.80227       5.132
   19   262   1961.471       3.81379       4.328
   19   263   1949.990       3.79796       4.436
   19   264   1977.964       3.79894       5.019
   19   265   1908.854       3.81040       2.389
   19   266   1936.019       3.80654       3.240
   19   267   1876.347       3.78755       6.365
   19   268   1951.311       3.79303       8.180
   19   269   1948.441       3.77666       6.653
   19   270   1948.451       3.80103       5.379
   19   271   1918.409       3.79541       3.890
   19   272   1980.239       3.78904       6.709
   19   273   1877.951       3.80178       7.001
   19   274   1931.069       3.81635       4.961
   19   275   1876.104       3.79659       6.572
   19   276   1950.059       3.81039       2.920
   19   277   1893.121       3.80401       5.639
   19   278   1926.513       3.80852       3.455
   19   279   1887.474       3.78612       6.146
   19   280   1906.404       3.81406       3.453
   19   281   1861.303       3.80045       4.888
   19   282   1934.988       3.81518       3.178
   19   283   1935.770       3.79607       4.960
   19   284   1930.288       3.80972       4.985
   19   285   1918.885       3.80985       2.876
   19   286   1941.635       3.81259       5.012
   19   287   1910.457       3.79811       5.685
   19   288   1949.683       3.80542       3.835
   19   289   1931.105       3.79122       3.617
   19   290   1941.398       3.80592       2.486
   19   291   1877.829       3.79808       6.572
   19   292   1902.282       3.82487       3.502
   19   293   1911.793       3.80594       5.124
   19   294   1973.186       3.81572       5.286
   19   295   1883.640       3.81395       6.269
   19   296   1927.590       3.82106       3.486
   19   297   1921.087       3.80662       2.518
   19   298   1930.591       3.80575       3.433
   19   299   1873.580       3.79364       4.737
   19   300   1966.061       3.79904       4.493
   19   301   1904.792       3.79801       6.789
   19   302   1940.379       3.80226       5.077
   19   303   1902.115       3.79774       3.688
   19   304   1967.989       3.80664       6.082
   19   305   1914.194       3.79777       4.844
   19   306   1973.965       3.80654       3.257
   19   307   1929.818       3.80008       4.857
   19   308   1931.633       3.81742       3.437
   19   309   1884.590       3.80665       3.127
   19   310   1936.584       3.80919       4.608
   19   311   1870.251       3.81086       4.835
   19   312   1938.147       3.80562       3.866
   19   313   1916.319       3.79717       4.996
   19   314   1947.658       3.81632       4.023
   19   315   1918.956       3.79839       5.352
   19   316   1963.190       3.80585       3.904
   19   317   1945.378       3.79011       6.251
   19   318   1978.663       3.81236       2.650
   19   319   1874.801       3.80180       3.779
   19   320   1979.810       3.81300       3.179
   19   321   1892.883       3.79710       4.671
   19   322   1940.888       3.80213       3.714
   19   323   1866.319       3.80320       5.356
   19   324   1932.344       3.81317       3.676
   19   325   1905.313       3.79827       3.727
   19   326   1937.084       3.81944       3.708
   19   327   1883.920       3.80098       7.000
   19   328   1891.069       3.82372       3.983
   19   329   1907.672       3.79652       4.563
   19   330   1942.609       3.81196       4.811
   19   331   1877.926       3.79872       5.376
   19   332   1897.690       3.81598       4.727
   19   333   1904.399       3.78953       5.770
   19   334   1940.253       3.80917       5.481
   19   335   1868.296       3.80653       3.686
   19   336   1927.713       3.81010       6.080
   19   337   1890.447       3.80809       3.717
   19   338   1935.233       3.80599       3.814
   19   339   1907.083       3.79512       5.049
   19   340   1920.413       3.81677       5.849
   19   341   1934.988       3.79587       6.760
   19   342   1960.596       3.80409       5.186
   19   343   1897.696       3.80491       4.666
   19   344   1918.084       3.82244       3.702
   19   345   1880.507       3.80057       5.353
   19   346   1958.799       3.80506       2.885
   19   347   1903.713       3.80028       4.001
   19   348   1940.720       3.81026       4.690
   19   349   1904.248       3.79198       4.214
   19   350   1995.839       3.80921       3.164
   19   351   1924.094       3.79911       5.790
   19   352   1995.192       3.80810       4.623
   19   353   1909.672       3.79681       5.002
   19   354   1954.524       3.80399       5.961
   19   355   1905.726       3.80105       5.864
   19   356   1961.937       3.81435       4.001
   19   357   1871.062       3.79917       5.545
   19   358   1925.076       3.81386       2.656
   19   359   1874.055       3.80498       7.222
   19   360   1959.851       3.80710       5.347
   19   361   1853.694       3.81012       3.556
   19   362   1986.057       3.80076       2.906
   19   363   1941.596       3.78704       4.719
   19   364   1953.046       3.80272       3.130
   19   365   1891.958       3.79372       4.904
   19   366   1975.154       3.80407       5.142
   19   367   1905.541       3.78575       6.078
   19   368   1898.766       3.80784       5.622
   19   369   1894.973       3.79003       6.177
   19   370   1940.212       3.79658       5.095
   19   371   1881.760       3.79522       5.079
   19   372   1930.097       3.80984       5.038
   19   373   1875.194       3.79897       5.243
   19   374   1958.928       3.81406       5.260
   19   375   1875.780       3.80201       5.882
   19   376   1958.574       3.80896       6.527
   19   377   1869.511       3.81772       3.260
   19   378   1915.383       3.82417       4.134
   19   379   1846.028       3.81146       5.351
   19   380   1955.721       3.80835       3.371
   19   381   1843.593       3.81768       3.405
   19   382   1946.266       3.81425       3.009
   19   383   1861.242       3.80698       3.543
   19   384   1953.241       3.80062       4.613
   19   385   1883.467       3.79070       5.871
   19   386   1950.111       3.80386       3.996
   19   387   1854.370       3.80087       5.867
   19   388   1970.955       3.80037       4.220
   19   389   1931.175       3.78989       4.275
   19   390   1963.868       3.79985       5.455
   19   391   1901.002       3.80279       5.021
   19   392   1944.338       3.81408       6.020
   19   393   1914.768       3.78964       5.500
   19   394   1998.219       3.79777       6.080
   19   395   1878.590       3.82621       4.337
   19   396   1915.027       3.82486       4.107
   19   397   1880.616       3.81382       5.322
   19   398   1932.573       3.82020       3.992
   19   399   1871.221       3.80646       4.122
   19   400   1952.624       3.81659       2.485
   19   401   1899.630       3.80336       3.920
   19   402   1940.075       3.80771       3.281
   19   403   1887.009       3.79760       3.725
   19   404   1955.817       3.79987       4.154
   19   405   1870.065       3.78928       7.067
   19   406   1968.739       3.81359       3.731
   19   407   1897.228       3.80776       6.120
   19   408   1933.047       3.81400       6.205
   19   409   1874.198       3.81311       4.525
   19   410   1954.559       3.81146       3.077
   19   411   1875.417       3.80943       4.336
   19   412   1949.817       3.80380       4.762
   19   413   1897.718       3.80924       2.978
   19   414   1944.504       3.81498       3.968
   19   415   1906.060       3.79279       3.601
   19   416   1969.902       3.81066       3.953
   19   417   1878.382       3.79666       4.886
   19   418   1977.593       3.80398       5.128
   19   419   1914.450       3.79961       5.338
   19   420   1894.675       3.82655       4.047
   19   421   1866.650       3.81386       6.278
   19   422   1946.260       3.80880       6.139
   19   423   1861.847       3.81232       6.427
   19   424   1952.108       3.80233       2.769
   19   425   1888.409       3.79491       3.507
   19   426   1941.626       3.81058       2.479
   19   427   1914.984       3.80077       5.767
   19   428   1924.775       3.81926       6.159
   19   429   1881.455       3.79681       6.145
   19   430   1975.715       3.80754       2.802
   19   431   1866.354       3.79468       6.595
   19   432   1950.217       3.80903       3.791
   19   433   1877.956       3.79649       4.814
   19   434   1946.138       3.80203       3.578
   19   435   1863.581       3.80572       3.032
   19   436   1909.026       3.81647       4.902
   19   437   1873.647       3.78815       5.758
   19   438   1957.087       3.80710       2.479
   19   439   1907.918       3.79780       5.128
   19   440   1912.426       3.81377       6.075
   19   441   1902.819       3.79795       6.673
   19   442   1956.822       3.80520       4.890
   19   443   1879.945       3.79879       5.875
   19   444   1941.477       3.81997       3.397
   19   445   1887.502       3.81378       3.225
   19   446   1917.446       3.81232       6.571
   19   447   1900.278       3.80929       2.894
   19   448   1950.902       3.81258       6.414
   19   449   1856.128       3.80273       5.545
   19   450   1945.636       3.80324       4.669
   19   451   1901.642       3.80272       4.564
   19   452   1939.270       3.79976       3.809
   19   453   1890.441       3.79151       3.998
   19   454   1936.499       3.81158       4.295
   19   455   1933.516       3.79514       6.093
   19   456   1927.268       3.80501       4.447
   19   457   1936.415       3.78719       6.122
   19   458   1940.618       3.81284       4.688
   19   459   1893.232       3.79954       5.963
   19   460   1978.747       3.81480       3.738
   19   461   1854.747       3.80667       5.595
   19   462   1950.138       3.82313       3.898
   19   463   1911.170       3.81166       5.584
   19   464   1937.125       3.81557       4.910
   19   465   1912.236       3.79960       3.175
   19   466   1907.072       3.82415       3.728
   19   467   1935.223       3.79325       5.877
   19   468   1959.761       3.80809       3.907
   19   469   1889.794       3.80051       3.540
   19   470   1963.305       3.81037       2.479
   19   471   1876.455       3.80503       5.207
   19   472   1949.800       3.80110       4.823
   19   473   1918.447       3.79836       2.631
   19   474   1933.633       3.80783       2.769
   19   475   1923.558       3.78865       4.812
   19   476   1962.802       3.79777       5.273
   19   477   1851.550       3.80314       3.605
   19   478   1908.545       3.81340       4.974
   19   479   1908.933       3.80309       6.597
   19   480   1951.883       3.81596       5.202
   19   481   1867.953       3.80956       4.138
   19   482   1943.316       3.81533       3.469
   19   483   1906.026       3.79241       4.787
   19   484   1963.111       3.81055       2.984
   19   485   1892.253       3.79676       5.572
   19   486   1948.758       3.81241       3.407
   19   487   1908.257       3.81389       3.993
   19   488   1893.904       3.81659       5.357
   19   489   1895.528       3.80796       4.256
   19   490   1913.966       3.81149       2.780
   19   491   1904.433       3.80678       3.026
   19   492   1941.461       3.80281       4.007
   19   493   1897.692       3.80005       4.353
   19   494   1981.581       3.80419       3.142
   19   495   1903.010       3.80042       7.383
   19   496   1952.445       3.80970       5.884
   19   497   1896.820       3.79563       6.450
   19   498   1893.899       3.76939       2.913
   19   499   1864.271       3.75467       5.711
   19   500   1861.837       3.81296       4.093
   19   501   1834.756       3.80649       3.828
   19   502   1861.881       3.81621       3.388
   19   503   1807.592       3.79903       6.885
   19   504   1927.978       3.83775       2.946
   19   505   1905.605       3.81009       2.999
   19   506   1920.982       3.80758       5.205
   19   507   1913.776       3.80727       2.946
   19   508   1933.562       3.81522       4.413
   19   509   1893.207       3.81318       3.495
   19   510   1922.936       3.81526       3.049
   19   511   1870.988       3.80976       3.734
   19   512   1871.267       3.79917       4.958
   19   513   1883.896       3.80074       3.899
   19   514   1899.420       3.80137       4.331
   19   515   1852.244       3.78859       5.306
   19   516   1901.939       3.78823       5.354
   19   517   1924.155       3.78156       7.816
   19   518   1892.879       3.79597       5.964
   19   519   1852.545       3.79480       7.011
   19   520   1922.633       3.79622       4.088
   19   521   1894.591       3.79609       4.861
   19   522   1872.477       3.80461       4.958
   19   523   1877.618       3.80008       4.356
   19   524   1857.568       3.81439       4.215
   19   525   1903.221       3.80235       2.893
   19   526   1899.271       3.80480       4.018
   19   527   1910.184       3.78805       5.046
   19   528   1882.755       3.79239       3.592
   19   529   1906.303       3.77985       3.861
   19   530   1868.189       3.78673       4.638
   19   531   1896.630       3.77523       5.679
   19   532   1889.112       3.79697       4.414
   19   533   1913.463       3.78635       8.014
   19   534   1921.224       3.80841       7.210
   19   535   1883.020       3.81650       4.091
   19   536   1895.897       3.80838       2.587
   19   537   1896.096       3.80077       3.427
   19   538   1913.678       3.79035       3.730
   19   539   1885.180       3.79581       2.121
   19   540   1869.466       3.79587       4.083
   19   541   1859.836       3.79612       4.618
   19   542   1897.814       3.79818       4.900
   19   543   1889.176       3.78678       4.426
   19   544   1856.048       3.80463       4.030
   19   545   1883.077       3.79488       5.206
   19   546   1878.845       3.80044       4.539
   19   547   1876.288       3.79254       4.971
   19   548   1916.829       3.78730       3.377
   19   549   1868.483       3.80403       3.057
   19   550   1880.599       3.80455       6.005
   19   551   1908.604       3.79613       3.041
   19   552   1926.638       3.80629       3.304
   19   553   1884.555       3.80829       3.703
   19   554   1871.129       3.80457       5.492
   19   555   1856.668       3.80047       3.742
   19   556   1905.374       3.79837       5.353
   19   557   1935.541       3.78471       4.174
   19   558   1915.287       3.79941       3.882
   19   559   1911.322       3.80092       4.648
   19   560   1897.269       3.79545       3.788
   19   561   1847.268       3.79112       4.561
   19   562   1896.466       3.79421       4.019
   19   563   1940.455       3.78188       5.312
   19   564   1924.896       3.79300       4.517
   19   565   1879.785       3.79066       6.354
   19   566   1881.019       3.79721       4.902
   19   567   1868.508       3.79310       4.448
   19   568   1899.135       3.79206       4.071
   19   569   1916.349       3.78357       5.070
   19   570   1876.233       3.80216       3.546
   19   571   1901.923       3.78722       5.590
   19   572   1881.570       3.79210       4.424
   19   573   1867.206       3.78999       6.100
   19   574   1901.507       3.81678       3.378
   19   575   1875.438       3.79877       5.763
   19   576   1919.989       3.80000       4.067
   19   577   1899.277       3.79090       3.517
   19   578   1906.158       3.79276       5.493
   19   579   1894.586       3.79111       5.751
   19   580   1925.747       3.79026       4.762
   19   581   1850.520       3.79182       5.095
   19   582   1836.846       3.79602       3.219
   19   583   1925.980       3.77528       7.882
   19   584   1935.167       3.78849       5.746
   19   585   1872.204       3.79507       5.647
   19   586   1868.110       3.80195       5.459
   19   587   1875.934       3.79011       4.425
   19   588   1852.603       3.80701       5.456
   19   589   1877.201       3.78263       6.276
   19   590   1863.787       3.81556       6.278
   19   591   1907.026       3.80569       4.115
   19   592   1878.626       3.80032       4.640
   19   593   1919.349       3.79082       4.151
   19   594   1880.949       3.78899       4.643
   19   595   1912.143       3.78041       3.840
   19   596   1921.579       3.78262       3.797
   19   597   1896.854       3.78499       5.148
   19   598   1893.701       3.79987       5.102
   19   599   1894.665       3.79027       4.534
   19   600   1892.696       3.80053       5.349
   19   601   1883.429       3.79818       6.379
   19   602   1900.004       3.80742       4.367
   19   603   1900.329       3.79047       4.513
   19   604   1891.424       3.79653       3.284
   19   605   1857.270       3.80290       3.656
   19   606   1908.340       3.79507       5.872
   19   607   1891.885       3.79147       7.204
   19   608   1901.471       3.81330       3.232
   19   609   1894.248       3.79732       3.529
   19   610   1836.065       3.80380       4.983
   19   611   1879.452       3.78896       4.450
   19   612   1930.762       3.78402       4.304
   19   613   1923.072       3.77300       4.646
   19   614   1885.050       3.79733       4.037
   19   615   1863.031       3.78514       5.975
   19   616   1866.470       3.80186       4.604
   19   617   1888.869       3.78405       5.665
   19   618   1901.785       3.80487       5.345
   19   619   1922.137       3.79448       4.583
   19   620   1862.969       3.80706       3.659
   19   621   1907.912       3.80188       5.283
   19   622   1900.794       3.79457       3.401
   19   623   1890.642       3.79428       4.970
   19   624   1862.176       3.79995       5.361
   19   625   1894.165       3.78942       7.018
   19   626   1890.710       3.80671       2.822
   19   627   1865.050       3.79343       4.855
   19   628   1924.782       3.79488       3.324
   19   629   1883.321       3.79141       5.192
   19   630   1873.432       3.79427       4.840
   19   631   1914.944       3.77647       7.468
   19   632   1853.032       3.80158       5.359
   19   633   1894.706       3.79435       7.145
   19   634   1887.282       3.79169       6.293
   19   635   1914.178       3.79055       5.795
   19   636   1853.039       3.81576       4.578
   19   637   1910.206       3.79085       6.068
   19   638   1893.823       3.79592       4.996
   19   639   1862.433       3.80401       4.265
   19   640   1911.335       3.80823       2.394
   19   641   1870.847       3.79380       5.504
   19   642   1880.652       3.79355       5.145
   19   643   1881.596       3.78995       2.958
   19   644   1919.517       3.78387       6.011
   19   645   1875.260       3.78789       6.487
   19   646   1847.123       3.81028       6.268
   19   647   1871.851       3.78399       7.195
   19   648   1930.313       3.80093       2.993
   19   649   1876.491       3.80574       3.712
   19   650   1908.262       3.80032       5.192
   19   651   1886.853       3.78710       6.753
   19   652   1944.355       3.80567       4.677
   19   653   1877.675       3.80619       4.838
   19   654   1884.101       3.80754       4.710
   19   655   1857.604       3.80234       2.137
   19   656   1885.018       3.80044       4.395
   19   657   1861.291       3.79287       4.798
   19   658   1862.891       3.80285       5.212
   19   659   1879.031       3.79550       6.413
   19   660   1896.291       3.79122       4.751
   19   661   1864.776       3.79385       4.969
   19   662   1867.589       3.80904       3.754
   19   663   1893.774       3.79006       3.344
   19   664   1844.116       3.81041       3.056
   19   665   1921.843       3.79325       4.857
   19   666   1826.591       3.80756       4.663
   19   667   1931.855       3.78674       5.903
   19   668   1854.371       3.81840       2.674
   19   669   1877.878       3.80319       3.840
   19   670   1840.239       3.80750       4.253
   19   671   1851.478       3.79700       3.027
   19   672   1892.243       3.79842       2.833
   19   673   1878.852       3.79102       5.572
   19   674   1886.381       3.81247       3.656
   19   675   1868.199       3.80973       3.339
   19   676   1893.813       3.80418       5.258
   19   677   1904.409       3.80179       3.525
   19   678   1874.038       3.80554       4.672
   19   679   1863.499       3.80465       4.574
   19   680   1893.607       3.80118       3.098
   19   681   1841.741       3.79252       3.587
   19   682   1890.639       3.79602       4.311
   19   683   1900.141       3.79002       3.165
   19   684   1911.495       3.79945       2.546
   19   685   1896.044       3.79152       3.735
   19   686   1895.166       3.79449       5.892
   19   687   1899.596       3.79238       2.767
   19   688   1875.410       3.79356       4.596
   19   689   1897.642       3.78493       3.903
   19   690   1874.581       3.79253       5.712
   19   691   1907.116       3.78784       6.063
   19   692   1885.670       3.78820       4.557
   19   693   1888.675       3.79204       4.045
   19   694   1911.754       3.80485       3.402
   19   695   1899.635       3.79866       4.003
   19   696   1884.932       3.79545       4.615
   19   697   1857.548       3.79169       6.053
   19   698   1883.259       3.80066       4.616
   19   699   1857.401       3.80135       2.935
   19   700   1935.525       3.79056       5.161
   19   701   1899.212       3.78911       5.169
   19   702   1856.336       3.79745       4.232
   19   703   1911.684       3.78800       3.651
   19   704   1871.381       3.79906       5.418
   19   705   1883.467       3.78417       4.415
   19   706   1839.560       3.79895       3.633
   19   707   1865.244       3.79720       5.304
   19   708   1883.188       3.79228       5.176
   19   709   1916.364       3.79074       6.328
   19   710   1887.588       3.80120       4.120
   19   711   1861.349       3.78724       4.861
   19   712   1900.003       3.79264       4.944
   19   713   1864.279       3.78899       6.891
   19   714   1882.772       3.79714       6.515
   19   715   1901.314       3.80231       4.632
   19   716   1922.408       3.80206       5.822
   19   717   1862.482       3.79347       6.301
   19   718   1902.881       3.79877       3.548
   19   719   1898.974       3.78278       5.229
   19   720   1863.846       3.81052       2.976
   19   721   1839.762       3.80708       3.200
   19   722   1879.009       3.79805       4.755
   19   723   1892.385       3.80118       4.742
   19   724   1843.632       3.80582       2.700
   19   725   1872.784       3.79550       3.604
   19   726   1899.580       3.80556       2.980
   19   727   1904.530       3.78788       4.473
   19   728   1926.493       3.79335       3.183
   19   729   1872.991       3.79552       5.454
   19   730   1869.634       3.80496       6.729
   19   731   1889.582       3.79116       5.959
   19   732   1872.721       3.79026       3.983
   19   733   1892.184       3.78808       4.861
   19   734   1896.959       3.79865       4.564
   19   735   1866.152       3.80217       3.579
   19   736   1910.370       3.81150       2.713
   19   737   1885.355       3.79464       5.324
   19   738   1906.689       3.80094       4.846
   19   739   1895.984       3.78811       5.730
   19   740   1847.491       3.79912       4.329
   19   741   1868.314       3.80407       2.778
   19   742   1873.989       3.79284       3.337
   19   743   1869.515       3.79418       3.811
   19   744   1906.932       3.78726       4.614
   19   745   1871.148       3.79418       5.000
   19   746   1860.911       3.80707       6.064
   19   747   1877.504       3.79209       4.676
   19   748   1837.117       3.79473       2.663
   19   749   1916.537       3.79120       4.847
   19   750   1878.714       3.78928       7.609
   19   751   1897.028       3.79421       3.671
   19   752   1881.760       3.80470       4.192
   19   753   1874.126       3.79905       7.251
   19   754   1869.154       3.80795       3.864
   19   755   1910.616       3.78374       4.118
   19   756   1887.074       3.80294       3.766
   19   757   1903.582       3.79540       2.483
   19   758   1920.997       3.79401       2.945
   19   759   1866.378       3.78751       4.843
   19   760   1857.951       3.80832       3.633
   19   761   1869.649       3.80042       5.012
   19   762   1873.949       3.79486       7.933
   19   763   1891.626       3.80893       4.434
   19   764   1866.244       3.81399       4.413
   19   765   1879.673       3.80795       5.527
   19   766   1861.741       3.80401       5.860
   19   767   1884.780       3.79853       5.219
   19   768   1868.814       3.79807       3.054
   19   769   1908.719       3.79354       2.577
   19   770   1874.406       3.79210       4.798
   19   771   1877.319       3.78225       4.849
   19   772   1893.979       3.78451       5.997
   19   773   1827.405       3.79763       6.150
   19   774   1876.240       3.79847       5.396
   19   775   1859.840       3.78642       8.169
   19   776   1913.598       3.79187       3.834
   19   777   1835.334       3.78457       4.947
   19   778   1886.259       3.80241       5.246
   19   779   1885.813       3.79100       3.174
   19   780   1906.439       3.79223       4.511
   19   781   1850.237       3.79617       5.317
   19   782   1875.696       3.80218       4.057
   19   783   1894.095       3.79878       3.015
   19   784   1892.493       3.80301       5.248
   19   785   1885.342       3.78330       4.085
   19   786   1912.537       3.79983       2.312
   19   787   1871.763       3.79175       2.576
   19   788   1876.518       3.79143       5.752
   19   789   1867.099       3.78701       3.596
   19   790   1850.915       3.79934       4.673
   19   791   1894.927       3.78739       5.436
   19   792   1891.361       3.80014       4.998
   19   793   1873.719       3.78332       4.562
   19   794   1884.121       3.80862       5.869
   19   795   1866.431       3.80391       3.893
   19   796   1917.859       3.79332       3.727
   19   797   1874.226       3.78950       4.710
   19   798   1836.763       3.80711       4.954
   19   799   1873.980       3.79021       3.024
   19   800   1914.586       3.79926       5.007
   19   801   1878.201       3.80144       5.128
   19   802   1848.347       3.81794       2.561
   19   803   1896.858       3.79646       4.353
   19   804   1867.009       3.78948       5.838
   19   805   1930.593       3.79113       3.237
   19   806   1880.713       3.80204       5.669
   19   807   1862.643       3.79041       4.986
   19   808   1868.572       3.80286       2.988
   19   809   1890.729       3.77622       8.200
   19   810   1879.131       3.79532       6.453
   19   811   1876.291       3.78473       4.368
   19   812   1856.348       3.80524       2.648
   19   813   1891.799       3.78424       3.586
   19   814   1891.421       3.78552       5.458
   19   815   1879.406       3.78892       4.023
   19   816   1901.822       3.80350       4.584
   19   817   1899.668       3.79172       5.295
   19   818   1906.501       3.79478       3.617
   19   819   1852.083       3.80240       3.692
   19   820   1861.823       3.80509       4.077
   19   821   1886.138       3.78634       4.164
   19   822   1902.658       3.79818       3.269
   19   823   1901.668       3.78822       5.900
   19   824   1861.308       3.79667       5.064
   19   825   1906.138       3.78911       5.712
   19   826   1909.089       3.79145       4.273
   19   827   1889.145       3.79799       3.140
   19   828   1868.159       3.80601       2.717
   19   829   1895.247       3.78782       4.304
   19   830   1876.818       3.79164       5.322
   19   831   1906.604       3.79124       5.668
   19   832   1884.987       3.79721       1.854
   19   833   1891.116       3.79213       4.594
   19   834   1913.454       3.79563       3.737
   19   835   1874.238       3.80105       3.291
   19   836   1883.512       3.80642       4.096
   19   837   1915.635       3.79244       5.676
   19   838   1909.091       3.79747       6.009
   19   839   1883.387       3.79422       4.020
   19   840   1866.653       3.79964       3.347
   19   841   1885.452       3.78229       5.021
   19   842   1854.160       3.80131       4.033
   19   843   1876.631       3.77925       6.405
   19   844   1895.270       3.79372       2.860
   19   845   1877.597       3.78394       6.490
   19   846   1910.761       3.79164       6.975
   19   847   1916.338       3.79120       4.120
   19   848   1893.508       3.81006       3.146
   19   849   1879.398       3.78655       4.884
   19   850   1876.164       3.79660       3.270
   19   851   1895.258       3.79644       3.465
   19   852   1849.580       3.80392       3.001
   19   853   1898.297       3.79466       3.743
   19   854   1883.190       3.80057       4.231
   19   855   1917.562       3.78818       5.224
   19   856   1850.436       3.81130       4.269
   19   857   1884.826       3.78837       4.848
   19   858   1841.809       3.80222       4.070
   19   859   1874.173       3.79191       5.190
   19   860   1901.525       3.79588       3.246
   19   861   1881.655       3.79529       3.096
   19   862   1866.378       3.80057       2.890
   19   863   1850.502       3.80159       3.871
   19   864   1867.180       3.80028       3.559
   19   865   1885.464       3.79069       5.696
   19   866   1876.082       3.80136       3.990
   19   867   1860.056       3.79304       5.121
   19   868   1854.833       3.80506       3.577
   19   869   1872.647       3.79447       4.270
   19   870   1918.192       3.79271       6.608
   19   871   1892.633       3.80103       3.768
   19   872   1882.856       3.79902       2.904
   19   873   1909.212       3.77731       4.883
   19   874   1882.138       3.79827       4.292
   19   875   1842.372       3.79425       4.784
   19   876   1859.697       3.80129       5.875
   19   877   1890.686       3.78885       5.066
   19   878   1865.740       3.80866       6.143
   19   879   1854.018       3.80301       3.426
   19   880   1908.091       3.79141       4.353
   19   881   1880.824       3.78785       3.724
   19   882   1903.916       3.79419       4.217
   19   883   1893.869       3.80240       3.874
   19   884   1861.082       3.80836       2.495
   19   885   1907.288       3.78151       5.082
   19   886   1888.862       3.79572       4.750
   19   887   1901.740       3.78269       4.279
   19   888   1865.516       3.80243       4.815
   19   889   1890.680       3.79711       4.404
   19   890   1888.237       3.80213       4.553
   19   891   1889.789       3.79647       3.073
   19   892   1875.104       3.79917       3.277
   19   893   1858.401       3.79117       5.514
   19   894   1857.192       3.80409       3.863
   19   895   1887.112       3.78662       2.789
   19   896   1884.258       3.80656       4.926
   19   897   1892.404       3.79197       4.706
   19   898   1896.959       3.81681       3.318
   19   899   1908.603       3.79286       4.313
   19   900   1892.022       3.80221       4.105
   19   901   1899.600       3.80056       2.591
   19   902   1886.620       3.80305       6.114
   19   903   1867.344       3.79322       5.440
   19   904   1873.832       3.80172       3.186
   19   905   1893.769       3.78944       4.508
   19   906   1875.886       3.79349       5.978
   19   907   1931.360       3.77116       5.242
   19   908   1898.551       3.78423       3.947
   19   909   1909.329       3.77783       5.311
   19   910   1864.275       3.78973       5.057
   19   911   1877.568       3.79324       4.370
   19   912   1861.513       3.79368       5.088
   19   913   1862.734       3.78850       4.662
   19   914   1906.044       3.79633       5.066
   19   915   1870.302       3.79815       4.839
   19   916   1875.336       3.82136       4.436
   19   917   1890.748       3.81187       3.232
   19   918   1868.352       3.81210       4.832
   19   919   1910.490       3.79215       4.394
   19   920   1897.302       3.79709       3.941
   19   921   1813.901       3.79647       3.082
   19   922   1912.989       3.78553       4.540
   19   923   1905.786       3.78375       5.026
   19   924   1909.950       3.78078       4.980
   19   925   1868.889       3.79153       4.207
   19   926   1900.071       3.79358       4.252
   19   927   1882.634       3.78514       5.015
   19   928   1913.574       3.79157       3.961
   19   929   1904.341       3.78618       4.943
   19   930   1902.068       3.79995       6.352
   19   931   1871.720       3.79940       5.240
   19   932   1860.377       3.79995       4.248
   19   933   1870.329       3.78688       3.745
   19   934   1868.261       3.80036       2.897
   19   935   1896.012       3.78037       5.882
   19   936   1910.783       3.79909       3.064
   19   937   1854.993       3.79562       4.795
   19   938   1859.606       3.79751       5.196
   19   939   1908.640       3.79531       3.465
   19   940   1896.316       3.79398       5.407
   19   941   1912.094       3.79493       3.843
   19   942   1856.433       3.81387       3.443
   19   943   1845.490       3.80533       4.609
   19   944   1901.942       3.79227       5.302
   19   945   1887.107       3.79516       4.109
   19   946   1915.189       3.79677       4.062
   19   947   1905.205       3.78424       4.893
   19   948   1917.874       3.79124       4.142
   19   949   1927.072       3.78182       3.066
   19   950   1858.303       3.80408       4.663
   19   951   1899.584       3.78240       4.922
   19   952   1853.741       3.79243       3.639
   19   953   1904.241       3.78285       3.997
   19   954   1904.561       3.79091       5.625
   19   955   1893.333       3.79154       4.932
   19   956   1899.244       3.79800       4.124
   19   957   1870.701       3.79645       4.790
   19   958   1901.016       3.79963       3.234
   19   959   1877.790       3.79564       2.910
   19   960   1928.422       3.79252       3.299
   19   961   1875.713       3.79966       4.306
   19   962   1906.843       3.79518       4.081
   19   963   1845.570       3.80106       3.056
   19   964   1888.973       3.79945       4.526
   19   965   1915.200       3.78321       4.835
   19   966   1871.084       3.80254       5.109
   19   967   1868.878       3.79849       5.121
   19   968   1882.983       3.80220       3.608
   19   969   1854.499       3.80727       4.303
   19   970   1900.059       3.80314       4.439
   19   971   1875.834       3.78318       5.013
   19   972   1910.345       3.79559       2.871
   19   973   1863.851       3.78780       4.149
   19   974   1914.461       3.80266       2.764
   19   975   1884.405       3.78399       5.014
   19   976   1867.748       3.79658       4.835
   19   977   1841.051       3.79021       4.121
   19   978   1878.022       3.78702       5.816
   19   979   1894.375       3.79427       3.656
   19   980   1903.349       3.80085       4.402
   19   981   1884.129       3.80016       4.460
   19   982   1930.987       3.80566       3.717
   19   983   1826.573       3.80700       4.448
   19   984   1885.616       3.80148       5.306
   19   985   1891.136       3.79163       4.436
   19   986   1907.821       3.79844       4.097
   19   987   1923.793       3.78171       4.333
   19   988   1894.373       3.79339       4.876
   19   989   1866.965       3.78825       3.808
   19   990   1897.250       3.79689       3.168
   19   991   1862.012       3.79540       4.894
   19   992   1880.296       3.79767       4.589
   19   993   1869.147       3.80372       3.578
   19   994   1894.547       3.78742       5.679
   19   995   1899.906       3.79602       1.616
   19   996   1864.622       3.80696       2.993
   19   997   1883.260       3.79672       4.918
   19   998   1839.652       3.80695       5.363
   19   999   1910.421       3.79258       3.572
   19  1000   1911.524       3.80570       3.687
   19  1001   1865.739       3.80514       3.156
   19  1002   1899.341       3.79971       5.696
   19  1003   1870.991       3.80843       2.029
   19  1004   1910.826       3.78599       3.026
   19  1005   1886.383       3.79840       3.494
   19  1006   1875.438       3.80780       4.740
   19  1007   1899.687       3.79590       4.687
   19  1008   1903.803       3.81615       3.182
   19  1009   1888.434       3.80052       4.061
   19  1010   1846.078       3.79252       2.262
   19  1011   1886.411       3.78202       3.475
   19  1012   1887.946       3.78871       2.920
   19  1013   1870.027       3.78189       3.465
   19  1014   1878.528       3.78845       3.821
   19  1015   1864.109       3.79878       3.829
   19  1016   1899.772       3.79656       4.757
   19  1017   1867.556       3.77781       4.025
   19  1018   1895.206       3.79845       5.045
   19  1019   1864.330       3.80436       4.054
   19  1020   1877.111       3.82730       3.641
   19  1021   1862.647       3.82150       5.910
   19  1022   1858.450       3.81931       3.829
   19  1023   1894.877       3.81802       4.255
