#-------------------------------------------------------------------------------
# run 179 : quartic boards #1(channel#0) and #2(channel#1)
# Hamamatsu MPPC V = -73.7 and -73.7 V,  charge integration window: 40ns
# ch      peak        sigma       chi2     window
#-------------------------------------------------------------------------------
  0      66.75        3.17        1.000     40.
  1      60.23        2.90        1.000     40.
  2      -1.000      -1.000       0.000     40.
  3      -1.000      -1.000       0.000     40.
  4      -1.000      -1.000       1.000     40.
  5      -1.000      -1.000       0.000     40.
  6      -1.000      -1.000       0.000     40.
  7      -1.000      -1.000       0.000     40.
  8      -1.         -1.          1.000     40.
  9      -1.000      -1.000       0.000     40.
 10      -1.000      -1.000       0.000     40.
 11      -1.000      -1.000       0.000     40.
 12      -1.000      -1.000       0.000     40.
 13      -1.000      -1.000       0.000     40.
 14      -1.000      -1.000       0.000     40.
 15      -1.000      -1.000       0.000     40.
 16      110.8        3.76        1.000     80.
 17      -1.000      -1.000       0.000     40.
 18      -1.000      -1.000       0.000     40.
 19      -1.000      -1.000       0.000     40.
 20       763.2      50.80        1.000    160.
 21       763.9      48.32        1.000    160.
 22      -1.000      -1.000       0.000     40.
 23      -1.000      -1.000       0.000     40.
 24      -1.000      -1.000       0.000     40.
 25      -1.000      -1.000       0.000     40.
 26      -1.000      -1.000       0.000     40.
 27      -1.000      -1.000       0.000     40.
 28      -1.000      -1.000       0.000     40.
 29      -1.000      -1.000       0.000     40.
 30      -1.000      -1.000       0.000     40.
 31      -1.000      -1.000       0.000     40.
#-------------------------------------------------------------------------------
