#-------------------------------------------------------------------------------
# run 63 : 2 quartic boards with 20pf, use channels 0 and 1, the rest -placeholders
# use ORTEC VT120
# Hamamatsu MPPC V = -73.5 V,  charge integration window: 50ns
# ch      peak        sigma       chi2
#-------------------------------------------------------------------------------
  0      45.430       2.353       1.000     50.
  1      96.900       5.015       1.652     50.
  2      -1.000      -1.000       0.000     50.
  3      -1.000      -1.000       0.000     50.
  4      -1.000      -1.000       1.000     50.
  5      -1.000      -1.000       0.000     50.
  6      -1.000      -1.000       0.000     50.
  7      -1.000      -1.000       0.000     50.
  8      -1.000      -1.000       0.000     50.
  9      -1.000      -1.000       0.000     50.
 10      -1.000      -1.000       0.000     50.
 11      -1.000      -1.000       0.000     50.
 12      -1.000      -1.000       0.000     50.
 13      -1.000      -1.000       0.000     50.
 14      -1.000      -1.000       0.000     50.
 15      -1.000      -1.000       0.000     50.
 16      -1.000      -1.000       0.000     50.
 17      -1.000      -1.000       0.000     50.
 18      -1.000      -1.000       0.000     50.
 19      -1.000      -1.000       0.000     50.
 20      -1.000      -1.000       0.000     50.
 21      -1.000      -1.000       0.000     50.
 22      -1.000      -1.000       0.000     50.
 23      -1.000      -1.000       0.000     50.
 24      -1.000      -1.000       0.000     50.
 25      -1.000      -1.000       0.000     50.
 26      -1.000      -1.000       0.000     50.
 27      -1.000      -1.000       0.000     50.
 28      -1.000      -1.000       0.000     50.
 29      -1.000      -1.000       0.000     50.
 30      -1.000      -1.000       0.000     50.
 31      -1.000      -1.000       0.000     50.
#-------------------------------------------------------------------------------
