#-------------------------------------------------------------------------------
# run 37 : all channels, Proteus LYSO matrix
# Hamamatsu MPPC V = -72.0V
# ch      peak        sigma       chi2     pulse width
#-------------------------------------------------------------------------------
  0      18.527       1.139      12.508      40.
  1      18.256       1.108       2.232      40.
  2      17.613       1.054       8.424      40.
  3      18.133       1.004       5.386      40.
  4      18.185       1.145      10.362      40.
  5      17.718       1.054       4.816      40.
  6      18.262       1.204      10.045      40.
  7      17.980       1.110       5.058      40.
  8      18.486       1.036       2.786      40.
  9      18.319       1.188       5.000      40.
 10      18.402       1.148      13.361      40.
 11      18.945       1.193      16.238      40.
 12      18.481       1.080       3.616      40.
 13      19.321       1.157       2.973      40.
 14      18.385       1.143      13.893      40.
 15      18.831       1.225       6.541      40.
 16      19.365       1.178       4.164      40.
 17      18.466       1.102       7.610      40.
 18      18.173       1.093       4.500      40.
 19      18.278       1.069       4.084      40.
 20      18.215       1.175       6.852      40.
 21      17.576       1.083       9.309      40.
 22      16.288       0.949       3.121      40.
 23      17.249       1.018       5.538      40.
 24      18.937       1.045       6.961      40.
 25      17.365       1.011       5.210      40.
 26      17.031       1.018       9.862      40.
 27      16.799       0.957      12.492      40.
 28      18.394       1.090      11.174      40.
 29      16.998       0.948       4.633      40.
 30      16.938       0.986       3.137      40.
 31      17.373       1.021       3.041      40.
#-------------------------------------------------------------------------------
