#-------------------------------------------------------------------------------
# run 188 : 
# Hamamatsu MPPC V = -72.5 and -72.5 V,  charge integration window: 40ns
# ch      peak        sigma       chi2     window
#-------------------------------------------------------------------------------
  0      28.6         1.9         1.000     40.
  1      28.7         2.0         1.000     40.
  2      27.5         2.0         0.000     40.
  3      28.1         1.9         0.000     40.
  4      26.1         2.2         1.000     40.
  5      25.8         1.6         0.000     40.
  6      26.6         1.7         0.000     40.
  7      26.1         2.9         0.000     40.
  8      25.9         1.7         1.000     40.
  9      25.7         1.4         0.000     40.
 10      25.8         1.4         0.000     40.
 11      27.2         2.0         0.000     40.
 12      25.9         1.4         0.000     40.
 13      25.1         2.1         0.000     40.
 14      25.7         1.3         0.000     40.
 15      26.5         1.9         0.000     40.
 16      23.4         2.3         1.000     40.
 17      28.6         1.8         0.000     40.
 18      28.3         2.6         0.000     40.
 19      28.2         2.1         0.000     40.
 20      19.7         1.8         1.000     40.
 21      28.2         1.6         1.000     40.
 22      26.5         1.6         0.000     40.
 23      28.3         2.4         0.000     40.
 24      29.0         2.1         0.000     40.
 25      27.8         1.8         0.000     40.
 26      28.0         1.5         0.000     40.
 27      28.0         5.0         0.000     40.
 28      28.0         5.0        -1.000     40.
 29      27.0         2.1        -1.000     40.
 30      28.3         5.0         0.000     40.
 31      28.0         5.0         0.000     40.
#-------------------------------------------------------------------------------
