#-------------------------------------------------------------------------------
# run 61 : 2 quartic boards with 20pf, use channels 0 and 4, the rest -placeholders
# Hamamatsu MPPC V = -73.5 V,  charge integration window: 80ns
# ch      peak        sigma       chi2
#-------------------------------------------------------------------------------
  0      70.010       3.390       1.652     80.
  1      -1.000      -1.000       0.000     80.
  2      -1.000      -1.000       0.000     80.
  3      -1.000      -1.000       0.000     80.
  4      50.070       1.889       1.000     80.
  5      -1.000      -1.000       0.000     80.
  6      -1.000      -1.000       0.000     80.
  7      -1.000      -1.000       0.000     80.
  8      -1.000      -1.000       0.000     80.
  9      -1.000      -1.000       0.000     80.
 10      -1.000      -1.000       0.000     80.
 11      -1.000      -1.000       0.000     80.
 12      -1.000      -1.000       0.000     80.
 13      -1.000      -1.000       0.000     80.
 14      -1.000      -1.000       0.000     80.
 15      -1.000      -1.000       0.000     80.
 16      -1.000      -1.000       0.000     80.
 17      -1.000      -1.000       0.000     80.
 18      -1.000      -1.000       0.000     80.
 19      -1.000      -1.000       0.000     80.
 20      -1.000      -1.000       0.000     80.
 21      -1.000      -1.000       0.000     80.
 22      -1.000      -1.000       0.000     80.
 23      -1.000      -1.000       0.000     80.
 24      -1.000      -1.000       0.000     80.
 25      -1.000      -1.000       0.000     80.
 26      -1.000      -1.000       0.000     80.
 27      -1.000      -1.000       0.000     80.
 28      -1.000      -1.000       0.000     80.
 29      -1.000      -1.000       0.000     80.
 30      -1.000      -1.000       0.000     80.
 31      -1.000      -1.000       0.000     80.
#-------------------------------------------------------------------------------
