#-------------------------------------------------------------------------------
# run 40 : all channels, Proteus LYSO matrix
# Hamamatsu MPPC V = -72.5V
# ch      peak        sigma       chi2     pulse width
#-------------------------------------------------------------------------------
  0      27.072       1.542      10.748      40.
  1      26.583       1.521       7.320      40.
  2      25.552       1.426       3.534      40.
  3      26.422       1.318       9.186      40.
  4      26.556       1.314       4.605      40.
  5      25.910       1.382      15.039      40.
  6      26.588       1.503       8.844      40.
  7      26.207       1.398       9.204      40.
  8      26.850       1.391      15.061      40.
  9      26.787       1.295       7.991      40.
 10      26.852       1.394       2.400      40.
 11      27.685       1.493      11.181      40.
 12      26.827       1.435       3.942      40.
 13      28.343       1.403       4.705      40.
 14      26.796       1.361      11.803      40.
 15      27.399       1.508       8.259      40.
 16      28.817       1.524      12.251      40.
 17      27.431       1.567       6.195      40.
 18      27.137       1.463       6.784      40.
 19      27.238       1.371       4.284      40.
 20      27.288       1.501      11.886      40.
 21      26.456       1.411       9.465      40.
 22      24.462       1.332       5.835      40.
 23      26.080       1.296       8.331      40.
 24      28.335       1.504      11.987      40.
 25      26.133       1.316       7.226      40.
 26      25.806       1.299      15.795      40.
 27      25.518       1.251       9.702      40.
 28      27.359       1.553       8.259      40.
 29      25.572       1.293       6.345      40.
 30      25.546       1.259       2.471      40.
 31      26.187       1.425      15.137      40.
#-------------------------------------------------------------------------------
