#-------------------------------------------------------------------------------
# pulse width is the charge integration window
# ch      peak        sigma       chi2      pulse width (ns)
#-------------------------------------------------------------------------------
  0       1.000       0.001       1.000     500.    
  1       1.000       0.001       1.000     500.
  2       1.000       0.001       1.000     500.
  3       1.000       0.001       1.000     500.
  4       1.000       0.001       1.000     500.
  5       1.000       0.001       1.000     500.
  6       1.000       0.001       1.000     500.
  7       1.000       0.001       1.000     500.
  8       1.000       0.001       1.000     500.
  9       1.000       0.001       1.000     500.
 10       1.000       0.001       1.000     500.
 11       1.000       0.001       1.000     500.
 12       1.000       0.001       1.000     500.
 13       1.000       0.001       1.000     500.
 14       1.000       0.001       1.000     500.
 15       1.000       0.001       1.000     500.
 16       1.000       0.001       1.000     500.
 17       1.000       0.001       1.000     500.
 18       1.000       0.001       1.000     500.
 19       1.000       0.001       1.000     500.
 20       1.000       0.001       1.000     500.
 21       1.000       0.001       1.000     500.
 22       1.000       0.001       1.000     500.
 23       1.000       0.001       1.000     500.
 24       1.000       0.001       1.000     500.
 25       1.000       0.001       1.000     500.
 26       1.000       0.001       1.000     500.
 27       1.000       0.001       1.000     500.
 28       1.000       0.001       1.000     500.
 29       1.000       0.001       1.000     500.
 30       1.000       0.001       1.000     500.
 31       1.000       0.001       1.000     500.   
#-------------------------------------------------------------------------------