#-------------------------------------------------------------------------------
# run 37 : all channels, Proteus LYSO matrix
# Hamamatsu MPPC V = -72.0V
# ch      peak        sigma       chi2     pulse width
#-------------------------------------------------------------------------------
  0      27.099       1.410       7.535      40.
  1      26.690       1.469      14.818      40.
  2      25.570       1.381       8.640      40.
  3      26.375       1.412      14.842      40.
  4      26.380       1.369      10.194      40.
  5      25.919       1.403      12.868      40.
  6      26.628       1.516      11.800      40.
  7      26.367       1.386       5.510      40.
  8      27.018       1.284       9.022      40.
  9      26.801       1.416      13.902      40.
 10      26.922       1.426       7.547      40.
 11      27.812       1.541      16.185      40.
 12      26.886       1.395      15.352      40.
 13      28.220       1.639      15.936      40.
 14      26.935       1.389      18.049      40.
 15      27.418       1.450      15.296      40.
 16      28.866       1.515       5.981      40.
 17      27.514       1.547       9.490      40.
 18      27.108       1.371       4.916      40.
 19      27.320       1.472       9.376      40.
 20      27.432       1.270       0.898      40.
 21      26.549       1.344      26.265      40.
 22      24.606       1.199       3.956      40.
 23      26.153       1.304       8.497      40.
 24      28.513       1.432       7.383      40.
 25      26.143       1.405       3.637      40.
 26      25.886       1.392       7.089      40.
 27      25.571       1.277      11.734      40.
 28      27.541       1.440       6.511      40.
 29      25.516       1.280       8.323      40.
 30      25.622       1.258       3.049      40.
 31      26.139       1.283      12.871      40.
#-------------------------------------------------------------------------------
