#-------------------------------------------------------------------------------
# run 194 : 
# ch      peak        sigma       chi2     window
#-------------------------------------------------------------------------------
  0      -1.0         1.9         1.000     40.
  1      -1.0         2.0         1.000     40.
  2      -1.0         2.0         0.000     40.
  3      -1.0         1.9         0.000     40.
  4      -1.0         2.2         1.000     40.
  5      -1.0         1.6         0.000     40.
  6      -1.0         1.7         0.000     40.
  7      -1.0         2.9         0.000     40.
  8      -1.0         1.7         1.000     40.
  9      28.3         1.5         0.000     40.
 10      -1.0         1.4         0.000     40.
 11      -1.0         2.0         0.000     40.
 12      -1.0         1.4         0.000     40.
 13      -1.0         2.1         0.000     40.
 14      -1.0         1.3         0.000     40.
 15      -1.0         1.9         0.000     40.
 16      -1.0         2.3         1.000     40.
 17      -1.0         1.8         0.000     40.
 18      -1.0         2.6         0.000     40.
 19      -1.0         2.1         0.000     40.
 20      -1.0         1.8         1.000     40.
 21      17.5         1.4         1.000     40.
 22      -1.0         1.6         0.000     40.
 23      -1.0         2.4         0.000     40.
 24      -1.0         2.1         0.000     40.
 25      -1.0         1.8         0.000     40.
 26      -1.0         1.5         0.000     40.
 27      -1.0         5.0         0.000     40.
 28      -1.0         5.0        -1.000     40.
 29      -1.0         2.1        -1.000     40.
 30      -1.0         5.0         0.000     40.
 31      -1.0         5.0         0.000     40.
#-------------------------------------------------------------------------------
