#-------------------------------------------------------------------------------
# run 35 : all channels, 
# Hamamatsu MPPC V = 
# ch      peak        sigma       chi2     pulse width(ns)
#-------------------------------------------------------------------------------
  0      26.921       1.376       4.705      40.
  1      26.688       1.413      11.622      40.
  2      25.534       1.347       9.953      40.
  3      26.096       1.441      17.283      40.
  4      26.434       1.553      10.563      40.
  5      25.781       1.423       9.537      40.
  6      26.522       1.496      13.173      40.
  7      26.015       1.628      12.088      40.
  8      26.869       1.346      15.050      40.
  9      26.623       1.449      19.571      40.
 10      26.665       1.401       4.947      40.
 11      27.493       1.636      12.843      40.
 12      26.691       1.374      20.050      40.
 13      28.182       1.500      14.268      40.
 14      26.769       1.418       8.951      40.
 15      27.271       1.495       7.274      40.
 16      28.792       1.432       7.544      40.
 17      27.263       1.405      10.398      40.
 18      26.867       1.484       6.665      40.
 19      27.142       1.427      17.336      40.
 20      27.229       1.470       7.118      40.
 21      26.354       1.591      13.116      40.
 22      24.454       1.291       5.525      40.
 23      25.888       1.475      11.048      40.
 24      28.348       1.407       7.319      40.
 25      25.994       1.393      18.939      40.
 26      25.612       1.430       6.937      40.
 27      25.432       1.346       9.259      40.
 28      27.173       1.505      13.312      40.
 29      25.372       1.357      15.864      40.
 30      25.461       1.374      18.979      40.
 31      25.825       1.373       8.728      40.
#-------------------------------------------------------------------------------
