#-------------------------------------------------------------------------------
# run 52 : use channels 7 and 27, the rest -placeholders
# Hamamatsu MPPC V = -72.8V
# ch      peak        sigma       chi2     pulse width
#-------------------------------------------------------------------------------
  0      -1.000      -1.000       0.000      30.
  1      -1.000      -1.000       0.000      30.
  2      -1.000      -1.000       0.000      30.
  3      -1.000      -1.000       0.000      30.
  4      -1.000      -1.000       0.000      30.
  5      -1.000      -1.000       0.000      30.
  6      -1.000      -1.000       0.000      30.
  7      38.797       1.531      16.208      30.
  8      -1.000      -1.000       0.000      30.
  9      -1.000      -1.000       0.000      30.
 10      -1.000      -1.000       0.000      30.
 11      -1.000      -1.000       0.000      30.
 12      -1.000      -1.000       0.000      30.
 13      -1.000      -1.000       0.000      30.
 14      -1.000      -1.000       0.000      30.
 15      -1.000      -1.000       0.000      30.
 16      -1.000      -1.000       0.000      30.
 17      -1.000      -1.000       0.000      30.
 18      -1.000      -1.000       0.000      30.
 19      -1.000      -1.000       0.000      30.
 20      -1.000      -1.000       0.000      30.
 21      -1.000      -1.000       0.000      30.
 22      -1.000      -1.000       0.000      30.
 23      -1.000      -1.000       0.000      30.
 24      -1.000      -1.000       0.000      30.
 25      -1.000      -1.000       0.000      30.
 26      -1.000      -1.000       0.000      30.
 27      36.631       1.604       8.883      30.
 28      -1.000      -1.000       0.000      30.
 29      -1.000      -1.000       0.000      30.
 30      -1.000      -1.000       0.000      30.
 31      -1.000      -1.000       0.000      30.
#-------------------------------------------------------------------------------
