#-------------------------------------------------------------------------------
# ch      peak        sigma       chi2   pulse width (ns)
#-------------------------------------------------------------------------------
  0      26.929       1.385       1.970    35.
  1      26.796       1.413       7.440    35.
  2      26.038       1.522       4.940    35.
  3      25.783       1.410       3.272    35.
  4      26.264       1.492       7.596    35.
  5      26.057       1.495       1.583    35.
  6      26.085       1.497       0.200    35.
  7      26.249       1.574       7.273    35.
  8      26.383       1.574      16.012    35.
  9      26.772       1.407       5.118    35.
 10      26.656       1.414       3.563    35.
 11      27.017       1.598       2.428    35.
 12      27.149       1.622      11.621    35.
 13      27.466       1.703       8.915    35.
 14      27.383       1.701       6.003    35.
 15      26.973       1.509       3.154    35.
 16      27.948       1.752       1.913    35.
 17      27.904       1.742       6.967    35.
 18      27.045       1.496       2.711    35.
 19      26.978       1.486       2.892    35.
 20      27.173       1.495       9.345    35.
 21      26.821       1.593       2.540    35.
 22      25.233       1.888      12.207    35.
 23      25.092       1.618       1.418    35.
 24      26.990       1.981       6.566    35.
 25      26.978       1.915      11.492    35.
 26      25.817       1.399      13.242    35.
 27      25.534       1.377       3.691    35.
 28      26.139       1.720       1.282    35.
 29      26.156       1.729       1.257    35.
 30      25.465       1.324       6.442    35.
 31      25.653       1.360       3.237    35.
#-------------------------------------------------------------------------------
