#-------------------------------------------------------------------------------
# run 36 : all channels
# Hamamatsu MPPC V = -73.0V
# ch      peak        sigma       chi2     pulse width
#-------------------------------------------------------------------------------
  0      29.832       1.584       8.098     40.
  1      28.728       1.755      13.658     40.
  2      28.532       1.590       9.605     40.
  3      30.063       1.708      18.409     40.
  4      30.292       1.705      13.721     40.
  5      29.517       1.597       7.343     40.
  6      29.381       1.699      11.116     40.
  7      29.261       1.693       3.962     40.
  8      30.885       1.718       6.350     40.
  9      30.485       1.665      12.121     40.
 10      30.180       1.689       9.799     40.
 11      31.712       1.909       9.858     40.
 12      30.650       1.506       3.614     40.
 13      31.058       1.692      10.607     40.
 14      30.793       1.576       9.986     40.
 15      31.656       1.572       6.773     40.
 16      33.284       2.496      31.117     40.
 17      31.331       1.842      18.217     40.
 18      30.583       1.708       3.404     40.
 19      31.110       1.608       9.043     40.
 20      31.691       1.992      22.497     40.
 21      29.883       1.596      11.045     40.
 22      28.769       1.594       4.182     40.
 23      29.495       1.734      10.125     40.
 24      31.712       2.024      24.538     40.
 25      30.231       1.558      17.426     40.
 26      30.171       1.752      16.696     40.
 27      29.903       1.486      15.496     40.
 28      32.115       1.471       8.340     40.
 29      30.054       1.567       7.224     40.
 30      30.053       1.416      13.896     40.
 31      30.494       1.618      14.650     40.
#-------------------------------------------------------------------------------
