#-------------------------------------------------------------------------------
# run 66 : 2 quartic boards with 20pf, use channels 0 and 4, the rest -placeholders
# ORTEC VT120
# Hamamatsu MPPC V = -73.0 V,  charge integration window: 40ns
# ch      peak        sigma       chi2
#-------------------------------------------------------------------------------
  0      78.780       3.736       1.000     40.
  1      78.020       3.469       1.652     40.
  2      -1.000      -1.000       0.000     40.
  3      -1.000      -1.000       0.000     40.
  4      -1.000      -1.000       1.000     40.
  5      -1.000      -1.000       0.000     40.
  6      -1.000      -1.000       0.000     40.
  7      -1.000      -1.000       0.000     40.
  8      -1.000      -1.000       0.000     40.
  9      -1.000      -1.000       0.000     40.
 10      -1.000      -1.000       0.000     40.
 11      -1.000      -1.000       0.000     40.
 12      -1.000      -1.000       0.000     40.
 13      -1.000      -1.000       0.000     40.
 14      -1.000      -1.000       0.000     40.
 15      -1.000      -1.000       0.000     40.
 16      -1.000      -1.000       0.000     40.
 17      -1.000      -1.000       0.000     40.
 18      -1.000      -1.000       0.000     40.
 19      -1.000      -1.000       0.000     40.
 20      -1.000      -1.000       0.000     40.
 21      -1.000      -1.000       0.000     40.
 22      -1.000      -1.000       0.000     40.
 23      -1.000      -1.000       0.000     40.
 24      -1.000      -1.000       0.000     40.
 25      -1.000      -1.000       0.000     40.
 26      -1.000      -1.000       0.000     40.
 27      -1.000      -1.000       0.000     40.
 28      -1.000      -1.000       0.000     40.
 29      -1.000      -1.000       0.000     40.
 30      -1.000      -1.000       0.000     40.
 31      -1.000      -1.000       0.000     40.
#-------------------------------------------------------------------------------
