#-------------------------------------------------------------------------------
# run 37 : all channels, Proteus LYSO matrix
# Hamamatsu MPPC V = -72.0V
# ch      peak        sigma       chi2     pulse width
#-------------------------------------------------------------------------------
  0      11.619       0.804       3.972      40.
  1      11.353       0.810      21.673      40.
  2      11.059       0.733       0.382      40.
  3      11.429       0.789       8.063      40.
  4      11.276       0.858       6.467      40.
  5      11.136       0.732      20.959      40.
  6      11.387       0.812      17.609      40.
  7      11.233       0.799      16.344      40.
  8      11.663       0.807      12.789      40.
  9      11.561       0.752       7.660      40.
 10      11.559       0.754       4.706      40.
 11      11.850       0.813       6.961      40.
 12      11.600       0.713       3.841      40.
 13      12.033       0.790       2.843      40.
 14      11.487       0.726       1.262      40.
 15      11.775       0.829       5.908      40.
 16      12.105       0.741      10.153      40.
 17      11.491       0.759       2.788      40.
 18      11.263       0.759      15.823      40.
 19      11.400       0.715       1.071      40.
 20      11.322       0.738       2.114      40.
 21      10.896       0.740       5.823      40.
 22      10.137       0.643       9.722      40.
 23      10.561       0.759       2.181      40.
 24      11.682       0.713       4.637      40.
 25      10.805       0.734       2.696      40.
 26      10.505       0.661      11.313      40.
 27      10.388       0.637       1.792      40.
 28      11.426       0.700       2.915      40.
 29      10.534       0.659      17.577      40.
 30      10.515       0.605       1.067      40.
 31      10.652       0.721       0.344      40.
#-------------------------------------------------------------------------------
