#-------------------------------------------------------------------------------
# run 193 : 
# root [17] pet32_calib("hist/srcs01.000193.drs_pet2.hist",1)
# Hamamatsu MPPC V = -72.5 and -72.5 V,  charge integration window: 40ns
# ch      peak        sigma       chi2     window
#-------------------------------------------------------------------------------
  0      27.7862     1.5421     7.9555     40.
  1      27.2439     1.4978    10.0179     40.
  2      26.0730     1.4839    10.0237     40.
  3      26.6143     1.5982     5.0472     40.
  4      26.6702     1.6586     2.0459     40.
  5      25.9669     1.6146    15.2832     40.
  6      25.7273     1.5613     8.1176     40.
  7      26.1377     1.5739     3.5285     40.
  8      25.9813     1.4701    11.7731     40.
  9      25.4573     1.4631    23.6338     40.
 10      25.5220     1.5318    12.8056     40.
 11      26.6850     1.6997     9.6584     40.
 12      26.2840     1.4338    19.2820     40.
 13      27.3641     1.5264     2.6642     40.
 14      25.5923     1.5702     8.1353     40.
 15      27.0908     1.3979    18.8042     40.
 16      30.2584     1.5819     5.2896     40.
 17      29.5333     1.5844    16.6768     40.
 18      29.9439     1.4653    12.4192     40.
 19      30.6270     1.4308     8.6931     40.
 20      29.5741     1.5833    12.5793     40.
 21      28.6555     1.5818     6.7827     40.
 22      20.2562     1.4506     9.9210     40.
 23      24.1053     1.6027    10.2439     40.
 24      30.0486     1.5087     8.3863     40.
 25      29.6800     1.5147     8.4451     40.
 26      20.0213     1.4512     8.9622     40.
 27      29.1759     1.4692     8.9358     40.
 28      29.5433     1.4738     5.6244     40.
 29      26.4591     1.4902    10.2953     40.
 30      28.2882     1.6002     7.4380     40.
 31      16.4493     5.3018     2.6857     40.
#------------------------------------------------------------------------------
