#------------------------------------------------------------------------------
#  2012-04-04 P.Murat pedestals, 
#             clearly see channels used to trigger on (13 and 21), 
#             fix them by hand
#
#
# ch#    ped(mV)   width(mV)    -4.01 -6.15
#------------------------------------------------------------------------------
    0     -3.8      0.6
    1      0.9	    1.0
    2     -6.0	    0.9
    3      1.2	    1.0
    4      1.3 	    1.0
    5      1.5	    1.0
    6      1.4	    1.0
    7      1.1	    1.0
    8      2.0	    1.0
    9      1.9	    1.0
   10      2.2	    1.0
   11      2.0	    1.0
   12      1.9	    1.0
   13      5.8 	    1.0
   14      2.0	    1.0
   15      2.0	    1.0
   16      1.1	    1.0
   17      0.8	    1.0
   18      1.0	    1.0
   19      1.0	    1.0
   20      1.3	    1.0
   21      5.2	    1.0
   22      1.0	    1.0
   23      1.1	    1.0
   24      1.8	    1.0
   25      1.5	    1.0
   26      1.9	    1.0
   27      2.0	    1.0
   28      1.8	    1.0
   29      1.9	    1.0
   30      2.2	    1.0
   31      1.9      1.0      
#------------------------------------------------------------------------------
