#------------------------------------------------------------------------------
#  2012-05-09 P.Murat pedestals, run 63 with ORTEC VT120
#               two channel: #0 (quartic board #1) and #1 (quartic board #2)
#
# ch#  used   module   IX     IY
#------------------------------------------------------------------------------
    0   1        0      3      3
#    1   1        0      3      2
    1   1        1      3      3
    2   0        0      3      1
    3   0        0      3      0
    4   0        0      2      3
    5   0        0      2      2
    6   0        0      2      1
    7   0        0      2      0
    8   0        0      1      3
    9   0        0      1      2
   10   0        0      1      1
   11   0        0      1      0
   12   0        0      0      3
   13   0        0      0      2
   14   0        0      0      1
   15   0        0      0      0
#   16   0        1      3      3
   16   0        0      3      2
   17   0        1      3      2
   18   0        1      3      1
   19   0        1      3      0
   20   0        1      2      3
   21   0        1      2      2
   22   0        1      2      1
   23   0        1      2      0
   24   0        1      1      3
   25   0        1      1      2
   26   0        1      1      1
   27   0        1      1      0
   28   0        1      0      3
   29   0        1      0      2
   30   0        1      0      1
   31   0        1      0      0
#------------------------------------------------------------------------------
