#------------------------------------------------------------------------------
#  2012-05-09 P.Murat pedestals, 
#               two channel: #7 and #0
# #0 reading what normally would be #27
#
#
# ch#  used   module   IX     IY
#------------------------------------------------------------------------------
    0   1        0      3      3
    1   1        0      3      2
    2   1        0      3      1
    3   1        0      3      0
    4   1        0      2      3
    5   1        0      2      2
    6   1        0      2      1
    7   1        0      2      0
    8   1        0      1      3
    9   1        0      1      2
   10   1        0      1      1
   11   1        0      1      0
   12   1        0      0      3
   13   1        0      0      2
   14   1        0      0      1
   15   1        0      0      0
   16   1        1      3      3
   17   1        1      3      2
   18   1        1      3      1
   19   1        1      3      0
   20   1        1      2      3
   21   1        1      2      2
   22   1        1      2      1
   23   1        1      2      0
   24   1        1      1      3
   25   1        1      1      2
   26   1        1      1      1
   27   1        1      1      0
   28   1        1      0      3
   29   1        1      0      2
   30   1        1      0      1
   31   1        1      0      0
#------------------------------------------------------------------------------
